3.497300000000000075e+00 1.100000000000000000e+02
4.026799999999999713e+00 4.500000000000000000e+02
2.271900000000000119e+01 1.100000000000000000e+02
2.449099999999999966e+01 2.500000000000000000e+02
2.486599999999999966e+01 1.600000000000000000e+02
2.486599999999999966e+01 1.600000000000000000e+02
2.487399999999999878e+01 1.600000000000000000e+02
2.891400000000000148e+01 2.000000000000000000e+02
2.892299999999999827e+01 2.500000000000000000e+02
2.892299999999999827e+01 2.500000000000000000e+02
3.124200000000000088e+01 5.700000000000000000e+02
3.124599999999999866e+01 5.000000000000000000e+02
3.716899999999999693e+01 2.500000000000000000e+02
3.717499999999999716e+01 2.500000000000000000e+02
3.717799999999999727e+01 1.500000000000000000e+02
3.840299999999999869e+01 6.500000000000000000e+02
3.841799999999999926e+01 7.000000000000000000e+02
3.862030000000000030e+01 5.000000000000000000e+02
4.195199999999999818e+01 4.000000000000000000e+02
4.197099999999999653e+01 5.000000000000000000e+02
4.507339999999999947e+01 2.000000000000000000e+02
4.594599999999999795e+01 4.000000000000000000e+02
4.595199999999999818e+01 5.000000000000000000e+02
4.595199999999999818e+01 5.000000000000000000e+02
4.596300000000000097e+01 5.700000000000000000e+02
5.115220000000000056e+01 2.500000000000000000e+02
5.352879999999999683e+01 2.500000000000000000e+02
5.380799999999999983e+01 3.000000000000000000e+02
5.381490000000000151e+01 3.500000000000000000e+02
5.383120000000000260e+01 4.000000000000000000e+02
5.742810000000000059e+01 3.500000000000000000e+02
5.950220000000000198e+01 9.000000000000000000e+00
5.950220000000000198e+01 9.000000000000000000e+00
6.870529999999999404e+01 3.000000000000000000e+01
6.873449999999999704e+01 5.000000000000000000e+01
7.506799999999999784e+01 1.000000000000000000e+00
7.512399999999999523e+01 1.000000000000000000e+00
7.514199999999999591e+01 1.000000000000000000e+00
7.519899999999999807e+01 1.000000000000000000e+00
7.521299999999999386e+01 1.000000000000000000e+00
7.529300000000000637e+01 1.000000000000000000e+00
7.530800000000000693e+01 1.000000000000000000e+00
7.542100000000000648e+01 2.000000000000000000e+00
7.543899999999999295e+01 1.000000000000000000e+00
7.559600000000000364e+01 3.000000000000000000e+00
7.561700000000000443e+01 2.000000000000000000e+00
7.563100000000000023e+01 1.000000000000000000e+00
7.585099999999999909e+01 4.000000000000000000e+00
7.586400000000000432e+01 3.000000000000000000e+00
7.587600000000000477e+01 2.000000000000000000e+00
7.623499999999999943e+01 4.000000000000000000e+00
7.625199999999999534e+01 3.000000000000000000e+00
7.626900000000000546e+01 3.000000000000000000e+00
7.685699999999999932e+01 4.000000000000000000e+00
7.689300000000000068e+01 4.000000000000000000e+00
7.690800000000000125e+01 5.000000000000000000e+00
7.796800000000000352e+01 8.000000000000000000e+00
7.799299999999999500e+01 7.000000000000000000e+00
7.801300000000000523e+01 7.000000000000000000e+00
7.802400000000000091e+01 7.000000000000000000e+00
7.804000000000000625e+01 9.000000000000000000e+00
8.027100000000000080e+01 8.000000000000000000e+00
8.028100000000000591e+01 1.000000000000000000e+01
8.029999999999999716e+01 1.400000000000000000e+01
8.031499999999999773e+01 6.000000000000000000e+00
8.032399999999999807e+01 6.000000000000000000e+00
8.033700000000000330e+01 6.000000000000000000e+00
8.580920000000000414e+01 1.000000000000000000e+01
8.585590000000000543e+01 2.000000000000000000e+01
8.693000000000000682e+01 4.700000000000000000e+01
8.693000000000000682e+01 4.700000000000000000e+01
8.693000000000000682e+01 4.700000000000000000e+01
8.693000000000000682e+01 4.700000000000000000e+01
8.693000000000000682e+01 4.700000000000000000e+01
8.693000000000000682e+01 4.700000000000000000e+01
9.036239999999999384e+01 3.000000000000000000e+01
9.039619999999999322e+01 6.000000000000000000e+01
9.041419999999999391e+01 1.500000000000000000e+02
9.044799999999999329e+01 3.000000000000000000e+01
9.451874599999999305e+01 7.800000000000000000e+03
9.453341799999999751e+01 1.700000000000000000e+04
9.455754600000000210e+01 1.800000000000000000e+04
9.770300000000000296e+01 8.000000000000000000e+02
1.009860000000000042e+02 9.000000000000000000e+00
1.010079999999999956e+02 1.000000000000000000e+01
1.010370000000000061e+02 1.000000000000000000e+01
1.036337000000000046e+02 8.000000000000000000e+01
1.037018000000000058e+02 1.500000000000000000e+02
1.103419999999999987e+02 4.600000000000000000e+04
1.103599999999999994e+02 1.700000000000000000e+05
1.103859999999999957e+02 1.900000000000000000e+05
1.103859999999999957e+02 1.900000000000000000e+05
1.104159999999999968e+02 2.200000000000000000e+05
1.104159999999999968e+02 2.200000000000000000e+05
1.104219999999999970e+02 9.500000000000000000e+03
1.104219999999999970e+02 9.500000000000000000e+03
1.104549999999999983e+02 1.800000000000000000e+05
1.104590000000000032e+02 9.500000000000000000e+03
1.104590000000000032e+02 9.500000000000000000e+03
1.104590000000000032e+02 2.300000000000000000e+05
1.104959999999999951e+02 1.500000000000000000e+05
1.104959999999999951e+02 1.900000000000000000e+05
1.104975000000000023e+02 3.800000000000000000e+04
1.104975000000000023e+02 3.800000000000000000e+04
1.105139999999999958e+02 1.100000000000000000e+05
1.105465999999999980e+02 5.800000000000000000e+04
1.105465999999999980e+02 5.800000000000000000e+04
1.105469999999999970e+02 1.900000000000000000e+05
1.105469999999999970e+02 1.900000000000000000e+05
1.105750000000000028e+02 1.400000000000000000e+05
1.106069999999999993e+02 1.900000000000000000e+05
1.106076999999999941e+02 1.200000000000000000e+05
1.106076999999999941e+02 1.200000000000000000e+05
1.106290000000000049e+02 1.600000000000000000e+05
1.106290000000000049e+02 1.600000000000000000e+05
1.106445999999999970e+02 4.900000000000000000e+04
1.106445999999999970e+02 4.900000000000000000e+04
1.106445999999999970e+02 4.900000000000000000e+04
1.106500000000000057e+02 2.200000000000000000e+05
1.106516000000000020e+02 8.800000000000000000e+04
1.106516000000000020e+02 8.800000000000000000e+04
1.106800000000000068e+02 3.000000000000000000e+05
1.106801999999999992e+02 1.300000000000000000e+05
1.106801999999999992e+02 1.300000000000000000e+05
1.107252000000000010e+02 5.900000000000000000e+04
1.107252000000000010e+02 5.900000000000000000e+04
1.107319999999999993e+02 9.900000000000000000e+04
1.107319999999999993e+02 9.900000000000000000e+04
1.107319999999999993e+02 9.900000000000000000e+04
1.107339999999999947e+02 2.700000000000000000e+05
1.107633000000000010e+02 1.000000000000000000e+05
1.107633000000000010e+02 1.000000000000000000e+05
1.107680000000000007e+02 4.100000000000000000e+05
1.107699999999999960e+02 2.500000000000000000e+05
1.107730999999999995e+02 2.000000000000000000e+05
1.107730999999999995e+02 2.000000000000000000e+05
1.107941000000000003e+02 4.800000000000000000e+04
1.108100000000000023e+02 3.300000000000000000e+05
1.108169999999999931e+02 6.000000000000000000e+04
1.108169999999999931e+02 6.000000000000000000e+04
1.108400000000000034e+02 4.800000000000000000e+05
1.108439999999999941e+02 4.000000000000000000e+05
1.108482999999999947e+02 1.500000000000000000e+05
1.108482999999999947e+02 1.500000000000000000e+05
1.108482999999999947e+02 1.500000000000000000e+05
1.108482999999999947e+02 1.500000000000000000e+05
1.108482999999999947e+02 1.500000000000000000e+05
1.108799999999999955e+02 2.600000000000000000e+05
1.108828000000000031e+02 2.000000000000000000e+05
1.108828000000000031e+02 2.000000000000000000e+05
1.109043000000000063e+02 1.300000000000000000e+05
1.109240000000000066e+02 1.300000000000000000e+05
1.109261999999999944e+02 1.400000000000000000e+05
1.109261999999999944e+02 1.400000000000000000e+05
1.109638999999999953e+02 1.700000000000000000e+05
1.109638999999999953e+02 1.700000000000000000e+05
1.109638999999999953e+02 1.700000000000000000e+05
1.109839999999999947e+02 5.700000000000000000e+05
1.109857999999999976e+02 9.300000000000000000e+04
1.109857999999999976e+02 9.300000000000000000e+04
1.109857999999999976e+02 9.300000000000000000e+04
1.110169999999999959e+02 3.000000000000000000e+05
1.110181999999999931e+02 3.000000000000000000e+05
1.110181999999999931e+02 3.000000000000000000e+05
1.110190000000000055e+02 3.000000000000000000e+05
1.110190000000000055e+02 3.000000000000000000e+05
1.110228000000000037e+02 3.100000000000000000e+05
1.110228000000000037e+02 3.100000000000000000e+05
1.110409999999999968e+02 7.200000000000000000e+04
1.110677000000000021e+02 2.100000000000000000e+05
1.110677000000000021e+02 2.100000000000000000e+05
1.111012000000000057e+02 1.500000000000000000e+05
1.111012000000000057e+02 1.500000000000000000e+05
1.111409000000000020e+02 1.000000000000000000e+05
1.111419999999999959e+02 1.200000000000000000e+05
1.111599999999999966e+02 2.200000000000000000e+05
1.111611999999999938e+02 2.000000000000000000e+05
1.111611999999999938e+02 2.000000000000000000e+05
1.111611999999999938e+02 2.000000000000000000e+05
1.111727000000000061e+02 4.200000000000000000e+04
1.111899999999999977e+02 3.200000000000000000e+05
1.111899999999999977e+02 3.200000000000000000e+05
1.111959999999999980e+02 3.900000000000000000e+05
1.111989999999999981e+02 3.900000000000000000e+05
1.112019999999999982e+02 3.200000000000000000e+05
1.112019999999999982e+02 3.200000000000000000e+05
1.112019999999999982e+02 3.200000000000000000e+05
1.112265000000000015e+02 1.400000000000000000e+05
1.112469999999999999e+02 2.200000000000000000e+05
1.112484000000000037e+02 1.600000000000000000e+05
1.112484000000000037e+02 1.600000000000000000e+05
1.112800000000000011e+02 1.400000000000000000e+05
1.112824999999999989e+02 1.400000000000000000e+05
1.112824999999999989e+02 1.400000000000000000e+05
1.112938999999999936e+02 1.100000000000000000e+05
1.113806000000000012e+02 1.200000000000000000e+05
1.113806000000000012e+02 1.200000000000000000e+05
1.113966999999999956e+02 3.000000000000000000e+05
1.113966999999999956e+02 3.000000000000000000e+05
1.113966999999999956e+02 3.000000000000000000e+05
1.114000000000000057e+02 2.600000000000000000e+05
1.114129999999999967e+02 6.600000000000000000e+04
1.114338000000000051e+02 3.400000000000000000e+05
1.114338000000000051e+02 3.400000000000000000e+05
1.114338000000000051e+02 3.400000000000000000e+05
1.114389999999999930e+02 4.800000000000000000e+05
1.114458000000000055e+02 3.200000000000000000e+05
1.114458000000000055e+02 3.200000000000000000e+05
1.114630999999999972e+02 2.100000000000000000e+05
1.114830000000000041e+02 2.200000000000000000e+05
1.114882000000000062e+02 2.800000000000000000e+05
1.114882000000000062e+02 2.800000000000000000e+05
1.115169999999999959e+02 2.000000000000000000e+05
1.115230999999999995e+02 2.000000000000000000e+05
1.115230999999999995e+02 2.000000000000000000e+05
1.115392999999999972e+02 4.600000000000000000e+04
1.116985999999999990e+02 9.700000000000000000e+04
1.116985999999999990e+02 9.700000000000000000e+04
1.117158000000000015e+02 3.300000000000000000e+05
1.117158000000000015e+02 3.300000000000000000e+05
1.117199999999999989e+02 3.500000000000000000e+05
1.117199999999999989e+02 3.500000000000000000e+05
1.117346000000000004e+02 1.100000000000000000e+05
1.117346000000000004e+02 1.100000000000000000e+05
1.117523999999999944e+02 3.000000000000000000e+05
1.117596999999999952e+02 2.500000000000000000e+05
1.117596999999999952e+02 2.500000000000000000e+05
1.117700999999999993e+02 2.700000000000000000e+05
1.117700999999999993e+02 2.700000000000000000e+05
1.117874000000000052e+02 2.400000000000000000e+05
1.118070000000000022e+02 3.300000000000000000e+05
1.118165999999999940e+02 3.300000000000000000e+05
1.118165999999999940e+02 3.300000000000000000e+05
1.118409999999999940e+02 2.000000000000000000e+05
1.118499999999999943e+02 2.000000000000000000e+05
1.118499999999999943e+02 2.000000000000000000e+05
1.118735000000000070e+02 1.100000000000000000e+05
1.121487000000000052e+02 2.500000000000000000e+05
1.121487000000000052e+02 2.500000000000000000e+05
1.121670000000000016e+02 3.500000000000000000e+05
1.121670000000000016e+02 3.500000000000000000e+05
1.121700000000000017e+02 0.000000000000000000e+00
1.121700000000000017e+02 0.000000000000000000e+00
1.121931000000000012e+02 2.500000000000000000e+05
1.122014999999999958e+02 2.500000000000000000e+05
1.122014999999999958e+02 2.500000000000000000e+05
1.122092999999999989e+02 3.100000000000000000e+05
1.122266000000000048e+02 2.300000000000000000e+05
1.122266000000000048e+02 2.300000000000000000e+05
1.122339000000000055e+02 4.300000000000000000e+05
1.122343999999999937e+02 0.000000000000000000e+00
1.122442999999999955e+02 2.300000000000000000e+05
1.122506000000000057e+02 1.400000000000000000e+05
1.122651999999999930e+02 1.900000000000000000e+05
1.122776999999999958e+02 2.800000000000000000e+05
1.122776999999999958e+02 2.800000000000000000e+05
1.122776999999999958e+02 2.800000000000000000e+05
1.122990000000000066e+02 2.800000000000000000e+05
1.123101000000000056e+02 2.800000000000000000e+05
1.123101000000000056e+02 2.800000000000000000e+05
1.123101000000000056e+02 2.800000000000000000e+05
1.123466999999999985e+02 7.900000000000000000e+04
1.128067000000000064e+02 2.700000000000000000e+05
1.128260999999999967e+02 3.300000000000000000e+05
1.128260999999999967e+02 3.300000000000000000e+05
1.128375999999999948e+02 1.800000000000000000e+05
1.128375999999999948e+02 1.800000000000000000e+05
1.128500999999999976e+02 4.200000000000000000e+04
1.128599999999999994e+02 0.000000000000000000e+00
1.128688999999999965e+02 1.600000000000000000e+05
1.128726999999999947e+02 4.700000000000000000e+05
1.128726999999999947e+02 4.700000000000000000e+05
1.128824000000000041e+02 2.400000000000000000e+05
1.128902999999999963e+02 1.800000000000000000e+05
1.129030000000000058e+02 4.500000000000000000e+05
1.129080000000000013e+02 4.500000000000000000e+05
1.129137999999999948e+02 6.200000000000000000e+05
1.129180000000000064e+02 2.500000000000000000e+05
1.129180000000000064e+02 2.500000000000000000e+05
1.129309999999999974e+02 2.200000000000000000e+05
1.129403999999999968e+02 2.100000000000000000e+05
1.129403999999999968e+02 2.100000000000000000e+05
1.129598000000000013e+02 3.300000000000000000e+05
1.129598000000000013e+02 3.300000000000000000e+05
1.129906000000000006e+02 3.300000000000000000e+05
1.129906000000000006e+02 3.300000000000000000e+05
1.130161999999999978e+02 9.000000000000000000e+04
1.130506000000000029e+02 6.000000000000000000e+04
1.138382000000000005e+02 2.100000000000000000e+05
1.138580000000000041e+02 4.800000000000000000e+05
1.138580000000000041e+02 4.800000000000000000e+05
1.138768000000000029e+02 2.200000000000000000e+05
1.138768000000000029e+02 2.200000000000000000e+05
1.138945999999999970e+02 1.700000000000000000e+05
1.139086000000000070e+02 0.000000000000000000e+00
1.139091999999999985e+02 4.200000000000000000e+05
1.139300999999999959e+02 1.800000000000000000e+05
1.139415999999999940e+02 2.200000000000000000e+05
1.139525000000000006e+02 1.800000000000000000e+05
1.139655999999999949e+02 2.000000000000000000e+05
1.139792000000000058e+02 7.700000000000000000e+05
1.139792000000000058e+02 7.700000000000000000e+05
1.139818000000000069e+02 9.300000000000000000e+05
1.139853999999999985e+02 3.400000000000000000e+05
1.140010999999999939e+02 2.900000000000000000e+05
1.140010999999999939e+02 2.900000000000000000e+05
1.140104999999999933e+02 8.900000000000000000e+04
1.140241000000000042e+02 1.300000000000000000e+05
1.140349999999999966e+02 3.900000000000000000e+05
1.140349999999999966e+02 3.900000000000000000e+05
1.140349999999999966e+02 3.900000000000000000e+05
1.140622000000000043e+02 4.300000000000000000e+05
1.140622000000000043e+02 4.300000000000000000e+05
1.140731999999999999e+02 1.400000000000000000e+05
1.141321999999999974e+02 1.600000000000000000e+05
1.141676999999999964e+02 7.900000000000000000e+04
1.155805000000000007e+02 3.100000000000000000e+05
1.155992999999999995e+02 7.800000000000000000e+05
1.155992999999999995e+02 7.800000000000000000e+05
1.156186000000000007e+02 4.400000000000000000e+05
1.156186000000000007e+02 4.400000000000000000e+05
1.156384000000000043e+02 4.200000000000000000e+05
1.156560999999999950e+02 5.600000000000000000e+05
1.156760000000000019e+02 2.400000000000000000e+04
1.157167000000000030e+02 2.000000000000000000e+05
1.157330000000000041e+02 4.300000000000000000e+05
1.157396999999999991e+02 4.800000000000000000e+05
1.157767000000000053e+02 0.000000000000000000e+00
1.157771000000000043e+02 5.900000000000000000e+05
1.157908999999999935e+02 1.300000000000000000e+06
1.158029999999999973e+02 1.900000000000000000e+06
1.158029999999999973e+02 1.900000000000000000e+06
1.158108000000000004e+02 1.100000000000000000e+06
1.158108000000000004e+02 1.100000000000000000e+06
1.158332000000000050e+02 5.300000000000000000e+05
1.158400000000000034e+02 4.800000000000000000e+05
1.158536000000000001e+02 2.300000000000000000e+05
1.158536000000000001e+02 2.300000000000000000e+05
1.158697999999999979e+02 5.600000000000000000e+05
1.158697999999999979e+02 5.600000000000000000e+05
1.158932999999999964e+02 2.500000000000000000e+05
1.158954999999999984e+02 6.400000000000000000e+05
1.159110000000000014e+02 1.900000000000000000e+05
1.160504999999999995e+02 2.100000000000000000e+05
1.160880999999999972e+02 1.100000000000000000e+05
1.174929999999999950e+02 3.700000000000000000e+02
1.175259999999999962e+02 3.500000000000000000e+02
1.175589999999999975e+02 3.300000000000000000e+02
1.175709999999999980e+02 5.000000000000000000e+02
1.175990000000000038e+02 3.500000000000000000e+02
1.176370000000000005e+02 3.700000000000000000e+02
1.188834999999999980e+02 9.300000000000000000e+05
1.188995000000000033e+02 1.100000000000000000e+06
1.189060000000000059e+02 1.700000000000000000e+06
1.189248000000000047e+02 9.700000000000000000e+05
1.189445000000000050e+02 1.400000000000000000e+06
1.189629999999999939e+02 1.600000000000000000e+06
1.190019999999999953e+02 2.800000000000000000e+05
1.190244000000000000e+02 8.000000000000000000e+05
1.191834000000000060e+02 8.600000000000000000e+05
1.192218000000000018e+02 6.800000000000000000e+05
1.192449000000000012e+02 1.100000000000000000e+06
1.192832999999999970e+02 7.800000000000000000e+05
1.193020000000000067e+02 4.100000000000000000e+06
1.193020000000000067e+02 4.100000000000000000e+06
1.193229999999999933e+02 1.700000000000000000e+07
1.193248999999999995e+02 1.600000000000000000e+07
1.193379999999999939e+02 2.000000000000000000e+06
1.193649000000000058e+02 0.000000000000000000e+00
1.193667999999999978e+02 2.100000000000000000e+06
1.194027999999999992e+02 7.300000000000000000e+05
1.194064999999999941e+02 3.000000000000000000e+06
1.194219999999999970e+02 1.100000000000000000e+06
1.194300000000000068e+02 1.100000000000000000e+06
1.194403999999999968e+02 1.700000000000000000e+06
1.194485999999999990e+02 6.700000000000000000e+06
1.194616000000000042e+02 1.600000000000000000e+06
1.194675000000000011e+02 7.000000000000000000e+05
1.197870000000000061e+02 2.600000000000000000e+05
1.198242999999999938e+02 1.700000000000000000e+05
1.241293000000000006e+02 2.600000000000000000e+04
1.241445999999999970e+02 2.600000000000000000e+04
1.241615000000000038e+02 2.600000000000000000e+04
1.242239000000000004e+02 2.500000000000000000e+05
1.243139999999999930e+02 1.800000000000000000e+05
1.243517999999999972e+02 2.100000000000000000e+05
1.243783999999999992e+02 8.700000000000000000e+04
1.243996999999999957e+02 2.100000000000000000e+05
1.244127000000000010e+02 1.000000000000000000e+05
1.244509999999999934e+02 3.100000000000000000e+04
1.244539999999999935e+02 2.100000000000000000e+05
1.244996000000000009e+02 1.300000000000000000e+05
1.245173999999999950e+02 2.100000000000000000e+05
1.245532000000000039e+02 1.200000000000000000e+05
1.245943000000000040e+02 2.300000000000000000e+05
1.246173000000000002e+02 1.200000000000000000e+05
1.246863000000000028e+02 4.000000000000000000e+05
1.246940000000000026e+02 1.200000000000000000e+05
1.247861999999999938e+02 3.100000000000000000e+05
1.248002999999999929e+02 4.200000000000000000e+05
1.249001999999999981e+02 2.300000000000000000e+05
1.249403999999999968e+02 6.300000000000000000e+05
1.250422999999999973e+02 5.800000000000000000e+05
1.251175999999999959e+02 1.000000000000000000e+06
1.252209000000000003e+02 3.200000000000000000e+05
1.253466999999999985e+02 1.100000000000000000e+06
1.253538999999999959e+02 0.000000000000000000e+00
1.254509999999999934e+02 3.800000000000000000e+05
1.256492999999999967e+02 1.200000000000000000e+06
1.257565000000000026e+02 4.700000000000000000e+05
1.260611999999999995e+02 1.300000000000000000e+06
1.260735999999999990e+02 2.300000000000000000e+07
1.260926999999999936e+02 2.100000000000000000e+07
1.260995999999999952e+02 1.800000000000000000e+07
1.261120999999999981e+02 2.300000000000000000e+07
1.261423000000000059e+02 1.200000000000000000e+07
1.261551000000000045e+02 2.200000000000000000e+07
1.261719999999999970e+02 7.500000000000000000e+05
1.266270999999999987e+02 5.500000000000000000e+05
1.266417000000000002e+02 1.300000000000000000e+06
1.266520000000000010e+02 3.800000000000000000e+05
1.266602000000000032e+02 2.500000000000000000e+05
1.267599000000000018e+02 7.100000000000000000e+05
1.268045999999999935e+02 5.000000000000000000e+04
1.270146000000000015e+02 1.100000000000000000e+06
1.270408000000000044e+02 1.000000000000000000e+06
1.274107999999999947e+02 3.300000000000000000e+06
1.274624000000000024e+02 7.500000000000000000e+04
1.274758999999999958e+02 5.400000000000000000e+05
1.274983000000000004e+02 1.900000000000000000e+06
1.275147000000000048e+02 5.000000000000000000e+04
1.275288000000000039e+02 3.000000000000000000e+05
1.276221000000000032e+02 7.300000000000000000e+05
1.276286000000000058e+02 8.400000000000000000e+05
1.276484999999999985e+02 3.500000000000000000e+06
1.276753999999999962e+02 6.900000000000000000e+06
1.277048000000000059e+02 1.200000000000000000e+05
1.277249999999999943e+02 1.500000000000000000e+07
1.277284999999999968e+02 2.400000000000000000e+07
1.277516999999999996e+02 1.800000000000000000e+07
1.277556000000000012e+02 1.400000000000000000e+08
1.277728000000000037e+02 1.400000000000000000e+07
1.277951000000000050e+02 5.600000000000000000e+06
1.279056999999999960e+02 6.300000000000000000e+06
1.279227999999999952e+02 9.800000000000000000e+06
1.279497999999999962e+02 5.500000000000000000e+06
1.279890000000000043e+02 1.100000000000000000e+07
1.280133999999999901e+02 2.700000000000000000e+07
1.280329999999999870e+02 6.800000000000000000e+07
1.280409999999999968e+02 1.200000000000000000e+07
1.280595000000000141e+02 9.300000000000000000e+06
1.280844999999999914e+02 9.800000000000000000e+06
1.287608999999999924e+02 1.700000000000000000e+06
1.287809000000000026e+02 2.500000000000000000e+04
1.288037999999999954e+02 7.700000000000000000e+06
1.288040000000000020e+02 7.700000000000000000e+06
1.288421999999999912e+02 2.200000000000000000e+06
1.288711000000000126e+02 5.300000000000000000e+05
1.288917999999999893e+02 4.900000000000000000e+05
1.289892999999999859e+02 2.900000000000000000e+05
1.289975000000000023e+02 1.800000000000000000e+06
1.291304000000000087e+02 4.900000000000000000e+05
1.310149999999999864e+02 2.500000000000000000e+05
1.310636000000000081e+02 1.700000000000000000e+06
1.311362000000000023e+02 3.800000000000000000e+06
1.311924999999999955e+02 1.000000000000000000e+06
1.312246000000000095e+02 6.600000000000000000e+05
1.312855999999999881e+02 1.700000000000000000e+05
1.313389999999999986e+02 6.000000000000000000e+05
1.313462000000000103e+02 2.000000000000000000e+06
1.313633000000000095e+02 7.500000000000000000e+04
1.315918000000000063e+02 1.200000000000000000e+06
1.323951000000000136e+02 9.000000000000000000e+00
1.328833199999999977e+02 2.200000000000000000e+07
1.329086100000000101e+02 1.400000000000000000e+07
1.329099899999999934e+02 1.600000000000000000e+07
1.329123299999999972e+02 1.000000000000000000e+07
1.329577700000000107e+02 3.000000000000000000e+07
1.329600100000000111e+02 1.000000000000000000e+07
1.334532000000000096e+02 1.500000000000000000e+02
1.335707999999999913e+02 3.000000000000000000e+02
1.352744999999999891e+02 2.600000000000000000e+04
1.354284000000000106e+02 3.100000000000000000e+06
1.355843000000000131e+02 6.700000000000000000e+06
1.357134000000000071e+02 2.700000000000000000e+06
1.357658000000000129e+02 1.700000000000000000e+06
1.358189000000000135e+02 1.200000000000000000e+06
1.359276000000000124e+02 3.100000000000000000e+06
1.359439999999999884e+02 6.400000000000000000e+05
1.359547000000000025e+02 1.300000000000000000e+05
1.364164000000000101e+02 5.200000000000000000e+06
1.431596999999999866e+02 3.600000000000000000e+04
1.432107000000000028e+02 4.400000000000000000e+04
1.432529999999999859e+02 3.400000000000000000e+04
1.450070000000000050e+02 3.500000000000000000e+03
1.451444999999999936e+02 7.000000000000000000e+03
1.452324999999999875e+02 3.500000000000000000e+04
1.453348000000000013e+02 1.400000000000000000e+04
1.454599000000000046e+02 7.100000000000000000e+03
1.456149000000000058e+02 5.400000000000000000e+04
1.456189999999999998e+02 0.000000000000000000e+00
1.457487999999999886e+02 2.300000000000000000e+05
1.458063999999999965e+02 2.500000000000000000e+04
1.458113999999999919e+02 2.900000000000000000e+04
1.459031099999999981e+02 1.100000000000000000e+07
1.459428000000000054e+02 1.800000000000000000e+04
1.460452999999999975e+02 2.200000000000000000e+05
1.460550000000000068e+02 1.500000000000000000e+04
1.461853000000000122e+02 3.700000000000000000e+05
1.463336999999999932e+02 2.400000000000000000e+08
1.463563000000000045e+02 4.200000000000000000e+05
1.463674000000000035e+02 0.000000000000000000e+00
1.465022999999999911e+02 4.600000000000000000e+05
1.467406000000000006e+02 7.700000000000000000e+06
1.467673000000000059e+02 3.000000000000000000e+04
1.467877000000000010e+02 1.700000000000000000e+06
1.468410000000000082e+02 8.100000000000000000e+06
1.469111000000000047e+02 2.000000000000000000e+05
1.470093999999999994e+02 8.500000000000000000e+06
1.470449999999999875e+02 3.200000000000000000e+05
1.472230999999999881e+02 5.800000000000000000e+06
1.473241999999999905e+02 5.000000000000000000e+05
1.473475999999999999e+02 2.000000000000000000e+04
1.474747999999999877e+02 3.100000000000000000e+05
1.480997999999999877e+02 8.100000000000000000e+04
1.481114000000000033e+02 6.200000000000000000e+05
1.481449000000000069e+02 4.600000000000000000e+05
1.481762899999999945e+02 2.500000000000000000e+07
1.482728999999999928e+02 4.400000000000000000e+05
1.492573999999999899e+02 2.100000000000000000e+06
1.492737999999999943e+02 3.600000000000000000e+05
1.493275999999999897e+02 6.900000000000000000e+04
1.494532000000000096e+02 6.200000000000000000e+05
1.510671000000000106e+02 1.400000000000000000e+05
1.510980999999999881e+02 6.800000000000000000e+05
1.511907999999999959e+02 1.800000000000000000e+05
1.513149999999999977e+02 2.800000000000000000e+05
1.541519999999999868e+02 3.700000000000000000e+05
1.542176000000000045e+02 1.800000000000000000e+06
1.543959000000000117e+02 4.000000000000000000e+05
1.545246999999999957e+02 3.800000000000000000e+05
1.548201999999999998e+02 1.000000000000000000e+03
1.550774000000000115e+02 9.000000000000000000e+02
1.560308269999999879e+02 3.200000000000000000e+09
1.560681480000000079e+02 8.100000000000000000e+09
1.560707820000000083e+02 2.400000000000000000e+09
1.561338930000000005e+02 1.000000000000000000e+09
1.561339999999999861e+02 1.100000000000000000e+07
1.561437270000000126e+02 1.200000000000000000e+10
1.600817999999999870e+02 5.300000000000000000e+04
1.602970899999999972e+02 3.200000000000000000e+06
1.606962000000000046e+02 7.400000000000000000e+05
1.608446999999999889e+02 9.200000000000000000e+05
1.613375000000000057e+02 8.200000000000000000e+07
1.613808999999999969e+02 8.200000000000000000e+07
1.614522000000000048e+02 5.200000000000000000e+07
1.656266740000000084e+02 1.900000000000000000e+10
1.656928210000000092e+02 1.500000000000000000e+10
1.657007509999999968e+02 4.800000000000000000e+10
1.657378630000000044e+02 1.100000000000000000e+10
1.657906610000000001e+02 1.600000000000000000e+10
1.658120450000000119e+02 2.100000000000000000e+10
1.751827099999999859e+02 1.600000000000000000e+07
1.763906000000000063e+02 3.500000000000000000e+06
1.765372999999999877e+02 1.800000000000000000e+06
1.930905400000000043e+02 2.000000000000000000e+10
1.993626999999999896e+02 1.300000000000000000e+10
2.163619999999999948e+02 2.500000000000000000e+02
2.271610000000000014e+02 4.000000000000000000e+01
2.277949999999999875e+02 5.000000000000000000e+00
2.278619999999999948e+02 2.000000000000000000e+01
2.297580000000000098e+02 8.000000000000000000e+02
2.479309800000000052e+02 6.400000000000000000e+08
2.509879999999999995e+02 2.500000000000000000e+02
2.512820000000000107e+02 3.500000000000000000e+02
2.525169999999999959e+02 2.000000000000000000e+02
2.530740000000000123e+02 3.000000000000000000e+02
2.575600000000000023e+02 2.500000000000000000e+02
2.583673999999999751e+02 5.300000000000000000e+05
2.698550000000000182e+02 1.500000000000000000e+02
2.725659999999999741e+02 1.100000000000000000e+02
2.726109999999999900e+02 1.500000000000000000e+02
2.726709999999999923e+02 1.500000000000000000e+02
2.742090000000000032e+02 3.500000000000000000e+02
2.747300000000000182e+02 2.500000000000000000e+02
2.837540000000000191e+02 1.000000000000000000e+03
2.838430000000000177e+02 8.000000000000000000e+02
2.903149999999999977e+02 0.000000000000000000e+00
2.904110000000000014e+02 0.000000000000000000e+00
2.905799999999999841e+02 0.000000000000000000e+00
2.965711900000000014e+02 6.900000000000000000e+06
2.968090500000000134e+02 1.300000000000000000e+07
2.982980000000000018e+02 2.000000000000000000e+02
2.993489999999999895e+02 8.000000000000000000e+02
3.421385999999999967e+02 2.600000000000000000e+03
3.459494000000000256e+02 3.900000000000000000e+03
3.515806000000000040e+02 6.000000000000000000e+03
3.519320000000000164e+02 2.700000000000000000e+03
3.596166000000000054e+02 2.700000000000000000e+03
3.596166000000000054e+02 2.700000000000000000e+03
3.596481999999999744e+02 2.700000000000000000e+03
3.602491999999999734e+02 2.700000000000000000e+03
3.604467999999999961e+02 4.100000000000000000e+03
3.604556000000000040e+02 6.100000000000000000e+03
3.604979999999999905e+02 2.700000000000000000e+03
3.608969000000000165e+02 2.700000000000000000e+03
3.609725000000000250e+02 4.100000000000000000e+03
3.610591999999999757e+02 2.200000000000000000e+03
3.626643000000000256e+02 2.200000000000000000e+03
3.649662999999999897e+02 2.200000000000000000e+03
3.653865000000000123e+02 2.200000000000000000e+03
3.669644999999999868e+02 3.300000000000000000e+03
3.706610999999999763e+02 3.300000000000000000e+03
3.713091000000000008e+02 3.300000000000000000e+03
3.730086000000000013e+02 4.200000000000000000e+03
3.733410000000000082e+02 5.000000000000000000e+03
3.735570999999999913e+02 2.800000000000000000e+03
3.736838000000000193e+02 5.600000000000000000e+03
3.738249000000000137e+02 2.800000000000000000e+03
3.741852000000000089e+02 2.800000000000000000e+03
3.742506999999999948e+02 6.300000000000000000e+03
3.743915000000000077e+02 4.200000000000000000e+03
3.756188000000000216e+02 5.600000000000000000e+03
3.757590000000000146e+02 6.800000000000000000e+03
3.758115999999999985e+02 9.600000000000000000e+03
3.758903999999999996e+02 4.200000000000000000e+03
3.763319999999999936e+02 6.800000000000000000e+03
3.765025999999999726e+02 2.800000000000000000e+03
3.794755000000000109e+02 5.100000000000000000e+03
3.805384999999999991e+02 5.100000000000000000e+03
3.829934999999999832e+02 4.200000000000000000e+03
3.834434999999999718e+02 7.300000000000000000e+03
3.877289999999999850e+02 3.500000000000000000e+02
3.877509999999999764e+02 3.500000000000000000e+02
3.877760000000000105e+02 3.500000000000000000e+02
3.920090000000000146e+02 5.700000000000000000e+02
3.921800000000000068e+02 8.000000000000000000e+02
3.943339000000000283e+02 7.900000000000000000e+03
3.962524000000000228e+02 7.900000000000000000e+03
3.988007000000000062e+02 2.600000000000000000e+03
3.988007000000000062e+02 2.600000000000000000e+03
3.997617999999999938e+02 1.700000000000000000e+03
3.997617999999999938e+02 1.700000000000000000e+03
3.998095999999999890e+02 1.700000000000000000e+03
3.998265999999999849e+02 1.700000000000000000e+03
3.998265999999999849e+02 1.700000000000000000e+03
4.004107999999999947e+02 5.300000000000000000e+03
4.011064000000000078e+02 1.300000000000000000e+04
4.023251999999999953e+02 6.700000000000000000e+03
4.023978000000000179e+02 9.700000000000000000e+03
4.026358999999999924e+02 4.500000000000000000e+03
4.029492999999999938e+02 6.700000000000000000e+03
4.030552000000000135e+02 1.600000000000000000e+04
4.032934000000000196e+02 1.000000000000000000e+04
4.034368000000000052e+02 1.800000000000000000e+03
4.057210000000000036e+02 1.500000000000000000e+02
4.064725000000000250e+02 6.800000000000000000e+03
4.065418999999999983e+02 1.100000000000000000e+04
4.066394000000000233e+02 1.400000000000000000e+04
4.067900000000000205e+02 6.800000000000000000e+03
4.069089999999999918e+02 2.000000000000000000e+02
4.070059999999999718e+02 2.500000000000000000e+02
4.070059999999999718e+02 2.500000000000000000e+02
4.071410000000000196e+02 2.500000000000000000e+02
4.072119999999999891e+02 6.700000000000000000e+03
4.073793000000000006e+02 6.100000000000000000e+03
4.073793000000000006e+02 6.100000000000000000e+03
4.074476999999999975e+02 2.400000000000000000e+03
4.075670000000000073e+02 2.500000000000000000e+02
4.076999999999999886e+02 3.500000000000000000e+02
4.083568000000000211e+02 3.300000000000000000e+03
4.083568000000000211e+02 3.300000000000000000e+03
4.084134000000000242e+02 2.700000000000000000e+03
4.084313999999999965e+02 2.700000000000000000e+03
4.084313999999999965e+02 2.700000000000000000e+03
4.147432999999999765e+02 4.000000000000000000e+03
4.148140000000000214e+02 1.900000000000000000e+03
4.149146000000000072e+02 2.700000000000000000e+03
4.154544999999999959e+02 2.300000000000000000e+03
4.159510000000000218e+02 2.000000000000000000e+03
4.164030000000000200e+02 1.500000000000000000e+02
4.188079999999999927e+02 2.500000000000000000e+02
4.210896000000000186e+02 1.800000000000000000e+03
4.210896000000000186e+02 1.800000000000000000e+03
4.211091000000000122e+02 1.800000000000000000e+03
4.211091000000000122e+02 1.800000000000000000e+03
4.212300999999999931e+02 4.100000000000000000e+03
4.212300999999999931e+02 4.100000000000000000e+03
4.212798999999999978e+02 2.700000000000000000e+03
4.213002999999999929e+02 4.100000000000000000e+03
4.213002999999999929e+02 4.100000000000000000e+03
4.213528999999999769e+02 9.200000000000000000e+03
4.213528999999999769e+02 9.200000000000000000e+03
4.214261000000000195e+02 4.000000000000000000e+03
4.223654999999999973e+02 6.100000000000000000e+03
4.223654999999999973e+02 6.100000000000000000e+03
4.224347999999999956e+02 9.200000000000000000e+03
4.224347999999999956e+02 9.200000000000000000e+03
4.224549000000000092e+02 6.100000000000000000e+03
4.224549000000000092e+02 6.100000000000000000e+03
4.229517000000000166e+02 1.300000000000000000e+04
4.268199999999999932e+02 8.000000000000000000e+02
4.268460000000000036e+02 1.000000000000000000e+03
4.268460000000000036e+02 1.000000000000000000e+03
4.270221199999999726e+02 2.100000000000000000e+04
4.326779999999999973e+02 2.000000000000000000e+02
4.342860999999999763e+02 6.000000000000000000e+03
4.343616999999999848e+02 2.300000000000000000e+03
4.345332000000000221e+02 1.900000000000000000e+03
4.345529999999999973e+02 2.800000000000000000e+03
4.350188999999999737e+02 2.300000000000000000e+03
4.356632000000000176e+02 4.100000000000000000e+03
4.372609800000000178e+02 3.300000000000000000e+04
4.462552000000000021e+02 2.800000000000000000e+03
4.462552000000000021e+02 2.800000000000000000e+03
4.462751999999999839e+02 2.800000000000000000e+03
4.462751999999999839e+02 2.800000000000000000e+03
4.465138999999999783e+02 4.300000000000000000e+03
4.465138999999999783e+02 4.300000000000000000e+03
4.465701000000000249e+02 2.800000000000000000e+03
4.465930000000000177e+02 4.300000000000000000e+03
4.465930000000000177e+02 4.300000000000000000e+03
4.467728999999999928e+02 1.400000000000000000e+04
4.467728999999999928e+02 1.400000000000000000e+04
4.468562999999999761e+02 3.900000000000000000e+03
4.478727999999999838e+02 9.600000000000000000e+03
4.478727999999999838e+02 9.600000000000000000e+03
4.479576000000000136e+02 4.300000000000000000e+03
4.479845000000000255e+02 1.300000000000000000e+04
4.480081999999999880e+02 9.600000000000000000e+03
4.480081999999999880e+02 9.600000000000000000e+03
4.622863899999999830e+02 3.000000000000000000e+00
4.628639800000000264e+02 1.000000000000000000e+00
4.648720000000000141e+02 6.000000000000000000e+02
4.651549999999999727e+02 5.200000000000000000e+02
4.652769999999999868e+02 3.750000000000000000e+02
4.659599999999999795e+02 2.000000000000000000e+02
4.667169999999999845e+02 2.000000000000000000e+02
4.672710000000000150e+02 6.000000000000000000e+02
4.677970000000000255e+02 5.300000000000000000e+03
4.678860000000000241e+02 8.900000000000000000e+02
4.678860000000000241e+02 8.900000000000000000e+02
4.703020000000000209e+02 1.500000000000000000e+03
4.705149999999999864e+02 5.900000000000000000e+02
4.735586000000000126e+02 1.500000000000000000e+04
4.736490000000000009e+02 3.200000000000000000e+03
4.739538000000000011e+02 3.000000000000000000e+03
4.739791000000000167e+02 6.800000000000000000e+03
4.743895999999999731e+02 4.200000000000000000e+03
4.763634999999999877e+02 2.800000000000000000e+04
4.763856999999999857e+02 3.100000000000000000e+04
4.768002700000000118e+02 2.200000000000000000e+04
4.771357659999999896e+02 2.400000000000000000e+04
4.773067649999999844e+02 6.900000000000000000e+04
4.777241999999999962e+02 3.400000000000000000e+04
4.778419999999999845e+02 8.400000000000000000e+02
4.785131999999999834e+02 2.600000000000000000e+03
4.793048999999999751e+02 2.000000000000000000e+03
4.793989000000000260e+02 2.000000000000000000e+03
4.797219000000000051e+02 1.700000000000000000e+03
4.797423000000000002e+02 2.000000000000000000e+03
4.807590000000000146e+02 9.100000000000000000e+02
4.810009999999999764e+02 6.900000000000000000e+02
4.814261000000000195e+02 5.300000000000000000e+03
4.818716999999999757e+02 1.500000000000000000e+04
4.828152999999999793e+02 1.000000000000000000e+04
4.838115000000000236e+02 1.200000000000000000e+03
4.841440000000000055e+02 2.200000000000000000e+03
4.843260000000000218e+02 1.600000000000000000e+03
4.848990000000000009e+02 6.700000000000000000e+02
4.855339999999999918e+02 1.300000000000000000e+03
4.860339999999999918e+02 1.100000000000000000e+03
4.875439999999999827e+02 2.400000000000000000e+03
4.881360000000000241e+02 0.000000000000000000e+00
4.890280000000000200e+02 9.800000000000000000e+03
4.890305500000000052e+02 5.000000000000000000e+03
4.892010999999999967e+02 8.700000000000000000e+03
4.894794999999999732e+02 3.900000000000000000e+03
4.900009999999999764e+02 8.100000000000000000e+03
4.909220000000000255e+02 2.100000000000000000e+03
4.924062000000000126e+02 2.000000000000000000e+03
4.927791000000000281e+02 9.700000000000000000e+02
4.933402249999999754e+02 7.300000000000000000e+04
4.943399999999999750e+02 1.100000000000000000e+03
4.944956000000000245e+02 9.400000000000000000e+02
4.945260000000000105e+02 5.000000000000000000e+00
4.945939999999999941e+02 5.000000000000000000e+00
4.952500000000000000e+02 1.500000000000000000e+03
4.992799999999999727e+02 9.500000000000000000e+02
4.997819999999999823e+02 3.900000000000000000e+03
4.999320000000000164e+02 2.300000000000000000e+03
5.011580000000000155e+02 4.700000000000000000e+03
5.013399999999999750e+02 4.800000000000000000e+03
5.013399999999999750e+02 4.800000000000000000e+03
5.013679999999999950e+02 4.800000000000000000e+03
5.013679999999999950e+02 4.800000000000000000e+03
5.018489999999999895e+02 9.300000000000000000e+03
5.018489999999999895e+02 9.300000000000000000e+03
5.019159999999999968e+02 3.200000000000000000e+03
5.019470000000000027e+02 4.800000000000000000e+03
5.019470000000000027e+02 4.800000000000000000e+03
5.025249999999999773e+02 3.700000000000000000e+04
5.025249999999999773e+02 3.700000000000000000e+04
5.026317000000000235e+02 9.400000000000000000e+03
5.040480000000000018e+02 3.700000000000000000e+04
5.040480000000000018e+02 3.700000000000000000e+04
5.041539000000000215e+02 1.200000000000000000e+04
5.042887000000000057e+02 2.500000000000000000e+04
5.043210000000000264e+02 2.500000000000000000e+04
5.043210000000000264e+02 2.500000000000000000e+04
5.046600000000000250e+02 2.500000000000000000e+03
5.053557829999999740e+02 1.600000000000000000e+05
5.054923999999999751e+02 2.700000000000000000e+03
5.055899999999999750e+02 1.600000000000000000e+03
5.059091999999999985e+02 9.700000000000000000e+02
5.060079999999999814e+02 8.300000000000000000e+02
5.061066999999999894e+02 1.100000000000000000e+03
5.065559000000000083e+02 9.700000000000000000e+02
5.078007000000000062e+02 2.600000000000000000e+03
5.091050999999999931e+02 1.100000000000000000e+03
5.134370000000000118e+02 3.500000000000000000e+02
5.134710000000000036e+02 3.500000000000000000e+02
5.144919999999999618e+02 3.500000000000000000e+02
5.146589999999999918e+02 5.700000000000000000e+02
5.152519999999999527e+02 4.000000000000000000e+02
5.155007000000000517e+02 3.200000000000000000e+03
5.156728000000000520e+02 1.500000000000000000e+03
5.156739999999999782e+02 1.800000000000000000e+03
5.161357000000000426e+02 1.500000000000000000e+03
5.270421999999999798e+02 7.200000000000000000e+03
5.281707000000000107e+02 4.500000000000000000e+03
5.289787000000000035e+02 1.000000000000000000e+03
5.292695999999999685e+02 1.600000000000000000e+03
5.298404000000000451e+02 1.000000000000000000e+03
5.301593000000000302e+02 1.800000000000000000e+03
5.302024999999999864e+02 4.700000000000000000e+03
5.302319999999999709e+02 1.600000000000000000e+03
5.303826999999999998e+02 1.600000000000000000e+03
5.304610000000000127e+02 1.100000000000000000e+03
5.307790999999999713e+02 1.000000000000000000e+03
5.308313000000000557e+02 3.500000000000000000e+03
5.318944000000000187e+02 5.100000000000000000e+03
5.381826899999999796e+02 1.200000000000000000e+05
5.403099999999999454e+02 2.400000000000000000e+03
5.438390000000000555e+02 3.300000000000000000e+03
5.510040000000000191e+02 3.500000000000000000e+03
5.512219999999999800e+02 2.600000000000000000e+03
5.516299999999999955e+02 1.700000000000000000e+03
5.517223000000000184e+02 8.800000000000000000e+02
5.518174999999999955e+02 1.100000000000000000e+03
5.525000000000000000e+02 2.700000000000000000e+03
5.528368000000000393e+02 2.500000000000000000e+03
5.531317000000000235e+02 1.700000000000000000e+03
5.533579999999999472e+02 1.800000000000000000e+03
5.536344000000000278e+02 1.700000000000000000e+03
5.542295000000000300e+02 3.700000000000000000e+03
5.545357000000000198e+02 1.100000000000000000e+03
5.546609999999999445e+02 1.300000000000000000e+04
5.546609999999999445e+02 1.300000000000000000e+04
5.548812000000000353e+02 3.900000000000000000e+03
5.549779999999999518e+02 1.700000000000000000e+03
5.550443000000000211e+02 2.100000000000000000e+03
5.552573999999999614e+02 2.500000000000000000e+03
5.553130999999999631e+02 9.600000000000000000e+03
5.554715999999999667e+02 2.100000000000000000e+03
5.578799999999999955e+02 2.700000000000000000e+03
5.598854000000000042e+02 2.200000000000000000e+03
5.605289000000000215e+02 1.500000000000000000e+03
5.613999999999999773e+02 9.600000000000000000e+02
5.616367999999999938e+02 1.000000000000000000e+03
5.618048999999999751e+02 1.000000000000000000e+03
5.624600000000000364e+02 1.900000000000000000e+03
5.627119999999999891e+02 1.900000000000000000e+03
5.631493000000000393e+02 1.400000000000000000e+03
5.644339999999999691e+02 2.000000000000000000e+03
5.649640000000000555e+02 2.500000000000000000e+02
5.649700000000000273e+02 9.800000000000000000e+02
5.664039999999999964e+02 3.500000000000000000e+02
5.670524000000000342e+02 1.800000000000000000e+04
5.694690000000000509e+02 5.800000000000000000e+03
5.697500000000000000e+02 4.500000000000000000e+02
5.722365999999999531e+02 4.800000000000000000e+03
5.789439999999999600e+02 2.200000000000000000e+03
5.794722000000000435e+02 3.800000000000000000e+04
5.796065999999999576e+02 1.500000000000000000e+04
5.800502999999999929e+02 1.100000000000000000e+03
5.801839999999999691e+02 9.400000000000000000e+03
5.802201999999999771e+02 3.500000000000000000e+04
5.802939999999999827e+02 2.500000000000000000e+02
5.806802000000000135e+02 1.400000000000000000e+04
5.807409999999999854e+02 5.100000000000000000e+03
5.807409999999999854e+02 5.100000000000000000e+03
5.813590000000000373e+02 2.000000000000000000e+02
5.815122000000000071e+02 2.300000000000000000e+03
5.819314000000000533e+02 1.500000000000000000e+03
5.821112000000000535e+02 1.500000000000000000e+03
5.823200000000000500e+02 1.700000000000000000e+03
5.826258000000000266e+02 1.500000000000000000e+03
5.828039999999999736e+02 1.500000000000000000e+02
5.847966999999999871e+02 1.100000000000000000e+03
5.851875999999999749e+02 1.700000000000000000e+03
5.866574000000000524e+02 1.700000000000000000e+03
5.872282000000000153e+02 4.600000000000000000e+03
5.878940000000000055e+02 3.700000000000000000e+03
5.891146999999999707e+02 2.500000000000000000e+03
5.891399999999999864e+02 5.700000000000000000e+02
5.893220000000000027e+02 3.500000000000000000e+02
5.893632999999999811e+02 1.700000000000000000e+03
5.914215000000000373e+02 8.700000000000000000e+02
5.941746000000000549e+02 1.100000000000000000e+03
5.945036000000000058e+02 8.800000000000000000e+02
5.949255000000000564e+02 1.900000000000000000e+03
5.951688000000000329e+02 2.000000000000000000e+03
5.953781999999999925e+02 5.300000000000000000e+03
5.965641000000000531e+02 7.200000000000000000e+03
5.970979999999999563e+02 1.800000000000000000e+04
5.972380000000000564e+02 3.000000000000000000e+03
5.974242000000000417e+02 1.400000000000000000e+03
5.982877999999999474e+02 5.700000000000000000e+03
5.983931999999999789e+02 3.000000000000000000e+03
5.984328000000000429e+02 6.800000000000000000e+03
5.985918000000000347e+02 6.000000000000000000e+03
5.990673000000000457e+02 1.000000000000000000e+04
5.991059999999999945e+02 4.600000000000000000e+03
5.997717999999999847e+02 1.700000000000000000e+03
6.002788000000000466e+02 3.500000000000000000e+04
6.004645000000000437e+02 6.300000000000000000e+03
6.005329000000000406e+02 2.100000000000000000e+03
6.007690999999999804e+02 2.300000000000000000e+04
6.008841999999999643e+02 9.600000000000000000e+03
6.012344000000000506e+02 1.200000000000000000e+04
6.013900999999999613e+02 6.400000000000000000e+03
6.014890000000000327e+02 7.900000000000000000e+04
6.014890000000000327e+02 7.900000000000000000e+04
6.016511000000000422e+02 1.400000000000000000e+04
6.018115000000000236e+02 1.600000000000000000e+04
6.021532999999999447e+02 1.700000000000000000e+03
6.040842999999999847e+02 1.400000000000000000e+03
6.044130000000000109e+02 1.400000000000000000e+03
6.046467000000000098e+02 9.300000000000000000e+02
6.063767000000000280e+02 1.100000000000000000e+03
6.069946999999999662e+02 1.700000000000000000e+03
6.072513999999999896e+02 2.200000000000000000e+03
6.080077999999999747e+02 3.800000000000000000e+03
6.081453999999999951e+02 1.400000000000000000e+03
6.088370999999999640e+02 1.100000000000000000e+03
6.094524000000000115e+02 2.200000000000000000e+03
6.095984999999999445e+02 1.300000000000000000e+03
6.100611000000000104e+02 1.600000000000000000e+03
6.101716999999999871e+02 2.600000000000000000e+03
6.102147999999999683e+02 7.600000000000000000e+03
6.109343999999999824e+02 2.200000000000000000e+03
6.110217000000000098e+02 3.300000000000000000e+03
6.114841999999999871e+02 1.700000000000000000e+03
6.117542999999999438e+02 3.900000000000000000e+03
6.122512000000000398e+02 3.900000000000000000e+03
6.238990000000000009e+02 1.500000000000000000e+03
6.244425999999999704e+02 2.300000000000000000e+03
6.294106000000000449e+02 3.400000000000000000e+03
6.337455999999999676e+02 1.400000000000000000e+03
6.338948000000000320e+02 2.100000000000000000e+03
6.344068999999999505e+02 5.000000000000000000e+03
6.380553999999999633e+02 1.700000000000000000e+03
6.391636999999999489e+02 5.200000000000000000e+03
6.399747999999999593e+02 1.100000000000000000e+04
6.415326000000000022e+02 6.400000000000000000e+03
6.419317999999999529e+02 3.300000000000000000e+03
6.431019999999999754e+02 2.000000000000000000e+03
6.570521999999999707e+02 4.100000000000000000e+03
6.579869999999999663e+02 8.000000000000000000e+02
6.580588999999999942e+02 3.600000000000000000e+03
6.584700000000000273e+02 5.700000000000000000e+02
6.588092000000000326e+02 3.600000000000000000e+03
6.589428000000000338e+02 4.000000000000000000e+04
6.593266999999999598e+02 2.300000000000000000e+03
6.597061999999999671e+02 2.300000000000000000e+03
6.598671000000000504e+02 3.000000000000000000e+03
6.604239999999999782e+02 5.300000000000000000e+03
6.607608999999999924e+02 2.300000000000000000e+03
6.613179999999999836e+02 7.900000000000000000e+03
6.619068999999999505e+02 2.000000000000000000e+03
6.652799999999999727e+02 4.200000000000000000e+03
6.655783000000000129e+02 2.400000000000000000e+03
6.656446999999999434e+02 5.900000000000000000e+03
6.657346999999999753e+02 2.000000000000000000e+04
6.664573000000000320e+02 5.300000000000000000e+03
6.664883999999999560e+02 1.100000000000000000e+04
6.673682000000000016e+02 1.100000000000000000e+04
6.675952999999999520e+02 8.300000000000000000e+03
6.685798999999999523e+02 8.400000000000000000e+03
6.690634000000000015e+02 8.400000000000000000e+03
6.713143999999999778e+02 3.500000000000000000e+03
6.746240000000000236e+02 1.500000000000000000e+02
6.756000000000000227e+02 4.500000000000000000e+03
6.785769999999999982e+02 2.500000000000000000e+02
6.819900000000000091e+02 3.800000000000000000e+03
6.830000999999999749e+02 2.700000000000000000e+04
6.948369999999999891e+02 1.500000000000000000e+04
6.964230000000000018e+02 4.300000000000000000e+03
7.039189999999999827e+02 1.500000000000000000e+02
7.058817000000000235e+02 2.700000000000000000e+03
7.076815000000000282e+02 4.100000000000000000e+03
7.078429999999999609e+02 9.900000000000000000e+03
7.087464999999999691e+02 2.700000000000000000e+03
7.089781000000000404e+02 1.800000000000000000e+04
7.095209999999999582e+02 1.200000000000000000e+04
7.102080999999999449e+02 1.900000000000000000e+04
7.110895000000000437e+02 1.400000000000000000e+04
7.113436000000000377e+02 3.200000000000000000e+04
7.115140999999999849e+02 1.100000000000000000e+05
7.117150000000000318e+02 1.100000000000000000e+05
7.117150000000000318e+02 1.100000000000000000e+05
7.117590000000000146e+02 2.500000000000000000e+02
7.118952000000000453e+02 4.500000000000000000e+04
7.121634000000000242e+02 3.700000000000000000e+04
7.121860000000000355e+02 3.500000000000000000e+02
7.124158999999999651e+02 4.200000000000000000e+03
7.134077999999999520e+02 4.200000000000000000e+03
7.141399999999999864e+02 4.200000000000000000e+03
7.204248999999999796e+02 4.500000000000000000e+03
7.218017999999999574e+02 1.700000000000000000e+03
7.226231999999999971e+02 4.500000000000000000e+03
7.233310000000000173e+02 8.000000000000000000e+02
7.238410000000000082e+02 1.000000000000000000e+03
7.243315000000000055e+02 4.600000000000000000e+03
7.288117999999999483e+02 2.100000000000000000e+03
7.366762999999999693e+02 8.600000000000000000e+03
7.467509999999999764e+02 3.300000000000000000e+03
7.467509999999999764e+02 3.300000000000000000e+03
7.468500000000000227e+02 4.100000000000000000e+03
7.472150000000000318e+02 3.800000000000000000e+03
7.472150000000000318e+02 3.800000000000000000e+03
7.475370000000000346e+02 8.800000000000000000e+03
7.478179999999999836e+02 7.400000000000000000e+03
7.485470000000000255e+02 1.500000000000000000e+04
7.507740000000000009e+02 4.300000000000000000e+03
7.507740000000000009e+02 4.300000000000000000e+03
7.614750000000000227e+02 1.500000000000000000e+02
7.664550000000000409e+02 2.700000000000000000e+04
7.687290000000000418e+02 2.300000000000000000e+04
7.694611999999999625e+02 9.100000000000000000e+03
7.728300000000000409e+02 9.000000000000000000e+01
7.834783999999999651e+02 1.700000000000000000e+04
7.839261000000000195e+02 7.800000000000000000e+03
7.842427000000000135e+02 9.000000000000000000e+03
7.850404999999999518e+02 1.700000000000000000e+04
7.855022999999999911e+02 1.900000000000000000e+04
7.863039999999999736e+02 1.100000000000000000e+05
7.946789999999999736e+02 8.100000000000000000e+03
7.946789999999999736e+02 8.100000000000000000e+03
7.953532999999999902e+02 4.200000000000000000e+03
7.954379999999999882e+02 9.400000000000000000e+03
7.954379999999999882e+02 9.400000000000000000e+03
7.990086000000000013e+02 9.800000000000000000e+03
7.994723999999999933e+02 2.900000000000000000e+03
7.995620000000000118e+02 1.000000000000000000e+04
7.995620000000000118e+02 1.000000000000000000e+04
8.017179999999999609e+02 1.500000000000000000e+04
8.020769000000000233e+02 6.000000000000000000e+03
8.023469999999999800e+02 1.600000000000000000e+04
8.028899999999999864e+02 9.200000000000000000e+03
8.030499999999999545e+02 2.300000000000000000e+03
8.038099999999999454e+02 1.200000000000000000e+04
8.047545999999999822e+02 2.700000000000000000e+04
8.060810000000000173e+02 5.900000000000000000e+04
8.064573000000000320e+02 2.100000000000000000e+04
8.072635000000000218e+02 2.100000000000000000e+04
8.080701000000000249e+02 2.800000000000000000e+04
8.086019999999999754e+02 3.200000000000000000e+04
8.198730000000000473e+02 3.000000000000000000e+02
8.335280000000000200e+02 1.500000000000000000e+02
8.337435100000000148e+02 5.900000000000000000e+06
8.433192000000000235e+02 7.000000000000000000e+03
8.502659999999999627e+02 3.000000000000000000e+02
8.512782999999999447e+02 8.600000000000000000e+03
8.538605999999999767e+02 8.300000000000000000e+03
8.579400000000000546e+02 9.500000000000000000e+03
8.729523000000000366e+02 0.000000000000000000e+00
8.755520000000000209e+02 2.600000000000000000e+04
8.875825999999999567e+02 4.300000000000000000e+04
8.893110000000000355e+02 2.000000000000000000e+04
8.893110000000000355e+02 2.000000000000000000e+04
8.905629999999999882e+02 5.100000000000000000e+03
8.906802000000000135e+02 1.400000000000000000e+04
8.963210000000000264e+02 2.200000000000000000e+04
8.963210000000000264e+02 2.200000000000000000e+04
9.063922000000000025e+02 9.400000000000000000e+06
9.064959900000000061e+02 7.600000000000000000e+06
9.080773699999999735e+02 5.600000000000000000e+06
9.091004299999999603e+02 8.200000000000000000e+06
9.097326600000000099e+02 1.900000000000000000e+07
9.114302500000000009e+02 1.000000000000000000e+07
9.185389999999999873e+02 1.000000000000000000e+05
9.408308600000000297e+02 3.000000000000000000e+07
9.605664799999999559e+02 3.500000000000000000e+06
9.623421399999999721e+02 7.500000000000000000e+06
9.661086699999999610e+02 9.600000000000000000e+06
9.827000000000000455e+02 0.000000000000000000e+00
9.853039999999999736e+02 0.000000000000000000e+00
1.012663499999999999e+03 1.600000000000000000e+06
1.045277000000000044e+03 3.600000000000000000e+04
1.054410000000000082e+03 7.600000000000000000e+05
1.068601030000000037e+03 3.400000000000000000e+07
1.068827510000000075e+03 1.500000000000000000e+07
1.069417809999999918e+03 4.600000000000000000e+07
1.071026859999999942e+03 1.400000000000000000e+07
1.073247219999999970e+03 1.300000000000000000e+07
1.075692999999999984e+03 3.900000000000000000e+06
1.126382700000000114e+03 4.900000000000000000e+04
1.133339240000000018e+03 2.800000000000000000e+06
1.133916999999999916e+03 4.500000000000000000e+04
1.133916999999999916e+03 4.500000000000000000e+04
1.137694899999999961e+03 2.300000000000000000e+04
1.138931900000000041e+03 2.200000000000000000e+04
1.141625399999999900e+03 1.900000000000000000e+04
1.141816299999999956e+03 6.300000000000000000e+04
1.144856600000000071e+03 3.600000000000000000e+04
1.145171000000000049e+03 8.900000000000000000e+03
1.145187599999999975e+03 1.400000000000000000e+04
1.154146999999999935e+03 1.500000000000000000e+04
1.155957000000000107e+03 2.300000000000000000e+04
1.158796000000000049e+03 7.000000000000000000e+04
1.162247669999999971e+03 2.600000000000000000e+05
1.163202119999999923e+03 4.700000000000000000e+05
1.165116700000000037e+03 1.600000000000000000e+05
1.165607819999999947e+03 1.600000000000000000e+05
1.166203060000000050e+03 4.000000000000000000e+05
1.166287690000000111e+03 8.800000000000000000e+05
1.167283940000000030e+03 8.900000000000000000e+05
1.167734099999999899e+03 1.600000000000000000e+05
1.175143712999999934e+03 3.200000000000000000e+06
1.175652528000000075e+03 5.900000000000000000e+06
1.175799303000000009e+03 4.400000000000000000e+06
1.175959599999999909e+03 1.200000000000000000e+05
1.178077440000000024e+03 3.800000000000000000e+05
1.180430530000000090e+03 2.300000000000000000e+05
1.182226799999999912e+03 5.800000000000000000e+04
1.182721000000000004e+03 1.400000000000000000e+04
1.185196249999999964e+03 2.300000000000000000e+05
1.186622530000000097e+03 2.200000000000000000e+05
1.188281799999999976e+03 3.100000000000000000e+05
1.189614129999999932e+03 5.600000000000000000e+05
1.189901589999999942e+03 1.000000000000000000e+06
1.193038000000000011e+03 3.400000000000000000e+03
1.199807999999999993e+03 1.200000000000000000e+04
1.208778299999999945e+03 3.000000000000000000e+04
1.209121000000000095e+03 4.300000000000000000e+03
1.211504400000000032e+03 3.700000000000000000e+04
1.213878220000000056e+03 1.600000000000000000e+05
1.216582300000000032e+03 9.200000000000000000e+03
1.217215799999999945e+03 3.700000000000000000e+04
1.217591300000000047e+03 1.700000000000000000e+04
1.219631399999999985e+03 1.600000000000000000e+04
1.220834700000000112e+03 5.100000000000000000e+04
1.223236000000000104e+03 1.300000000000000000e+03
1.224829099999999926e+03 1.100000000000000000e+04
1.225202800000000025e+03 8.900000000000000000e+03
1.226774699999999939e+03 3.800000000000000000e+04
1.228122000000000071e+03 8.500000000000000000e+03
1.231734699999999975e+03 3.200000000000000000e+04
1.233884099999999989e+03 2.800000000000000000e+03
1.233902499999999918e+03 2.000000000000000000e+04
1.235106099999999969e+03 1.400000000000000000e+04
1.235515000000000100e+03 2.000000000000000000e+04
1.255293179999999893e+03 2.000000000000000000e+05
1.256485400000000027e+03 7.000000000000000000e+04
1.256557350000000042e+03 2.500000000000000000e+05
1.257249080000000049e+03 1.800000000000000000e+05
1.258505580000000009e+03 2.800000000000000000e+05
1.260493719999999939e+03 3.300000000000000000e+05
1.261756685999999945e+03 8.100000000000000000e+05
1.268209900000000061e+03 2.300000000000000000e+04
1.290074499999999944e+03 8.300000000000000000e+03
1.295340999999999894e+03 2.100000000000000000e+03
1.297409000000000106e+03 2.800000000000000000e+04
1.316426699999999983e+03 1.400000000000000000e+04
1.350596459000000095e+03 8.900000000000000000e+05
1.356336622000000034e+03 5.300000000000000000e+05
1.358504799999999932e+03 2.200000000000000000e+05
1.370155756999999994e+03 3.300000000000000000e+05
1.370704799999999977e+03 6.300000000000000000e+03
1.370911499999999933e+03 4.600000000000000000e+04
1.372703999999999951e+03 1.500000000000000000e+04
1.374562799999999925e+03 5.100000000000000000e+04
1.374770299999999907e+03 1.500000000000000000e+05
1.376909000000000106e+03 6.300000000000000000e+04
1.394349400000000060e+03 1.800000000000000000e+04
1.394383700000000090e+03 2.000000000000000000e+04
1.431075160000000096e+03 3.300000000000000000e+04
1.433609999999999900e+03 1.500000000000000000e+05
1.440359760000000051e+03 8.700000000000000000e+05
1.440721029999999928e+03 3.500000000000000000e+05
1.442406975999999986e+03 1.500000000000000000e+06
1.443297739999999976e+03 2.900000000000000000e+05
1.444619999999999891e+03 2.600000000000000000e+05
1.447567999999999984e+03 1.500000000000000000e+05
1.452346420000000080e+03 6.800000000000000000e+04
1.453209419999999909e+03 6.300000000000000000e+04
1.454647015000000010e+03 9.500000000000000000e+06
1.455558999999999969e+03 2.700000000000000000e+03
1.463239600000000110e+03 2.400000000000000000e+04
1.464099099999999908e+03 1.000000000000000000e+05
1.474235300000000052e+03 3.400000000000000000e+04
1.478363100000000031e+03 1.500000000000000000e+04
1.478699640000000045e+03 1.300000000000000000e+05
1.481078009999999949e+03 1.500000000000000000e+04
1.483664600000000064e+03 1.300000000000000000e+04
1.484772899999999936e+03 1.200000000000000000e+04
1.485582930000000033e+03 3.100000000000000000e+04
1.534718000000000075e+03 5.700000000000000000e+03
1.573164780000000064e+03 3.200000000000000000e+04
1.578881210000000010e+03 3.100000000000000000e+04
1.578920100000000048e+03 3.200000000000000000e+04
1.585693670000000111e+03 5.700000000000000000e+04
1.600924099999999953e+03 1.600000000000000000e+05
1.602607739999999922e+03 1.500000000000000000e+05
1.633837700000000041e+03 3.300000000000000000e+04
1.642021590000000060e+03 3.500000000000000000e+04
1.642370269999999891e+03 1.200000000000000000e+05
1.646955570000000080e+03 2.400000000000000000e+04
1.647305939999999964e+03 4.400000000000000000e+04
1.647543899999999894e+03 2.000000000000000000e+04
1.650968049999999948e+03 2.200000000000000000e+04
1.685960900000000038e+03 1.900000000000000000e+04
1.689283200000000079e+03 2.500000000000000000e+04
1.689314300000000003e+03 9.400000000000000000e+03
1.689499919999999975e+03 7.600000000000000000e+05
1.695875900000000001e+03 1.100000000000000000e+04
1.704981170000000020e+03 5.100000000000000000e+04
1.709091699999999946e+03 3.800000000000000000e+03
1.709468200000000024e+03 3.900000000000000000e+03
1.709724200000000110e+03 6.400000000000000000e+03
1.719925999999999931e+03 7.100000000000000000e+03
1.723245599999999968e+03 2.300000000000000000e+03
1.723919709999999895e+03 1.200000000000000000e+05
1.724801999999999907e+03 6.400000000000000000e+03
1.727972029999999904e+03 1.600000000000000000e+05
1.730642000000000053e+03 4.800000000000000000e+04
1.732634199999999964e+03 6.100000000000000000e+04
1.732815970000000107e+03 1.000000000000000000e+05
1.732897400000000061e+03 2.400000000000000000e+04
1.734211600000000089e+03 1.100000000000000000e+04
1.734331259999999929e+03 3.900000000000000000e+05
1.735114700000000084e+03 4.800000000000000000e+03
1.741304100000000062e+03 1.200000000000000000e+04
1.743215899999999920e+03 5.900000000000000000e+04
1.743285000000000082e+03 1.600000000000000000e+04
1.745333740000000034e+03 3.600000000000000000e+05
1.745567099999999982e+03 1.300000000000000000e+04
1.745600799999999936e+03 6.100000000000000000e+03
1.746074650000000020e+03 1.200000000000000000e+05
1.748042999999999893e+03 1.500000000000000000e+04
1.748076900000000023e+03 1.500000000000000000e+04
1.748278999999999996e+03 9.200000000000000000e+04
1.748808299999999917e+03 3.500000000000000000e+03
1.751041629999999941e+03 1.700000000000000000e+05
1.752086000000000013e+03 1.500000000000000000e+05
1.752608099999999922e+03 3.800000000000000000e+04
1.752654899999999998e+03 5.400000000000000000e+03
1.753117999999999938e+03 1.100000000000000000e+04
1.755001400000000103e+03 1.000000000000000000e+04
1.755573699999999917e+03 1.200000000000000000e+04
1.755874499999999898e+03 5.900000000000000000e+03
1.755923350000000028e+03 6.400000000000000000e+04
1.759719000000000051e+03 1.500000000000000000e+04
1.761004959999999983e+03 6.200000000000000000e+04
1.761661299999999983e+03 1.400000000000000000e+04
1.762694310000000087e+03 3.600000000000000000e+04
1.764219700000000103e+03 1.400000000000000000e+05
1.764304100000000062e+03 1.300000000000000000e+04
1.767697300000000041e+03 3.000000000000000000e+04
1.777379300000000057e+03 1.200000000000000000e+05
1.778180900000000065e+03 7.000000000000000000e+03
1.778616440000000011e+03 1.500000000000000000e+04
1.779099999999999909e+03 1.300000000000000000e+04
1.779454999999999927e+03 2.500000000000000000e+04
1.779809670000000096e+03 5.400000000000000000e+04
1.781856099999999969e+03 3.200000000000000000e+04
1.781890540000000101e+03 9.900000000000000000e+04
1.783116729999999961e+03 1.400000000000000000e+05
1.783178599999999960e+03 1.100000000000000000e+04
1.785268700000000081e+03 3.800000000000000000e+03
1.785839699999999993e+03 1.100000000000000000e+04
1.786193999999999960e+03 9.200000000000000000e+03
1.792329520000000002e+03 7.500000000000000000e+04
1.796409000000000106e+03 3.100000000000000000e+04
1.797128999999999905e+03 2.800000000000000000e+04
1.802681399999999940e+03 5.400000000000000000e+04
1.803102769999999964e+03 1.400000000000000000e+04
1.803557000000000016e+03 2.800000000000000000e+04
1.803974470000000110e+03 4.400000000000000000e+04
1.806763200000000097e+03 8.500000000000000000e+03
1.808211000000000013e+03 2.700000000000000000e+03
1.808826999999999998e+03 1.600000000000000000e+04
1.809258000000000038e+03 1.300000000000000000e+04
1.809535660000000007e+03 3.100000000000000000e+04
1.809660800000000108e+03 7.200000000000000000e+03
1.814473199999999906e+03 1.000000000000000000e+05
1.816189300000000003e+03 9.800000000000000000e+03
1.822612820000000056e+03 1.500000000000000000e+05
1.823618999999999915e+03 1.300000000000000000e+04
1.832561500000000024e+03 1.100000000000000000e+05
1.832650499999999965e+03 7.300000000000000000e+03
1.852958900000000085e+03 2.800000000000000000e+04
1.853026000000000067e+03 9.600000000000000000e+03
1.855280999999999949e+03 1.400000000000000000e+04
1.884960630000000037e+03 4.800000000000000000e+04
1.893173839999999927e+03 6.400000000000000000e+04
1.927350300000000061e+03 7.800000000000000000e+03
1.936986400000000003e+03 9.800000000000000000e+03
1.972737630000000081e+03 8.400000000000000000e+04
2.102886939999999868e+03 5.600000000000000000e+04
2.116143099999999777e+03 1.300000000000000000e+04
2.116195999999999913e+03 9.600000000000000000e+03
2.119706099999999878e+03 3.800000000000000000e+04
2.119756600000000162e+03 2.800000000000000000e+04
2.121726459999999861e+03 3.400000000000000000e+04
2.126502300000000105e+03 5.100000000000000000e+03
2.126570499999999811e+03 8.200000000000000000e+04
2.130097699999999804e+03 1.400000000000000000e+04
2.169765600000000177e+03 7.400000000000000000e+03
2.173456700000000183e+03 4.400000000000000000e+03
2.216210000000000036e+03 3.700000000000000000e+03
2.216650099999999838e+03 1.600000000000000000e+04
2.217281599999999798e+03 5.400000000000000000e+03
2.291281390000000101e+03 6.600000000000000000e+04
2.316110000000000127e+03 9.300000000000000000e+03
2.344440000000000055e+03 0.000000000000000000e+00
2.344940000000000055e+03 0.000000000000000000e+00
2.444965499999999793e+03 1.000000000000000000e+04
2.556549140000000079e+03 3.500000000000000000e+04
2.563144499999999880e+03 7.100000000000000000e+03
2.569876000000000204e+03 2.900000000000000000e+04
2.570454999999999927e+03 2.400000000000000000e+04
2.571309900000000198e+03 1.900000000000000000e+04
2.584058199999999943e+03 3.200000000000000000e+04
2.584918599999999969e+03 1.800000000000000000e+04
2.597202999999999975e+03 3.000000000000000000e+03
2.597275000000000091e+03 2.400000000000000000e+03
2.601548099999999977e+03 7.600000000000000000e+03
2.601974000000000160e+03 1.000000000000000000e+03
2.602148999999999887e+03 2.400000000000000000e+03
2.617964800000000196e+03 6.500000000000000000e+03
2.618235000000000127e+03 3.600000000000000000e+03
2.618436700000000201e+03 2.900000000000000000e+03
2.618547999999999774e+03 4.400000000000000000e+03
2.630635000000000218e+03 2.900000000000000000e+03
2.737405000000000200e+03 1.300000000000000000e+03
2.840489000000000033e+03 1.800000000000000000e+03
2.876574099999999817e+03 4.300000000000000000e+03
2.882457600000000184e+03 1.900000000000000000e+04
2.915814800000000105e+03 6.500000000000000000e+04
3.017121999999999844e+03 1.200000000000000000e+03
3.086205899999999929e+03 2.700000000000000000e+04
3.098583299999999781e+03 1.000000000000000000e+04
3.104809299999999894e+03 8.800000000000000000e+03
3.116199900000000071e+03 5.000000000000000000e+03
3.128963220000000092e+03 3.400000000000000000e+04
3.130593800000000101e+03 1.400000000000000000e+04
3.146927799999999934e+03 1.500000000000000000e+04
3.196411999999999807e+03 2.000000000000000000e+03
3.291017199999999775e+03 8.000000000000000000e+03
3.291956000000000131e+03 2.400000000000000000e+03
3.292957100000000082e+03 4.300000000000000000e+03
3.293364199999999983e+03 2.500000000000000000e+03
3.297828899999999976e+03 4.800000000000000000e+03
3.304923330000000078e+03 2.500000000000000000e+04
3.312490999999999985e+03 1.600000000000000000e+03
3.313272350000000188e+03 2.300000000000000000e+04
3.313955899999999929e+03 8.300000000000000000e+03
3.315469000000000051e+03 1.600000000000000000e+03
3.317578199999999924e+03 1.300000000000000000e+04
3.321098399999999856e+03 4.700000000000000000e+03
3.329501999999999953e+03 6.600000000000000000e+03
3.333262099999999919e+03 9.500000000000000000e+03
3.335490499999999884e+03 1.300000000000000000e+04
3.344707499999999982e+03 8.200000000000000000e+03
3.346394650000000183e+03 2.700000000000000000e+04
3.364782000000000153e+03 2.500000000000000000e+03
3.367013899999999921e+03 4.900000000000000000e+03
3.372700280000000021e+03 3.900000000000000000e+04
3.373829519999999775e+03 6.200000000000000000e+04
3.378395160000000033e+03 4.600000000000000000e+04
3.381065999999999804e+03 8.400000000000000000e+03
3.381856209999999919e+03 3.900000000000000000e+04
3.382420599999999922e+03 1.700000000000000000e+04
3.388510099999999966e+03 1.400000000000000000e+04
3.394264599999999973e+03 4.300000000000000000e+03
3.407501699999999801e+03 3.500000000000000000e+04
3.416878099999999904e+03 1.200000000000000000e+03
3.428210999999999785e+03 3.800000000000000000e+03
3.431186000000000149e+03 1.600000000000000000e+03
3.468546049999999923e+03 2.300000000000000000e+04
3.564984699999999975e+03 1.800000000000000000e+04
3.577287299999999959e+03 1.900000000000000000e+03
3.583841499999999996e+03 3.800000000000000000e+03
3.600599000000000160e+03 3.100000000000000000e+03
3.607429299999999785e+03 5.200000000000000000e+03
3.624411300000000210e+03 1.500000000000000000e+04
3.666920999999999822e+03 2.900000000000000000e+03
3.673623999999999796e+03 2.500000000000000000e+03
3.692161999999999807e+03 3.400000000000000000e+03
3.718290599999999813e+03 1.300000000000000000e+04
3.722292140000000018e+03 5.500000000000000000e+04
3.722973700000000008e+03 1.100000000000000000e+04
3.725066960000000108e+03 3.100000000000000000e+04
3.734898999999999887e+03 1.700000000000000000e+04
3.743755999999999858e+03 1.400000000000000000e+03
3.749340799999999945e+03 4.700000000000000000e+03
3.751394200000000183e+03 1.000000000000000000e+04
3.768618300000000090e+03 7.200000000000000000e+03
3.769060899999999947e+03 1.200000000000000000e+04
3.777326300000000174e+03 7.000000000000000000e+03
3.781117000000000189e+03 1.000000000000000000e+03
3.788619999999999891e+03 5.200000000000000000e+02
3.795018999999999778e+03 2.000000000000000000e+03
3.796014999999999873e+03 2.200000000000000000e+03
3.796786999999999807e+03 1.600000000000000000e+03
3.800155000000000200e+03 3.900000000000000000e+03
3.815546699999999873e+03 5.400000000000000000e+03
3.815815999999999804e+03 1.700000000000000000e+03
3.818128999999999905e+03 1.900000000000000000e+03
3.842906399999999849e+03 6.100000000000000000e+03
3.858064699999999903e+03 6.000000000000000000e+03
3.867351839999999811e+03 3.800000000000000000e+04
3.868983679999999822e+03 2.900000000000000000e+04
3.870931099999999788e+03 2.000000000000000000e+04
3.881230000000000018e+03 8.100000000000000000e+03
3.885065000000000055e+03 2.100000000000000000e+03
3.891111800000000130e+03 7.900000000000000000e+03
3.891262999999999920e+03 1.200000000000000000e+03
3.897275999999999840e+03 4.000000000000000000e+03
3.901065000000000055e+03 1.100000000000000000e+03
3.901065000000000055e+03 1.100000000000000000e+03
3.907217999999999847e+03 1.800000000000000000e+03
3.907523999999999887e+03 2.400000000000000000e+03
3.935252700000000004e+03 4.900000000000000000e+03
3.957293000000000120e+03 2.600000000000000000e+03
3.964313000000000102e+03 1.400000000000000000e+03
3.973996200000000044e+03 5.900000000000000000e+03
3.980476599999999962e+03 1.100000000000000000e+04
3.985487200000000030e+03 7.000000000000000000e+03
3.987599999999999909e+03 1.400000000000000000e+03
3.988626699999999801e+03 1.000000000000000000e+04
3.988626699999999801e+03 1.000000000000000000e+04
3.988804700000000139e+03 1.400000000000000000e+04
3.992310599999999795e+03 1.900000000000000000e+04
3.994556999999999789e+03 9.900000000000000000e+02
3.994556999999999789e+03 9.900000000000000000e+02
3.994989000000000033e+03 1.300000000000000000e+03
3.994989000000000033e+03 1.300000000000000000e+03
3.998349999999999909e+03 2.300000000000000000e+04
3.998669600000000173e+03 1.600000000000000000e+04
3.999112999999999829e+03 6.500000000000000000e+02
3.999429999999999836e+03 3.500000000000000000e+03
4.001009700000000066e+03 7.900000000000000000e+03
4.001440000000000055e+03 8.900000000000000000e+03
4.009067100000000210e+03 2.500000000000000000e+03
4.009592999999999847e+03 1.800000000000000000e+03
4.010197599999999966e+03 4.200000000000000000e+03
4.017780000000000200e+03 2.600000000000000000e+03
4.023898999999999887e+03 1.600000000000000000e+03
4.023898999999999887e+03 1.600000000000000000e+03
4.024179999999999836e+03 1.300000000000000000e+03
4.033923400000000129e+03 2.200000000000000000e+04
4.034574900000000071e+03 1.500000000000000000e+04
4.038193200000000161e+03 1.200000000000000000e+04
4.038193200000000161e+03 1.200000000000000000e+04
4.038449099999999817e+03 1.400000000000000000e+04
4.049043000000000120e+03 2.200000000000000000e+03
4.054143999999999778e+03 6.700000000000000000e+04
4.061601999999999862e+03 2.700000000000000000e+03
4.061780299999999897e+03 5.500000000000000000e+03
4.061780299999999897e+03 5.500000000000000000e+03
4.080547999999999774e+03 1.200000000000000000e+03
4.086581000000000131e+03 3.600000000000000000e+03
4.088121999999999844e+03 1.500000000000000000e+03
4.096626000000000204e+03 1.500000000000000000e+03
4.097078999999999724e+03 2.700000000000000000e+03
4.129467999999999847e+03 7.400000000000000000e+02
4.136979999999999563e+03 9.900000000000000000e+02
4.143333999999999833e+03 1.500000000000000000e+03
4.143605999999999767e+03 9.500000000000000000e+02
4.152168999999999869e+03 5.600000000000000000e+02
4.197037000000000262e+03 1.800000000000000000e+03
4.202275999999999840e+03 1.900000000000000000e+03
4.202478000000000065e+03 4.200000000000000000e+03
4.206479000000000269e+03 7.200000000000000000e+03
4.420337999999999738e+03 4.900000000000000000e+02
4.499260000000000218e+03 9.200000000000000000e+03
4.592734000000000378e+03 8.100000000000000000e+03
4.918378999999999905e+03 7.900000000000000000e+03
4.937662000000000262e+03 1.900000000000000000e+03
4.962912999999999556e+03 2.100000000000000000e+03
4.982554000000000087e+03 2.000000000000000000e+03
4.993451000000000022e+03 2.600000000000000000e+03
5.019462000000000444e+03 1.400000000000000000e+03
5.256880000000000109e+03 1.900000000000000000e+04
5.459734999999999673e+03 6.200000000000000000e+03
5.788010000000000218e+03 2.900000000000000000e+04
7.421149999999999636e+03 5.500000000000000000e+02
7.421149999999999636e+03 5.500000000000000000e+02
7.437340000000000146e+03 1.100000000000000000e+03
7.437340000000000146e+03 1.100000000000000000e+03
7.438639000000000124e+03 1.300000000000000000e+03
7.438639000000000124e+03 1.300000000000000000e+03
7.439869999999999891e+03 2.100000000000000000e+03
7.439869999999999891e+03 2.100000000000000000e+03
7.456020000000000437e+03 1.100000000000000000e+03
7.456020000000000437e+03 1.100000000000000000e+03
7.469840000000000146e+03 1.100000000000000000e+03
7.469840000000000146e+03 1.100000000000000000e+03
3.704150439999999944e+05 0.000000000000000000e+00
6.091353360000000102e+05 0.000000000000000000e+00
