1.831500000000000128e+01 0.000000000000000000e+00
1.847200000000000131e+01 0.000000000000000000e+00
1.874299999999999855e+01 0.000000000000000000e+00
1.903600000000000136e+01 2.000000000000000000e+02
1.904599999999999937e+01 2.500000000000000000e+02
1.923999999999999844e+01 0.000000000000000000e+00
1.969699999999999918e+01 2.500000000000000000e+02
1.995499999999999829e+01 3.000000000000000000e+02
2.005099999999999838e+01 2.500000000000000000e+02
2.029009999999999891e+01 0.000000000000000000e+00
2.319650000000000034e+01 0.000000000000000000e+00
2.482999999999999829e+01 0.000000000000000000e+00
2.482999999999999829e+01 0.000000000000000000e+00
2.494099999999999895e+01 1.500000000000000000e+02
2.500000000000000000e+01 0.000000000000000000e+00
2.501000000000000156e+01 0.000000000000000000e+00
2.501500000000000057e+01 1.500000000000000000e+02
2.501999999999999957e+01 0.000000000000000000e+00
2.503000000000000114e+01 0.000000000000000000e+00
2.513500000000000156e+01 1.500000000000000000e+02
2.519000000000000128e+01 0.000000000000000000e+00
2.519999999999999929e+01 0.000000000000000000e+00
2.526000000000000156e+01 0.000000000000000000e+00
2.526000000000000156e+01 0.000000000000000000e+00
2.544000000000000128e+01 0.000000000000000000e+00
2.544999999999999929e+01 0.000000000000000000e+00
2.562999999999999901e+01 0.000000000000000000e+00
2.562999999999999901e+01 0.000000000000000000e+00
2.579799999999999827e+01 2.650000000000000000e+02
2.582000000000000028e+01 0.000000000000000000e+00
2.582999999999999829e+01 0.000000000000000000e+00
2.587000000000000099e+01 0.000000000000000000e+00
2.604500000000000171e+01 1.650000000000000000e+02
2.625000000000000000e+01 0.000000000000000000e+00
2.626000000000000156e+01 0.000000000000000000e+00
2.644999999999999929e+01 0.000000000000000000e+00
2.646999999999999886e+01 0.000000000000000000e+00
2.655000000000000071e+01 0.000000000000000000e+00
2.677700000000000102e+01 4.000000000000000000e+02
2.703099999999999881e+01 3.000000000000000000e+02
2.711400000000000077e+01 2.000000000000000000e+02
2.722700000000000031e+01 2.500000000000000000e+02
2.729799999999999827e+01 2.000000000000000000e+02
2.736949999999999861e+01 4.200000000000000000e+04
2.744610000000000127e+01 2.000000000000000000e+04
2.809900000000000020e+01 4.000000000000000000e+02
2.849800000000000111e+01 3.000000000000000000e+02
2.869600000000000151e+01 4.500000000000000000e+02
2.965500000000000114e+01 2.500000000000000000e+02
2.969579999999999842e+01 1.900000000000000000e+05
2.993199999999999861e+01 2.000000000000000000e+02
3.017409999999999926e+01 1.100000000000000000e+05
3.043299999999999983e+01 8.000000000000000000e+04
3.049099999999999966e+01 8.000000000000000000e+04
3.180900000000000105e+01 2.000000000000000000e+02
3.183899999999999864e+01 5.000000000000000000e+01
3.215899999999999892e+01 1.200000000000000000e+02
3.221699999999999875e+01 5.000000000000000000e+02
3.227600000000000335e+01 2.500000000000000000e+02
3.232200000000000273e+01 3.000000000000000000e+02
3.244800000000000040e+01 2.500000000000000000e+02
3.252799999999999869e+01 2.500000000000000000e+02
3.291199999999999903e+01 2.500000000000000000e+02
3.293900000000000006e+01 1.500000000000000000e+02
3.309400000000000119e+01 3.000000000000000000e+02
3.314399999999999835e+01 2.000000000000000000e+02
3.319899999999999807e+01 2.500000000000000000e+02
3.325300000000000011e+01 2.350000000000000000e+02
3.328099999999999881e+01 1.500000000000000000e+02
3.334400000000000119e+01 2.000000000000000000e+02
3.335699999999999932e+01 2.000000000000000000e+02
3.345499999999999829e+01 3.000000000000000000e+02
3.353399999999999892e+01 2.500000000000000000e+02
3.365500000000000114e+01 2.000000000000000000e+02
3.375399999999999778e+01 2.000000000000000000e+02
3.380599999999999739e+01 2.500000000000000000e+02
3.388300000000000267e+01 2.000000000000000000e+02
3.397899999999999920e+01 1.500000000000000000e+02
3.402900000000000347e+01 2.000000000000000000e+02
3.412899999999999778e+01 2.000000000000000000e+02
3.414600000000000080e+01 2.000000000000000000e+02
3.424499999999999744e+01 2.500000000000000000e+02
3.431900000000000261e+01 1.000000000000000000e+02
3.434400000000000119e+01 2.000000000000000000e+02
3.436399999999999721e+01 2.000000000000000000e+02
3.439300000000000068e+01 2.500000000000000000e+02
3.449600000000000222e+01 2.000000000000000000e+02
3.451299999999999812e+01 2.150000000000000000e+02
3.529200000000000159e+01 4.500000000000000000e+02
3.562500000000000000e+01 2.500000000000000000e+02
3.579800000000000182e+01 1.800000000000000000e+07
3.747399999999999665e+01 2.500000000000000000e+02
3.771800000000000352e+01 2.500000000000000000e+02
3.870799999999999841e+01 2.000000000000000000e+02
4.037239999999999895e+01 2.300000000000000000e+06
4.099539999999999651e+01 1.200000000000000000e+06
4.250000000000000000e+01 7.500000000000000000e+02
4.345700000000000074e+01 6.000000000000000000e+02
4.372699999999999676e+01 1.000000000000000000e+02
4.377700000000000102e+01 2.500000000000000000e+02
4.389300000000000068e+01 2.000000000000000000e+02
4.396909999999999741e+01 4.200000000000000000e+04
4.438199999999999790e+01 7.500000000000000000e+02
4.450200000000000244e+01 5.000000000000000000e+01
4.505700000000000216e+01 5.000000000000000000e+02
4.545499999999999829e+01 5.000000000000000000e+01
4.569800000000000040e+01 2.500000000000000000e+02
4.610900000000000176e+01 2.500000000000000000e+02
4.905490000000000350e+01 2.900000000000000000e+03
5.524110000000000298e+01 4.800000000000000000e+03
5.585999999999999943e+01 5.000000000000000000e+02
5.619590000000000174e+01 7.000000000000000000e+03
5.626069999999999993e+01 3.600000000000000000e+03
5.654599999999999937e+01 1.500000000000000000e+02
5.800580000000000069e+01 2.400000000000000000e+03
5.833500000000000085e+01 2.200000000000000000e+03
5.865469999999999828e+01 2.000000000000000000e+03
5.873539999999999850e+01 1.500000000000000000e+04
5.890129999999999910e+01 3.600000000000000000e+03
5.909870000000000090e+01 3.400000000000000000e+03
5.915840000000000032e+01 8.000000000000000000e+03
5.936449999999999960e+01 7.000000000000000000e+02
5.949779999999999802e+01 6.000000000000000000e+03
5.966749999999999687e+01 5.000000000000000000e+03
5.972910000000000252e+01 6.000000000000000000e+03
6.002210000000000178e+01 6.000000000000000000e+02
6.008520000000000039e+01 2.800000000000000000e+03
6.067560000000000286e+01 1.400000000000000000e+03
6.102250000000000085e+01 1.300000000000000000e+03
6.165809999999999746e+01 1.000000000000000000e+03
6.189229999999999876e+01 6.000000000000000000e+02
6.248210000000000264e+01 3.200000000000000000e+03
6.252689999999999770e+01 1.000000000000000000e+03
6.286630000000000251e+01 6.000000000000000000e+03
6.299210000000000065e+01 7.000000000000000000e+02
6.310150000000000148e+01 1.700000000000000000e+03
6.320170000000000243e+01 2.900000000000000000e+03
6.333250000000000313e+01 1.600000000000000000e+03
6.334680000000000177e+01 9.000000000000000000e+02
6.335880000000000223e+01 9.000000000000000000e+03
6.354809999999999803e+01 1.600000000000000000e+03
6.363179999999999836e+01 1.600000000000000000e+03
6.363880000000000337e+01 8.000000000000000000e+02
6.364820000000000277e+01 6.000000000000000000e+02
6.366409999999999769e+01 5.000000000000000000e+02
6.371110000000000184e+01 1.500000000000000000e+03
6.377879999999999683e+01 8.000000000000000000e+02
6.379299999999999926e+01 4.000000000000000000e+02
6.391239999999999810e+01 2.600000000000000000e+03
6.402800000000000580e+01 4.100000000000000000e+03
6.431199999999999761e+01 3.000000000000000000e+02
6.434260000000000446e+01 7.000000000000000000e+02
6.434820000000000562e+01 7.000000000000000000e+02
6.444840000000000657e+01 9.000000000000000000e+02
6.463429999999999609e+01 3.300000000000000000e+03
6.465699999999999648e+01 4.000000000000000000e+02
6.478799999999999670e+01 2.500000000000000000e+02
6.486180000000000234e+01 1.300000000000000000e+03
6.508419999999999561e+01 5.000000000000000000e+02
6.515500000000000114e+01 2.500000000000000000e+02
6.553419999999999845e+01 4.900000000000000000e+02
6.559999999999999432e+01 7.500000000000000000e+02
6.567600000000000193e+01 3.000000000000000000e+02
6.629810000000000514e+01 6.000000000000000000e+02
6.696999999999999886e+01 5.000000000000000000e+02
6.722490000000000521e+01 1.900000000000000000e+03
6.754240000000000066e+01 5.000000000000000000e+02
6.776200000000000045e+01 2.600000000000000000e+03
6.798449999999999704e+01 5.000000000000000000e+02
6.800490000000000634e+01 1.600000000000000000e+03
6.826319999999999766e+01 3.200000000000000000e+03
6.840179999999999438e+01 2.500000000000000000e+03
6.846590000000000487e+01 9.000000000000000000e+02
6.854080000000000439e+01 4.600000000000000000e+03
6.885429999999999495e+01 8.000000000000000000e+02
6.896020000000000039e+01 3.000000000000000000e+03
6.897079999999999700e+01 4.500000000000000000e+02
6.909629999999999939e+01 2.300000000000000000e+03
6.911360000000000525e+01 3.000000000000000000e+03
6.914319999999999311e+01 4.800000000000000000e+02
6.921479999999999677e+01 8.000000000000000000e+02
6.934869999999999379e+01 3.600000000000000000e+03
6.941540000000000532e+01 4.400000000000000000e+02
6.943699999999999761e+01 8.000000000000000000e+02
6.948980000000000246e+01 2.200000000000000000e+03
6.949939999999999429e+01 2.200000000000000000e+03
6.952190000000000225e+01 1.400000000000000000e+03
6.960309999999999775e+01 1.400000000000000000e+03
6.975509999999999877e+01 4.200000000000000000e+03
6.986899999999999977e+01 4.200000000000000000e+02
6.990850000000000364e+01 4.100000000000000000e+03
6.997150000000000603e+01 4.700000000000000000e+02
6.998909999999999343e+01 4.100000000000000000e+03
7.013899999999999579e+01 1.200000000000000000e+04
7.039579999999999416e+01 2.900000000000000000e+03
7.047719999999999629e+01 1.300000000000000000e+03
7.054259999999999309e+01 2.600000000000000000e+03
7.085209999999999297e+01 8.000000000000000000e+02
7.098019999999999641e+01 3.800000000000000000e+02
7.138559999999999661e+01 8.000000000000000000e+02
7.146280000000000143e+01 7.000000000000000000e+02
7.161360000000000525e+01 4.100000000000000000e+02
7.166540000000000532e+01 4.000000000000000000e+02
7.168760000000000332e+01 4.000000000000000000e+02
7.172830000000000439e+01 1.200000000000000000e+03
7.176380000000000337e+01 4.000000000000000000e+02
7.178360000000000696e+01 1.200000000000000000e+03
7.191240000000000521e+01 4.000000000000000000e+02
7.223820000000000618e+01 2.900000000000000000e+02
7.247620000000000573e+01 3.400000000000000000e+02
7.259560000000000457e+01 1.100000000000000000e+03
7.276560000000000628e+01 1.100000000000000000e+04
7.280039999999999623e+01 1.100000000000000000e+03
7.304739999999999611e+01 6.000000000000000000e+02
7.312149999999999750e+01 1.700000000000000000e+03
7.322440000000000282e+01 1.700000000000000000e+03
7.328940000000000055e+01 6.000000000000000000e+03
7.330960000000000321e+01 3.300000000000000000e+02
7.362390000000000612e+01 1.000000000000000000e+03
7.366930000000000689e+01 1.100000000000000000e+04
7.368229999999999791e+01 6.000000000000000000e+02
7.388450000000000273e+01 1.600000000000000000e+03
7.401600000000000534e+01 2.400000000000000000e+02
7.403300000000000125e+01 1.600000000000000000e+03
7.405530000000000257e+01 3.200000000000000000e+04
7.425409999999999400e+01 2.500000000000000000e+03
7.426720000000000255e+01 2.000000000000000000e+03
7.442929999999999779e+01 1.000000000000000000e+03
7.460599999999999454e+01 1.000000000000000000e+03
7.462479999999999336e+01 1.100000000000000000e+04
7.479779999999999518e+01 2.900000000000000000e+03
7.494790000000000418e+01 2.000000000000000000e+03
7.553029999999999688e+01 2.100000000000000000e+02
7.646989999999999554e+01 1.400000000000000000e+03
7.703209999999999980e+01 2.600000000000000000e+02
7.724979999999999336e+01 1.300000000000000000e+03
7.796080000000000609e+01 2.400000000000000000e+03
7.799020000000000152e+01 2.500000000000000000e+02
7.851200000000000045e+01 1.600000000000000000e+03
7.861589999999999634e+01 8.000000000000000000e+02
7.910509999999999309e+01 4.300000000000000000e+02
7.995289999999999964e+01 7.000000000000000000e+02
8.003010000000000446e+01 2.200000000000000000e+03
8.005500000000000682e+01 1.800000000000000000e+03
8.008859999999999957e+01 2.200000000000000000e+02
8.033960000000000434e+01 1.800000000000000000e+03
8.035529999999999973e+01 2.200000000000000000e+02
8.096420000000000528e+01 1.100000000000000000e+03
8.099299999999999500e+01 2.100000000000000000e+03
8.104340000000000543e+01 1.400000000000000000e+03
8.106870000000000687e+01 1.700000000000000000e+03
8.146089999999999520e+01 1.500000000000000000e+02
8.170560000000000400e+01 1.000000000000000000e+04
8.172230000000000416e+01 6.000000000000000000e+02
8.174800000000000466e+01 1.000000000000000000e+03
8.183209999999999695e+01 1.600000000000000000e+03
8.201309999999999434e+01 1.300000000000000000e+03
8.215720000000000312e+01 6.000000000000000000e+03
8.224320000000000164e+01 1.300000000000000000e+03
8.258799999999999386e+01 1.500000000000000000e+03
8.261079999999999757e+01 1.500000000000000000e+03
8.289199999999999591e+01 1.200000000000000000e+03
8.294450000000000500e+01 6.000000000000000000e+02
8.307769999999999300e+01 6.000000000000000000e+02
8.310769999999999413e+01 1.500000000000000000e+03
8.331409999999999627e+01 1.200000000000000000e+03
8.358610000000000184e+01 6.000000000000000000e+02
8.360240000000000293e+01 9.000000000000000000e+02
8.367690000000000339e+01 1.400000000000000000e+03
8.379179999999999495e+01 6.000000000000000000e+02
8.382370000000000232e+01 1.400000000000000000e+03
8.385009999999999764e+01 3.200000000000000000e+02
8.403170000000000073e+01 3.200000000000000000e+02
8.405580000000000496e+01 2.100000000000000000e+03
8.477570000000000050e+01 5.000000000000000000e+02
8.556600000000000250e+01 8.000000000000000000e+02
8.559780000000000655e+01 2.800000000000000000e+02
8.567910000000000537e+01 2.200000000000000000e+04
8.640349999999999397e+01 9.000000000000000000e+02
8.644700000000000273e+01 4.500000000000000000e+02
8.656289999999999907e+01 7.000000000000000000e+02
8.675449999999999307e+01 1.100000000000000000e+03
8.701519999999999300e+01 2.500000000000000000e+02
8.740089999999999293e+01 2.400000000000000000e+02
8.753010000000000446e+01 2.400000000000000000e+02
9.384969999999999857e+01 2.800000000000000000e+02
9.661860000000000070e+01 1.900000000000000000e+02
9.849190000000000111e+01 6.000000000000000000e+02
9.951349999999999341e+01 7.000000000000000000e+01
9.978040000000000020e+01 2.200000000000000000e+02
1.002142999999999944e+02 1.200000000000000000e+02
1.005000000000000000e+02 6.000000000000000000e+01
1.009545999999999992e+02 1.900000000000000000e+02
1.012125000000000057e+02 6.000000000000000000e+01
1.013714999999999975e+02 1.900000000000000000e+02
1.018302000000000049e+02 2.800000000000000000e+02
1.018599999999999994e+02 2.800000000000000000e+02
1.020070999999999941e+02 7.000000000000000000e+02
1.023849000000000018e+02 2.900000000000000000e+02
1.026495000000000033e+02 2.600000000000000000e+02
1.032861999999999938e+02 4.000000000000000000e+02
1.034650000000000034e+02 4.700000000000000000e+02
1.035606999999999971e+02 1.500000000000000000e+02
1.036765999999999934e+02 3.100000000000000000e+02
1.040704999999999956e+02 2.400000000000000000e+02
1.044518000000000058e+02 4.500000000000000000e+01
1.049672999999999945e+02 2.800000000000000000e+02
1.060751000000000062e+02 1.300000000000000000e+02
1.064899000000000058e+02 1.300000000000000000e+02
1.067780999999999949e+02 7.000000000000000000e+01
1.074667000000000030e+02 3.700000000000000000e+01
1.099495000000000005e+02 1.100000000000000000e+02
1.124038999999999930e+02 1.600000000000000000e+02
1.145062000000000069e+02 1.500000000000000000e+02
1.148338999999999999e+02 1.500000000000000000e+02
1.149848000000000070e+02 1.900000000000000000e+02
1.152706000000000017e+02 1.500000000000000000e+02
1.181988000000000056e+02 1.900000000000000000e+02
1.187302999999999997e+02 2.900000000000000000e+02
1.188606000000000051e+02 1.200000000000000000e+03
1.190863999999999976e+02 2.900000000000000000e+02
1.193696999999999946e+02 1.900000000000000000e+02
1.200772000000000048e+02 9.000000000000000000e+01
1.202309000000000054e+02 5.000000000000000000e+02
1.203507000000000033e+02 2.900000000000000000e+01
1.207340999999999980e+02 2.000000000000000000e+02
1.207837999999999994e+02 2.400000000000000000e+02
1.208045999999999935e+02 2.000000000000000000e+02
1.208716000000000008e+02 1.000000000000000000e+02
1.211821999999999946e+02 8.000000000000000000e+02
1.212681999999999931e+02 2.400000000000000000e+02
1.213301000000000016e+02 3.600000000000000000e+02
1.217450000000000045e+02 1.000000000000000000e+02
1.218738000000000028e+02 1.000000000000000000e+02
1.222895000000000039e+02 2.500000000000000000e+02
1.223185000000000002e+02 7.000000000000000000e+02
1.225320999999999998e+02 2.500000000000000000e+02
1.225699000000000041e+02 4.600000000000000000e+02
1.228316999999999979e+02 2.500000000000000000e+02
1.230974999999999966e+02 6.000000000000000000e+02
1.234399999999999977e+02 1.600000000000000000e+02
1.236114000000000033e+02 1.000000000000000000e+02
1.239863000000000000e+02 2.100000000000000000e+02
1.239976000000000056e+02 6.000000000000000000e+02
1.243007999999999953e+02 4.800000000000000000e+02
1.253464000000000027e+02 3.900000000000000000e+02
1.254412999999999982e+02 1.700000000000000000e+02
1.259209000000000032e+02 2.200000000000000000e+02
1.261380999999999943e+02 2.200000000000000000e+02
1.262652999999999963e+02 1.100000000000000000e+03
1.269333000000000027e+02 3.400000000000000000e+01
1.270332999999999970e+02 8.000000000000000000e+02
1.272544000000000040e+02 1.800000000000000000e+02
1.273774999999999977e+02 1.800000000000000000e+02
1.278392000000000053e+02 1.500000000000000000e+03
1.281553000000000111e+02 1.100000000000000000e+03
1.285908000000000015e+02 7.000000000000000000e+02
1.286522999999999968e+02 2.000000000000000000e+03
1.288028999999999940e+02 1.900000000000000000e+02
1.293871000000000038e+02 9.000000000000000000e+02
1.298035000000000139e+02 2.100000000000000000e+03
1.309418000000000006e+02 1.300000000000000000e+02
1.310669000000000040e+02 1.000000000000000000e+03
1.317699000000000069e+02 1.700000000000000000e+03
1.328944999999999936e+02 1.400000000000000000e+03
1.335129000000000019e+02 1.800000000000000000e+03
1.337466000000000008e+02 3.500000000000000000e+02
1.341889999999999930e+02 2.400000000000000000e+01
1.342539999999999907e+02 1.200000000000000000e+01
1.355415000000000134e+02 1.100000000000000000e+03
1.360010000000000048e+02 1.500000000000000000e+03
1.362221999999999866e+02 3.900000000000000000e+02
1.378583999999999889e+02 5.000000000000000000e+02
1.385425999999999931e+02 2.200000000000000000e+03
1.397686999999999955e+02 2.300000000000000000e+03
1.420066999999999950e+02 4.900000000000000000e+02
1.432500000000000000e+02 1.200000000000000000e+01
1.433750000000000000e+02 2.000000000000000000e+01
1.433750000000000000e+02 2.000000000000000000e+01
1.453156999999999925e+02 4.900000000000000000e+03
1.459787000000000035e+02 3.800000000000000000e+03
1.461875000000000000e+02 2.900000000000000000e+03
1.463334999999999866e+02 9.000000000000000000e+03
1.465476999999999919e+02 8.000000000000000000e+02
1.480424999999999898e+02 1.800000000000000000e+03
1.480526999999999873e+02 1.800000000000000000e+03
1.484868999999999915e+02 1.100000000000000000e+04
1.496884000000000015e+02 4.200000000000000000e+03
1.506876000000000033e+02 3.200000000000000000e+03
1.528865999999999872e+02 1.900000000000000000e+03
1.545294000000000096e+02 2.200000000000000000e+04
1.553180000000000121e+02 2.000000000000000000e+01
1.554639999999999986e+02 3.200000000000000000e+01
1.554639999999999986e+02 3.200000000000000000e+01
1.555526999999999873e+02 1.000000000000000000e+04
1.562472999999999956e+02 1.800000000000000000e+04
1.571268000000000029e+02 6.000000000000000000e+03
1.586125000000000114e+02 6.000000000000000000e+03
1.595192999999999870e+02 1.900000000000000000e+03
1.642800000000000011e+02 4.000000000000000000e+00
1.643770000000000095e+02 2.000000000000000000e+01
1.644439999999999884e+02 3.600000000000000000e+01
1.649859999999999900e+02 6.000000000000000000e+01
1.651990000000000123e+02 3.200000000000000000e+01
1.673859999999999957e+02 1.200000000000000000e+01
1.680049999999999955e+02 2.000000000000000000e+01
1.680130000000000052e+02 2.000000000000000000e+00
1.684391999999999996e+02 1.300000000000000000e+02
1.688770000000000095e+02 1.700000000000000000e+03
1.691779999999999973e+02 8.000000000000000000e+00
1.698180000000000121e+02 1.600000000000000000e+01
1.698939000000000021e+02 1.700000000000000000e+03
1.720334000000000003e+02 8.000000000000000000e+02
1.754153000000000020e+02 3.000000000000000000e+02
1.762258999999999958e+02 1.800000000000000000e+03
1.773240999999999872e+02 1.000000000000000000e+03
1.783928999999999974e+02 1.700000000000000000e+03
1.788826999999999998e+02 4.300000000000000000e+02
1.794223000000000070e+02 1.700000000000000000e+03
1.798246000000000038e+02 1.300000000000000000e+03
1.800208000000000084e+02 2.800000000000000000e+03
1.807340000000000089e+02 2.000000000000000000e+01
1.807884999999999991e+02 3.700000000000000000e+03
1.812153000000000134e+02 4.700000000000000000e+03
1.813584999999999923e+02 2.100000000000000000e+03
1.814499999999999886e+02 4.000000000000000000e+01
1.814650000000000034e+02 4.000000000000000000e+00
1.822591999999999928e+02 9.000000000000000000e+01
1.830058999999999969e+02 2.600000000000000000e+03
1.835072000000000116e+02 3.800000000000000000e+02
1.838009999999999877e+02 4.000000000000000000e+01
1.840060000000000002e+02 6.000000000000000000e+01
1.840060000000000002e+02 6.000000000000000000e+01
1.843089999999999975e+02 2.000000000000000000e+01
1.845774999999999864e+02 1.100000000000000000e+03
1.850689999999999884e+02 4.000000000000000000e+01
1.851090000000000089e+02 3.000000000000000000e+02
1.860432000000000130e+02 1.400000000000000000e+03
1.870262999999999920e+02 4.100000000000000000e+03
1.872367000000000132e+02 4.100000000000000000e+03
1.876914999999999907e+02 4.200000000000000000e+01
1.894123999999999910e+02 1.300000000000000000e+03
1.894582000000000050e+02 4.000000000000000000e+02
1.907384999999999877e+02 1.000000000000000000e+03
1.910097000000000094e+02 1.700000000000000000e+03
1.911691999999999894e+02 1.000000000000000000e+03
1.938572000000000060e+02 2.500000000000000000e+02
1.939243999999999915e+02 7.000000000000000000e+02
1.939682999999999993e+02 1.200000000000000000e+03
1.943011999999999944e+02 1.600000000000000000e+03
1.948257000000000119e+02 2.000000000000000000e+03
1.951887999999999863e+02 2.400000000000000000e+02
1.952133000000000038e+02 9.000000000000000000e+02
1.952822999999999922e+02 2.900000000000000000e+02
1.953063999999999965e+02 9.000000000000000000e+02
1.953294999999999959e+02 2.400000000000000000e+02
1.953546000000000049e+02 1.200000000000000000e+03
1.958148999999999944e+02 4.300000000000000000e+02
1.958970999999999947e+02 1.100000000000000000e+03
1.964613999999999976e+02 2.600000000000000000e+03
1.967935999999999979e+02 2.600000000000000000e+03
1.971991999999999905e+02 3.400000000000000000e+02
1.972822999999999922e+02 1.900000000000000000e+03
1.977013000000000034e+02 1.100000000000000000e+03
1.978550999999999931e+02 1.100000000000000000e+03
1.981192000000000064e+02 1.400000000000000000e+03
1.989512000000000000e+02 8.000000000000000000e+02
2.000311000000000092e+02 1.400000000000000000e+03
2.000567000000000064e+02 6.000000000000000000e+02
2.001543000000000063e+02 1.400000000000000000e+03
2.002050000000000125e+02 1.100000000000000000e+03
2.003635999999999910e+02 1.100000000000000000e+03
2.014754000000000076e+02 1.000000000000000000e+03
2.019347999999999956e+02 1.300000000000000000e+03
2.021424000000000092e+02 1.000000000000000000e+03
2.026702999999999975e+02 1.000000000000000000e+03
2.027241999999999962e+02 4.700000000000000000e+02
2.028319999999999936e+02 4.700000000000000000e+02
2.034011999999999887e+02 1.700000000000000000e+03
2.042193000000000040e+02 1.700000000000000000e+03
2.046459000000000117e+02 1.300000000000000000e+03
2.047193000000000040e+02 1.000000000000000000e+03
2.047475000000000023e+02 1.000000000000000000e+03
2.047849999999999966e+02 7.000000000000000000e+02
2.048950000000000102e+02 1.000000000000000000e+03
2.057253000000000043e+02 1.000000000000000000e+03
2.062813999999999908e+02 7.000000000000000000e+02
2.064183999999999912e+02 6.000000000000000000e+02
2.068286999999999978e+02 7.000000000000000000e+02
2.075502999999999929e+02 7.000000000000000000e+02
2.079577999999999918e+02 2.100000000000000000e+03
2.099163000000000068e+02 2.100000000000000000e+03
2.103909999999999911e+02 0.000000000000000000e+00
2.107803999999999860e+02 7.000000000000000000e+02
2.113429999999999893e+02 0.000000000000000000e+00
2.113820000000000050e+02 0.000000000000000000e+00
2.115081999999999880e+02 3.400000000000000000e+03
2.123700000000000045e+02 5.000000000000000000e+03
2.127484000000000037e+02 9.000000000000000000e+02
2.129420000000000073e+02 0.000000000000000000e+00
2.129863000000000000e+02 2.600000000000000000e+03
2.132179999999999893e+02 0.000000000000000000e+00
2.132969999999999970e+02 0.000000000000000000e+00
2.134626000000000090e+02 2.500000000000000000e+03
2.137513999999999896e+02 1.800000000000000000e+02
2.140204999999999984e+02 4.000000000000000000e+02
2.141033999999999935e+02 1.900000000000000000e+03
2.141305000000000121e+02 2.100000000000000000e+02
2.144422000000000139e+02 6.000000000000000000e+02
2.150199000000000069e+02 4.800000000000000000e+01
2.151479999999999961e+02 2.000000000000000000e+00
2.153112000000000137e+02 4.000000000000000000e+03
2.161025999999999954e+02 6.000000000000000000e+02
2.164095000000000084e+02 8.000000000000000000e+02
2.170089999999999861e+02 1.300000000000000000e+02
2.172002999999999986e+02 8.000000000000000000e+02
2.172247000000000128e+02 1.400000000000000000e+03
2.173391000000000020e+02 1.700000000000000000e+02
2.179266000000000076e+02 1.100000000000000000e+03
2.182697000000000003e+02 8.000000000000000000e+02
2.186947000000000116e+02 2.500000000000000000e+02
2.191894000000000062e+02 6.000000000000000000e+02
2.196854999999999905e+02 2.000000000000000000e+02
2.198480000000000132e+02 0.000000000000000000e+00
2.201419999999999959e+02 5.000000000000000000e+00
2.203091000000000008e+02 8.000000000000000000e+02
2.205003000000000100e+02 1.000000000000000000e+03
2.209300000000000068e+02 0.000000000000000000e+00
2.220542000000000087e+02 1.000000000000000000e+03
2.226251000000000033e+02 1.600000000000000000e+02
2.232128999999999905e+02 6.000000000000000000e+02
2.234308000000000050e+02 2.300000000000000000e+02
2.253144000000000062e+02 3.500000000000000000e+02
2.255903999999999883e+02 4.400000000000000000e+02
2.266773000000000025e+02 2.300000000000000000e+01
2.270543999999999869e+02 7.000000000000000000e+02
2.276160000000000139e+02 6.000000000000000000e+00
2.276715000000000089e+02 3.300000000000000000e+01
2.277214999999999918e+02 1.300000000000000000e+03
2.282171999999999912e+02 3.900000000000000000e+01
2.284387999999999863e+02 2.600000000000000000e+01
2.294345999999999890e+02 1.500000000000000000e+02
2.299043000000000063e+02 7.000000000000000000e+01
2.305656999999999925e+02 1.900000000000000000e+01
2.306123000000000047e+02 3.000000000000000000e+01
2.311005000000000109e+02 3.000000000000000000e+01
2.311507000000000005e+02 7.000000000000000000e+02
2.312786999999999864e+02 2.700000000000000000e+03
2.321951999999999998e+02 1.800000000000000000e+02
2.324042000000000030e+02 1.500000000000000000e+02
2.330101999999999975e+02 3.200000000000000000e+01
2.335842000000000098e+02 7.000000000000000000e+01
2.337972000000000037e+02 7.000000000000000000e+01
2.339370999999999867e+02 1.100000000000000000e+02
2.342263000000000090e+02 2.200000000000000000e+01
2.344514000000000067e+02 2.200000000000000000e+01
2.352073000000000036e+02 7.000000000000000000e+02
2.356065000000000111e+02 7.000000000000000000e+01
2.357352999999999952e+02 1.400000000000000000e+02
2.360400999999999954e+02 5.000000000000000000e+00
2.360546999999999969e+02 6.000000000000000000e+00
2.388677999999999884e+02 5.000000000000000000e+02
2.393892999999999915e+02 9.000000000000000000e+02
2.399290000000000020e+02 8.000000000000000000e+00
2.408258999999999901e+02 4.000000000000000000e+02
2.431819999999999879e+02 7.000000000000000000e+02
2.434062999999999874e+02 5.000000000000000000e+02
2.443291000000000111e+02 9.000000000000000000e+02
2.471039000000000101e+02 8.000000000000000000e+02
2.473288000000000011e+02 9.000000000000000000e+02
2.494268999999999892e+02 8.000000000000000000e+02
2.498488999999999862e+02 1.500000000000000000e+03
2.542261000000000024e+02 3.200000000000000000e+03
2.587927000000000248e+02 1.000000000000000000e+03
2.591186000000000149e+02 8.000000000000000000e+02
2.621598999999999933e+02 2.500000000000000000e+03
2.634923999999999751e+02 2.500000000000000000e+03
2.656172000000000253e+02 3.800000000000000000e+02
2.687520000000000095e+02 8.000000000000000000e+02
2.688562000000000012e+02 3.500000000000000000e+03
2.705661000000000058e+02 2.500000000000000000e+03
2.722459999999999809e+02 7.000000000000000000e+00
2.752611999999999739e+02 1.500000000000000000e+02
2.764911999999999921e+02 1.800000000000000000e+02
2.772094999999999914e+02 1.600000000000000000e+03
2.792413000000000238e+02 2.100000000000000000e+03
2.797169999999999845e+02 4.500000000000000000e+02
2.798027999999999906e+02 2.800000000000000000e+02
2.800210999999999899e+02 3.500000000000000000e+02
2.814705999999999904e+02 3.300000000000000000e+03
2.816220000000000141e+02 2.900000000000000000e+02
2.819370000000000118e+02 2.900000000000000000e+02
2.821403000000000247e+02 3.600000000000000000e+02
2.824947000000000230e+02 2.400000000000000000e+02
2.828833000000000197e+02 2.400000000000000000e+02
2.844005000000000223e+02 3.000000000000000000e+02
2.845894000000000119e+02 3.700000000000000000e+02
2.867379999999999995e+02 3.500000000000000000e+03
2.870787000000000262e+02 5.000000000000000000e+03
2.882626999999999953e+02 6.000000000000000000e+03
2.900634999999999764e+02 1.400000000000000000e+04
2.908770000000000095e+02 1.200000000000000000e+03
2.925181999999999789e+02 7.000000000000000000e+03
2.989501999999999953e+02 6.000000000000000000e+03
2.990145999999999731e+02 4.200000000000000000e+03
2.995830000000000268e+02 9.000000000000000000e+00
2.998179999999999836e+02 8.000000000000000000e+00
3.000509999999999877e+02 8.000000000000000000e+00
3.001730000000000018e+02 9.000000000000000000e+00
3.007740000000000009e+02 1.000000000000000000e+01
3.010090000000000146e+02 9.000000000000000000e+00
3.025819999999999936e+02 2.000000000000000000e+00
3.029467999999999961e+02 3.000000000000000000e+03
3.035419999999999732e+02 2.000000000000000000e+00
3.046630000000000109e+02 2.000000000000000000e+00
3.056209999999999809e+02 3.000000000000000000e+00
3.072459999999999809e+02 2.000000000000000000e+00
3.077839999999999918e+02 2.000000000000000000e+00
3.081680000000000064e+02 2.000000000000000000e+00
3.100199999999999818e+02 2.000000000000000000e+00
3.120570000000000164e+02 7.000000000000000000e+03
3.126089999999999804e+02 1.000000000000000000e+01
3.136929999999999836e+02 5.000000000000000000e+00
3.141700000000000159e+02 6.000000000000000000e+00
3.151659999999999968e+02 7.000000000000000000e+00
3.159780000000000086e+02 1.700000000000000000e+02
3.180249999999999773e+02 1.800000000000000000e+02
3.181440000000000055e+02 5.000000000000000000e+00
3.182200000000000273e+02 1.500000000000000000e+02
3.210889999999999986e+02 7.000000000000000000e+00
3.216100000000000136e+02 8.000000000000000000e+00
3.216270000000000095e+02 6.000000000000000000e+00
3.226829999999999927e+02 9.000000000000000000e+00
3.227080000000000268e+02 6.000000000000000000e+00
3.233666999999999803e+02 3.400000000000000000e+02
3.275609999999999786e+02 5.000000000000000000e+00
3.287019999999999982e+02 6.000000000000000000e+00
3.308969999999999914e+02 1.000000000000000000e+01
3.317459999999999809e+02 2.000000000000000000e+01
3.345470000000000255e+02 1.000000000000000000e+01
3.348000000000000114e+02 1.000000000000000000e+01
3.351170000000000186e+02 1.100000000000000000e+01
3.351320000000000050e+02 9.000000000000000000e+00
3.362889999999999873e+02 1.200000000000000000e+01
3.363109999999999786e+02 9.000000000000000000e+00
3.368752999999999815e+02 5.000000000000000000e+03
3.373639999999999759e+02 1.000000000000000000e+04
3.453650000000000091e+02 1.000000000000000000e+01
3.462860000000000014e+02 2.000000000000000000e+01
3.469470000000000027e+02 9.000000000000000000e+00
3.475749999999999886e+02 1.100000000000000000e+01
3.486610000000000014e+02 1.000000000000000000e+01
3.488600000000000136e+02 1.300000000000000000e+01
3.496159999999999854e+02 1.000000000000000000e+01
3.538781000000000176e+02 2.600000000000000000e+03
3.584682000000000244e+02 4.200000000000000000e+01
3.625140000000000100e+02 1.500000000000000000e+01
3.631789999999999736e+02 1.700000000000000000e+01
3.632010000000000218e+02 1.400000000000000000e+01
3.645450000000000159e+02 2.000000000000000000e+01
3.645810000000000173e+02 1.400000000000000000e+01
3.646030000000000086e+02 8.000000000000000000e+00
3.670360000000000014e+02 7.000000000000000000e+00
3.676340000000000146e+02 5.000000000000000000e+00
3.679259999999999877e+02 6.000000000000000000e+00
3.684750000000000227e+02 3.000000000000000000e+01
3.691929000000000087e+02 1.200000000000000000e+02
3.695160000000000196e+02 4.000000000000000000e+01
3.695409999999999968e+02 1.000000000000000000e+01
3.707080000000000268e+02 1.700000000000000000e+02
3.737959999999999923e+02 1.800000000000000000e+02
3.740439999999999827e+02 1.000000000000000000e+01
3.749420000000000073e+02 6.000000000000000000e+00
3.751360000000000241e+02 8.000000000000000000e+00
3.754409999999999741e+02 9.000000000000000000e+00
3.756739999999999782e+02 2.000000000000000000e+01
3.759460000000000264e+02 3.000000000000000000e+01
3.762676999999999907e+02 1.200000000000000000e+03
3.811100000000000136e+02 9.000000000000000000e+00
3.824843999999999937e+02 1.500000000000000000e+02
3.834275999999999840e+02 3.900000000000000000e+01
3.871580000000000155e+02 9.000000000000000000e+00
3.873639999999999759e+02 1.100000000000000000e+01
3.873659999999999854e+02 1.100000000000000000e+01
3.876879999999999882e+02 1.200000000000000000e+01
3.876899999999999977e+02 1.200000000000000000e+01
3.890199999999999818e+02 6.000000000000000000e+00
3.924590000000000032e+02 6.000000000000000000e+00
3.931983000000000175e+02 9.000000000000000000e+01
3.934769999999999754e+02 2.300000000000000000e+02
3.936399999999999864e+02 9.000000000000000000e+00
3.947160000000000082e+02 6.000000000000000000e+00
3.950020000000000095e+02 1.500000000000000000e+01
3.950722000000000094e+02 2.300000000000000000e+02
3.958170000000000073e+02 1.700000000000000000e+01
3.969590000000000032e+02 2.200000000000000000e+02
3.973690000000000282e+02 8.000000000000000000e+00
3.974830000000000041e+02 1.800000000000000000e+01
4.039649000000000001e+02 1.600000000000000000e+02
4.072511999999999830e+02 4.100000000000000000e+01
4.082918000000000234e+02 1.000000000000000000e+03
4.098260000000000218e+02 5.000000000000000000e+01
4.099689999999999941e+02 1.500000000000000000e+01
4.099730000000000132e+02 1.500000000000000000e+01
4.110980000000000132e+02 6.000000000000000000e+01
4.111440000000000055e+02 3.000000000000000000e+01
4.137413999999999987e+02 3.900000000000000000e+02
4.138251000000000204e+02 4.700000000000000000e+01
4.148852999999999724e+02 3.000000000000000000e+01
4.154735999999999763e+02 5.000000000000000000e+02
4.165484000000000151e+02 4.300000000000000000e+02
4.176829000000000178e+02 4.100000000000000000e+02
4.185380000000000109e+02 5.000000000000000000e+02
4.205796000000000276e+02 7.000000000000000000e+01
4.207359999999999900e+02 4.000000000000000000e+01
4.208419999999999845e+02 8.000000000000000000e+02
4.212794999999999845e+02 7.000000000000000000e+01
4.214331000000000245e+02 4.000000000000000000e+02
4.221259999999999764e+02 5.000000000000000000e+01
4.227919999999999732e+02 5.000000000000000000e+01
4.229340000000000259e+02 1.100000000000000000e+02
4.234929000000000201e+02 7.000000000000000000e+02
4.241650000000000205e+02 1.500000000000000000e+01
4.241936000000000035e+02 6.000000000000000000e+02
4.257823999999999955e+02 7.000000000000000000e+01
4.273097999999999956e+02 4.100000000000000000e+02
4.273924999999999841e+02 2.900000000000000000e+01
4.275083999999999946e+02 2.000000000000000000e+02
4.279413000000000125e+02 2.700000000000000000e+02
4.280094000000000278e+02 4.300000000000000000e+01
4.280926999999999794e+02 3.600000000000000000e+02
4.284220000000000255e+02 2.400000000000000000e+01
4.284775999999999954e+02 3.500000000000000000e+01
4.285593999999999824e+02 5.000000000000000000e+02
4.290570000000000164e+02 2.200000000000000000e+01
4.291275999999999726e+02 2.800000000000000000e+02
4.296779000000000224e+02 7.000000000000000000e+01
4.300199999999999818e+02 2.200000000000000000e+01
4.302214999999999918e+02 2.400000000000000000e+02
4.302703999999999951e+02 2.900000000000000000e+02
4.303740000000000236e+02 2.500000000000000000e+01
4.304014000000000237e+02 8.000000000000000000e+02
4.308949999999999818e+02 2.300000000000000000e+01
4.319859999999999900e+02 2.200000000000000000e+01
4.329442000000000235e+02 4.000000000000000000e+01
4.330402000000000271e+02 4.900000000000000000e+02
4.333283000000000129e+02 4.100000000000000000e+01
4.334784999999999968e+02 4.800000000000000000e+02
4.341562999999999874e+02 8.000000000000000000e+01
4.346037999999999784e+02 3.400000000000000000e+01
4.356299999999999955e+02 2.000000000000000000e+01
4.359603999999999928e+02 4.100000000000000000e+02
4.370477000000000203e+02 2.100000000000000000e+01
4.384227999999999952e+02 2.500000000000000000e+01
4.394343000000000075e+02 3.300000000000000000e+01
4.397130000000000223e+02 6.000000000000000000e+01
4.400830000000000268e+02 8.000000000000000000e+02
4.407529000000000110e+02 7.000000000000000000e+02
4.414975999999999772e+02 8.000000000000000000e+01
4.425568000000000097e+02 1.300000000000000000e+01
4.426680000000000064e+02 2.500000000000000000e+01
4.432542000000000257e+02 6.000000000000000000e+02
4.436209999999999809e+02 2.600000000000000000e+01
4.436940000000000168e+02 2.500000000000000000e+01
4.456030000000000086e+02 3.000000000000000000e+01
4.457139999999999986e+02 2.800000000000000000e+01
4.457860000000000014e+02 2.000000000000000000e+01
4.473290000000000077e+02 2.000000000000000000e+01
4.480489999999999782e+02 1.000000000000000000e+01
4.485654000000000110e+02 7.000000000000000000e+01
4.486207999999999743e+02 1.500000000000000000e+02
4.490439999999999827e+02 2.000000000000000000e+01
4.497223999999999933e+02 1.900000000000000000e+01
4.501145999999999958e+02 1.000000000000000000e+03
4.506394999999999982e+02 3.100000000000000000e+01
4.510052000000000021e+02 8.000000000000000000e+01
4.514177000000000248e+02 6.000000000000000000e+01
4.517851999999999748e+02 7.000000000000000000e+02
4.528210000000000264e+02 2.300000000000000000e+01
4.554571000000000254e+02 7.000000000000000000e+01
4.555928999999999860e+02 3.500000000000000000e+01
4.573405000000000200e+02 7.000000000000000000e+02
4.579830000000000041e+02 2.200000000000000000e+01
4.582679999999999723e+02 2.300000000000000000e+01
4.582749999999999773e+02 2.300000000000000000e+01
4.587149999999999750e+02 2.400000000000000000e+01
4.587250000000000227e+02 2.400000000000000000e+01
4.630781999999999812e+02 5.000000000000000000e+01
4.634166000000000167e+02 8.000000000000000000e+01
4.668561000000000263e+02 5.000000000000000000e+01
4.686580000000000155e+02 2.000000000000000000e+01
4.704920000000000186e+02 2.200000000000000000e+01
4.710147000000000048e+02 1.500000000000000000e+02
4.717588000000000079e+02 1.300000000000000000e+02
4.718059999999999832e+02 3.000000000000000000e+01
4.722350000000000136e+02 4.000000000000000000e+01
4.728956999999999766e+02 4.800000000000000000e+01
4.738005999999999744e+02 6.000000000000000000e+01
4.801309999999999718e+02 4.000000000000000000e+01
4.828611999999999966e+02 3.600000000000000000e+01
4.853283999999999878e+02 7.000000000000000000e+01
4.853686000000000149e+02 3.600000000000000000e+01
4.860523999999999774e+02 9.000000000000000000e+01
4.879490000000000123e+02 2.500000000000000000e+01
4.891191999999999780e+02 7.000000000000000000e+01
4.900674000000000206e+02 4.300000000000000000e+01
4.920638999999999896e+02 7.000000000000000000e+01
4.951908999999999992e+02 7.000000000000000000e+01
5.002880000000000109e+02 7.000000000000000000e+01
5.010341999999999985e+02 9.000000000000000000e+01
5.015751000000000204e+02 5.000000000000000000e+01
5.021370000000000005e+02 8.000000000000000000e+01
5.022540000000000191e+02 4.000000000000000000e+01
5.043029999999999973e+02 2.300000000000000000e+01
5.048324000000000069e+02 6.000000000000000000e+01
5.051478999999999928e+02 8.000000000000000000e+01
5.065133999999999901e+02 6.000000000000000000e+01
5.084594000000000165e+02 3.800000000000000000e+01
5.114404999999999859e+02 3.800000000000000000e+01
5.139161000000000286e+02 6.000000000000000000e+01
5.190299999999999727e+02 2.500000000000000000e+01
5.202800999999999476e+02 4.500000000000000000e+01
5.233270999999999731e+02 7.000000000000000000e+01
5.248834000000000515e+02 1.000000000000000000e+02
5.263170000000000073e+02 2.200000000000000000e+01
5.263700000000000045e+02 2.300000000000000000e+01
5.265710000000000264e+02 2.200000000000000000e+01
5.267029999999999745e+02 2.400000000000000000e+01
5.271739999999999782e+02 2.500000000000000000e+01
5.273447999999999638e+02 1.700000000000000000e+02
5.286739999999999782e+02 6.000000000000000000e+01
5.299003000000000156e+02 3.400000000000000000e+01
5.302795999999999594e+02 7.000000000000000000e+01
5.308700000000000045e+02 7.000000000000000000e+01
5.322767999999999802e+02 9.000000000000000000e+01
5.327635000000000218e+02 2.200000000000000000e+01
5.329545000000000528e+02 7.000000000000000000e+01
5.335135999999999967e+02 3.300000000000000000e+01
5.340679999999999836e+02 5.000000000000000000e+01
5.350960000000000036e+02 2.700000000000000000e+01
5.352218000000000302e+02 4.100000000000000000e+01
5.355725999999999658e+02 4.100000000000000000e+01
5.376965000000000146e+02 4.100000000000000000e+01
5.459316000000000031e+02 2.400000000000000000e+01
5.481532999999999447e+02 4.900000000000000000e+01
5.503157999999999674e+02 3.000000000000000000e+01
5.514510000000000218e+02 2.300000000000000000e+01
5.521837000000000444e+02 3.700000000000000000e+01
5.572129999999999654e+02 8.000000000000000000e+01
5.580607999999999720e+02 6.000000000000000000e+01
5.583519999999999754e+02 2.500000000000000000e+01
5.590309999999999491e+02 2.700000000000000000e+01
5.591670000000000300e+02 2.400000000000000000e+01
5.596019999999999754e+02 2.600000000000000000e+01
5.600040000000000191e+02 2.500000000000000000e+01
5.602849999999999682e+02 2.400000000000000000e+01
5.604410000000000309e+02 2.400000000000000000e+01
5.615555000000000518e+02 1.000000000000000000e+01
5.651581999999999653e+02 2.200000000000000000e+01
5.665153999999999996e+02 2.700000000000000000e+01
5.696226000000000340e+02 3.400000000000000000e+01
5.850108999999999924e+02 1.100000000000000000e+01
5.859070000000000391e+02 3.000000000000000000e+01
5.924360000000000355e+02 1.000000000000000000e+01
5.925330000000000155e+02 1.000000000000000000e+01
6.047826000000000022e+02 3.700000000000000000e+01
6.071658999999999651e+02 1.100000000000000000e+02
6.104410000000000309e+02 2.700000000000000000e+01
6.121805000000000518e+02 3.600000000000000000e+01
6.123909999999999627e+02 2.900000000000000000e+01
6.162580000000000382e+02 1.400000000000000000e+01
6.162999999999999545e+02 2.200000000000000000e+01
6.163880000000000337e+02 3.000000000000000000e+01
6.165470000000000255e+02 2.200000000000000000e+01
6.168150000000000546e+02 2.400000000000000000e+01
6.170769999999999982e+02 2.600000000000000000e+01
6.171269999999999527e+02 2.800000000000000000e+01
6.174924999999999500e+02 4.500000000000000000e+01
6.215697999999999865e+02 8.000000000000000000e+01
6.227101000000000113e+02 2.600000000000000000e+01
6.281521999999999935e+02 3.300000000000000000e+01
6.296625999999999976e+02 6.000000000000000000e+01
6.371874000000000251e+02 6.000000000000000000e+01
6.389317999999999529e+02 4.200000000000000000e+01
6.426285000000000309e+02 7.000000000000000000e+01
6.433749000000000251e+02 3.200000000000000000e+01
6.440850000000000364e+02 3.500000000000000000e+01
6.451589999999999918e+02 3.000000000000000000e+01
6.457380000000000564e+02 2.200000000000000000e+01
6.458650000000000091e+02 8.000000000000000000e+01
6.464360000000000355e+02 3.400000000000000000e+01
6.473450000000000273e+02 2.900000000000000000e+01
6.487140000000000555e+02 7.000000000000000000e+01
6.495570000000000164e+02 3.200000000000000000e+01
6.501449999999999818e+02 2.800000000000000000e+01
6.540584000000000060e+02 4.000000000000000000e+01
6.544043000000000347e+02 4.000000000000000000e+01
6.574600000000000364e+02 2.300000000000000000e+01
6.601471000000000231e+02 3.000000000000000000e+01
6.719539999999999509e+02 3.000000000000000000e+01
6.867014000000000351e+02 6.000000000000000000e+00
6.883374000000000024e+02 9.000000000000000000e+00
6.947422000000000253e+02 1.400000000000000000e+01
7.066670000000000300e+02 1.800000000000000000e+01
7.150119999999999436e+02 3.300000000000000000e+01
7.204170000000000300e+02 3.100000000000000000e+01
7.293479999999999563e+02 0.000000000000000000e+00
7.310700000000000500e+02 3.900000000000000000e+01
7.325910000000000082e+02 0.000000000000000000e+00
7.328170000000000073e+02 3.300000000000000000e+01
7.448049999999999500e+02 8.000000000000000000e+00
7.542519999999999527e+02 2.500000000000000000e+01
7.570579999999999927e+02 2.000000000000000000e+01
7.577899999999999636e+02 3.000000000000000000e+01
7.583200000000000500e+02 6.000000000000000000e+01
7.603390000000000555e+02 8.000000000000000000e+01
7.604410000000000309e+02 2.000000000000000000e+01
7.681090000000000373e+02 1.700000000000000000e+01
7.695499999999999545e+02 2.100000000000000000e+01
7.779279999999999973e+02 1.500000000000000000e+01
7.796739999999999782e+02 1.800000000000000000e+01
7.820720000000000027e+02 1.200000000000000000e+01
7.822930000000000064e+02 4.000000000000000000e+01
7.832859999999999445e+02 3.800000000000000000e+01
7.845220000000000482e+02 5.000000000000000000e+01
7.845539999999999736e+02 6.000000000000000000e+01
7.851699999999999591e+02 1.900000000000000000e+01
7.900629999999999882e+02 9.000000000000000000e+01
7.995769999999999982e+02 6.000000000000000000e+00
8.007010000000000218e+02 6.000000000000000000e+00
8.019700000000000273e+02 2.000000000000000000e+01
8.022709999999999582e+02 2.000000000000000000e+01
8.053440000000000509e+02 1.800000000000000000e+01
8.076430000000000291e+02 2.300000000000000000e+01
8.105879999999999654e+02 1.900000000000000000e+01
8.121219999999999573e+02 1.600000000000000000e+01
8.135289999999999964e+02 7.000000000000000000e+01
8.143300000000000409e+02 1.100000000000000000e+01
8.156309999999999718e+02 7.000000000000000000e+00
8.190879999999999654e+02 4.100000000000000000e+01
8.197590000000000146e+02 2.100000000000000000e+01
8.203970000000000482e+02 1.000000000000000000e+02
8.210869999999999891e+02 1.100000000000000000e+01
8.219460000000000264e+02 7.000000000000000000e+01
8.235869999999999891e+02 1.500000000000000000e+01
8.251069999999999709e+02 1.100000000000000000e+02
8.254959999999999809e+02 1.200000000000000000e+01
8.257000000000000455e+02 7.000000000000000000e+01
8.258940000000000055e+02 1.400000000000000000e+01
8.262100000000000364e+02 1.200000000000000000e+01
8.340330000000000155e+02 1.000000000000000000e+01
8.341409999999999627e+02 1.200000000000000000e+01
8.354690000000000509e+02 1.000000000000000000e+01
8.359470000000000027e+02 1.100000000000000000e+01
8.500349999999999682e+02 1.300000000000000000e+02
8.507839999999999918e+02 1.100000000000000000e+01
8.544439999999999600e+02 1.700000000000000000e+02
8.635140000000000100e+02 5.000000000000000000e+01
8.636319999999999482e+02 1.000000000000000000e+01
8.664519999999999982e+02 1.600000000000000000e+02
8.845040000000000191e+02 1.200000000000000000e+01
8.911630000000000109e+02 1.500000000000000000e+01
8.914519999999999982e+02 1.000000000000000000e+02
8.929809999999999945e+02 1.100000000000000000e+02
8.969930000000000518e+02 1.200000000000000000e+01
9.101599999999999682e+02 1.600000000000000000e+01
9.108120000000000118e+02 1.300000000000000000e+01
9.111319999999999482e+02 1.200000000000000000e+01
9.173659999999999854e+02 1.000000000000000000e+01
9.208930000000000291e+02 1.700000000000000000e+01
9.216430000000000291e+02 1.100000000000000000e+02
9.314560000000000173e+02 9.000000000000000000e+01
9.322119999999999891e+02 1.000000000000000000e+02
9.323210000000000264e+02 1.100000000000000000e+02
9.419550000000000409e+02 2.500000000000000000e+01
9.435119999999999436e+02 1.800000000000000000e+02
9.459389999999999645e+02 1.000000000000000000e+01
9.537500000000000000e+02 1.000000000000000000e+01
9.551000000000000227e+02 1.100000000000000000e+01
9.570589999999999691e+02 1.000000000000000000e+02
9.601870000000000118e+02 1.100000000000000000e+02
9.604450000000000500e+02 8.000000000000000000e+01
9.606910000000000309e+02 1.000000000000000000e+01
9.641440000000000055e+02 8.000000000000000000e+01
9.666299999999999955e+02 1.200000000000000000e+01
9.667060000000000173e+02 1.000000000000000000e+01
9.678949999999999818e+02 1.400000000000000000e+01
9.691330000000000382e+02 1.400000000000000000e+01
9.704600000000000364e+02 1.300000000000000000e+01
9.857440000000000282e+02 8.000000000000000000e+01
9.893339999999999463e+02 1.100000000000000000e+02
9.934109999999999445e+02 9.000000000000000000e+01
1.022583999999999946e+03 1.000000000000000000e+02
1.034663999999999987e+03 2.000000000000000000e+01
1.084193999999999960e+03 1.300000000000000000e+01
1.086455999999999904e+03 1.300000000000000000e+01
1.086684999999999945e+03 1.300000000000000000e+01
1.087248000000000047e+03 1.400000000000000000e+01
1.088285000000000082e+03 1.400000000000000000e+01
1.184222999999999956e+03 2.000000000000000000e+01
1.195298999999999978e+03 1.000000000000000000e+01
1.281954999999999927e+03 2.500000000000000000e+01
1.282737000000000080e+03 2.400000000000000000e+01
1.291262999999999920e+03 2.500000000000000000e+01
1.303712999999999965e+03 3.000000000000000000e+01
1.309001999999999953e+03 2.100000000000000000e+01
1.313854000000000042e+03 2.400000000000000000e+01
1.615518000000000029e+03 2.000000000000000000e+01
1.616176999999999907e+03 2.200000000000000000e+01
1.620145999999999958e+03 2.100000000000000000e+01
1.893064000000000078e+03 2.000000000000000000e+01
1.897531999999999925e+03 2.400000000000000000e+01
1.905134000000000015e+03 3.000000000000000000e+01
1.931446999999999889e+03 4.800000000000000000e+01
1.945829999999999927e+03 4.900000000000000000e+01
1.951105000000000018e+03 4.700000000000000000e+01
1.978219000000000051e+03 5.000000000000000000e+01
1.985852000000000089e+03 3.500000000000000000e+01
1.986763999999999896e+03 3.400000000000000000e+01
1.992262999999999920e+03 2.300000000000000000e+01
1.993913999999999987e+03 2.400000000000000000e+01
2.139483999999999924e+03 0.000000000000000000e+00
2.143474999999999909e+03 0.000000000000000000e+00
2.261409999999999854e+03 2.000000000000000000e+01
2.263110000000000127e+03 2.500000000000000000e+01
2.265740999999999985e+03 3.000000000000000000e+01
