3.087182999999999993e+02 0.000000000000000000e+00
3.087739000000000260e+02 0.000000000000000000e+00
3.093412000000000148e+02 0.000000000000000000e+00
3.094094999999999800e+02 0.000000000000000000e+00
3.101111000000000217e+02 0.000000000000000000e+00
3.101963000000000079e+02 0.000000000000000000e+00
3.110787000000000262e+02 0.000000000000000000e+00
3.111868000000000052e+02 0.000000000000000000e+00
3.123188999999999851e+02 0.000000000000000000e+00
3.124590000000000032e+02 0.000000000000000000e+00
3.139456000000000131e+02 0.000000000000000000e+00
3.141318999999999733e+02 0.000000000000000000e+00
3.161406999999999812e+02 0.000000000000000000e+00
3.163962000000000216e+02 0.000000000000000000e+00
3.192087999999999965e+02 0.000000000000000000e+00
3.195733999999999924e+02 0.000000000000000000e+00
3.236963000000000079e+02 0.000000000000000000e+00
3.242438999999999965e+02 0.000000000000000000e+00
3.306703999999999724e+02 0.000000000000000000e+00
3.315532000000000039e+02 0.000000000000000000e+00
3.424882000000000062e+02 0.000000000000000000e+00
3.440661000000000058e+02 0.000000000000000000e+00
3.654143000000000256e+02 0.000000000000000000e+00
3.687558999999999969e+02 0.000000000000000000e+00
4.226845000000000141e+02 0.000000000000000000e+00
4.326576999999999771e+02 0.000000000000000000e+00
4.947536999999999807e+02 0.000000000000000000e+00
4.960527999999999906e+02 0.000000000000000000e+00
4.970418000000000234e+02 0.000000000000000000e+00
4.976376000000000204e+02 0.000000000000000000e+00
4.988582999999999856e+02 0.000000000000000000e+00
4.995993000000000279e+02 0.000000000000000000e+00
5.011315000000000168e+02 0.000000000000000000e+00
5.020692999999999984e+02 0.000000000000000000e+00
5.040301000000000045e+02 0.000000000000000000e+00
5.052418999999999869e+02 0.000000000000000000e+00
5.078106000000000222e+02 0.000000000000000000e+00
5.094171999999999798e+02 0.000000000000000000e+00
5.128790999999999940e+02 0.000000000000000000e+00
5.150765999999999849e+02 0.000000000000000000e+00
5.199111000000000331e+02 0.000000000000000000e+00
5.230372999999999593e+02 0.000000000000000000e+00
5.301067000000000462e+02 0.000000000000000000e+00
5.347903999999999769e+02 0.000000000000000000e+00
5.397676000000000158e+02 0.000000000000000000e+00
5.397969000000000506e+02 0.000000000000000000e+00
5.413082000000000562e+02 0.000000000000000000e+00
5.413436000000000377e+02 0.000000000000000000e+00
5.425216000000000349e+02 0.000000000000000000e+00
5.431880999999999631e+02 0.000000000000000000e+00
5.432315999999999576e+02 0.000000000000000000e+00
5.446865000000000236e+02 0.000000000000000000e+00
5.455158000000000129e+02 0.000000000000000000e+00
5.455701000000000249e+02 0.000000000000000000e+00
5.457890999999999622e+02 0.000000000000000000e+00
5.473977999999999611e+02 0.000000000000000000e+00
5.484477000000000544e+02 0.000000000000000000e+00
5.485168999999999642e+02 0.000000000000000000e+00
5.508582000000000107e+02 0.000000000000000000e+00
5.522170999999999594e+02 0.000000000000000000e+00
5.523057999999999765e+02 0.000000000000000000e+00
5.533251999999999953e+02 0.000000000000000000e+00
5.553768999999999778e+02 0.000000000000000000e+00
5.571802000000000135e+02 0.000000000000000000e+00
5.572990999999999531e+02 0.000000000000000000e+00
5.614450000000000500e+02 0.000000000000000000e+00
5.639153999999999769e+02 0.000000000000000000e+00
5.640792999999999893e+02 0.000000000000000000e+00
5.698827999999999747e+02 0.000000000000000000e+00
5.720331999999999653e+02 0.000000000000000000e+00
5.734057999999999993e+02 0.000000000000000000e+00
5.736408999999999878e+02 0.000000000000000000e+00
5.855113999999999805e+02 0.000000000000000000e+00
5.874528000000000247e+02 0.000000000000000000e+00
5.878090999999999440e+02 0.000000000000000000e+00
6.011237999999999602e+02 0.000000000000000000e+00
6.096962999999999511e+02 0.000000000000000000e+00
6.102784000000000333e+02 0.000000000000000000e+00
6.187309999999999945e+02 0.000000000000000000e+00
6.189539999999999509e+02 0.000000000000000000e+00
6.212380000000000564e+02 0.000000000000000000e+00
6.215130000000000337e+02 0.000000000000000000e+00
6.221534000000000333e+02 0.000000000000000000e+00
6.243509999999999991e+02 0.000000000000000000e+00
6.246970000000000027e+02 0.000000000000000000e+00
6.264740000000000464e+02 0.000000000000000000e+00
6.282859999999999445e+02 0.000000000000000000e+00
6.287269999999999754e+02 0.000000000000000000e+00
6.290439999999999827e+02 0.000000000000000000e+00
6.322369999999999663e+02 0.000000000000000000e+00
6.331153000000000475e+02 0.000000000000000000e+00
6.333650000000000091e+02 0.000000000000000000e+00
6.339410000000000309e+02 0.000000000000000000e+00
6.362720000000000482e+02 0.000000000000000000e+00
6.400910000000000082e+02 0.000000000000000000e+00
6.408659999999999854e+02 0.000000000000000000e+00
6.414809999999999945e+02 0.000000000000000000e+00
6.483819999999999482e+02 0.000000000000000000e+00
6.486001999999999725e+02 0.000000000000000000e+00
6.492820000000000391e+02 0.000000000000000000e+00
6.496671000000000049e+02 0.000000000000000000e+00
6.503609999999999900e+02 0.000000000000000000e+00
6.509039999999999964e+02 0.000000000000000000e+00
6.578150000000000546e+02 0.000000000000000000e+00
6.623569999999999709e+02 0.000000000000000000e+00
6.639289999999999736e+02 0.000000000000000000e+00
6.712390000000000327e+02 0.000000000000000000e+00
6.819750000000000227e+02 0.000000000000000000e+00
6.844109999999999445e+02 0.000000000000000000e+00
6.913949999999999818e+02 0.000000000000000000e+00
6.950904000000000451e+02 0.000000000000000000e+00
7.136879999999999882e+02 0.000000000000000000e+00
7.178139999999999645e+02 0.000000000000000000e+00
7.181844999999999573e+02 0.000000000000000000e+00
7.240099999999999909e+02 0.000000000000000000e+00
7.287899999999999636e+02 0.000000000000000000e+00
7.311726999999999634e+02 0.000000000000000000e+00
7.444030000000000200e+02 0.000000000000000000e+00
7.711159999999999854e+02 0.000000000000000000e+00
7.791609999999999445e+02 0.000000000000000000e+00
7.831799999999999500e+02 0.000000000000000000e+00
7.903880000000000337e+02 0.000000000000000000e+00
7.907530000000000427e+02 0.000000000000000000e+00
7.944829999999999472e+02 0.000000000000000000e+00
7.949349999999999454e+02 0.000000000000000000e+00
7.995819999999999936e+02 0.000000000000000000e+00
8.001490000000000009e+02 0.000000000000000000e+00
8.060480000000000018e+02 0.000000000000000000e+00
8.067740000000000009e+02 0.000000000000000000e+00
8.144270000000000209e+02 0.000000000000000000e+00
8.153799999999999955e+02 0.000000000000000000e+00
8.171663999999999533e+02 0.000000000000000000e+00
8.255819999999999936e+02 0.000000000000000000e+00
8.268709999999999809e+02 0.000000000000000000e+00
8.328740000000000236e+02 0.000000000000000000e+00
8.409360000000000355e+02 0.000000000000000000e+00
8.427469999999999573e+02 0.000000000000000000e+00
8.512809999999999491e+02 0.000000000000000000e+00
8.630000000000000000e+02 0.000000000000000000e+00
8.656710000000000491e+02 0.000000000000000000e+00
8.966050000000000182e+02 0.000000000000000000e+00
8.979610000000000127e+02 0.000000000000000000e+00
9.008189999999999600e+02 0.000000000000000000e+00
9.143640000000000327e+02 0.000000000000000000e+00
9.184139999999999873e+02 0.000000000000000000e+00
9.522340000000000373e+02 0.000000000000000000e+00
9.595919999999999845e+02 0.000000000000000000e+00
9.607129999999999654e+02 0.000000000000000000e+00
9.689900000000000091e+02 0.000000000000000000e+00
