9.679200000000000159e+01 1.000000000000000000e+03
9.834199999999999875e+01 1.000000000000000000e+03
9.870999999999999375e+01 1.000000000000000000e+03
9.879099999999999682e+01 1.000000000000000000e+03
9.950400000000000489e+01 1.000000000000000000e+03
9.957999999999999829e+01 1.000000000000000000e+03
9.964900000000000091e+01 1.000000000000000000e+03
9.992400000000000659e+01 1.000000000000000000e+03
1.000360000000000014e+02 1.000000000000000000e+03
1.002729999999999961e+02 1.000000000000000000e+03
1.004459999999999980e+02 1.000000000000000000e+03
1.005660000000000025e+02 1.000000000000000000e+03
1.006550000000000011e+02 1.000000000000000000e+03
1.007240000000000038e+02 1.200000000000000000e+03
1.063840000000000003e+02 1.200000000000000000e+03
1.228370000000000033e+02 5.000000000000000000e+02
1.307230000000000132e+02 5.000000000000000000e+02
1.313290000000000077e+02 5.000000000000000000e+02
1.316709999999999923e+02 5.000000000000000000e+02
1.321419999999999959e+02 6.000000000000000000e+02
1.330790000000000077e+02 5.000000000000000000e+02
1.393240000000000123e+02 1.100000000000000000e+03
1.476980000000000075e+02 1.600000000000000000e+03
1.705029999999999859e+02 1.500000000000000000e+03
1.706009999999999991e+02 1.600000000000000000e+03
1.736239999999999952e+02 2.000000000000000000e+03
1.813470000000000084e+02 6.000000000000000000e+02
1.815320000000000107e+02 1.500000000000000000e+03
1.946260000000000048e+02 9.000000000000000000e+02
1.974339999999999975e+02 1.100000000000000000e+03
1.975240000000000009e+02 2.200000000000000000e+03
1.997889999999999873e+02 4.000000000000000000e+02
2.009439999999999884e+02 9.000000000000000000e+02
2.018720000000000141e+02 3.400000000000000000e+03
2.028470000000000084e+02 1.800000000000000000e+03
2.046680000000000064e+02 8.000000000000000000e+02
2.049939999999999998e+02 8.000000000000000000e+02
2.058449999999999989e+02 5.000000000000000000e+02
2.061959999999999980e+02 8.000000000000000000e+02
2.071059999999999945e+02 8.000000000000000000e+02
2.077319999999999993e+02 8.000000000000000000e+02
2.080740000000000123e+02 1.500000000000000000e+03
2.094960000000000093e+02 1.000000000000000000e+03
2.098870000000000005e+02 1.800000000000000000e+03
2.126349999999999909e+02 1.300000000000000000e+03
2.148710000000000093e+02 1.400000000000000000e+03
2.177520000000000095e+02 1.700000000000000000e+03
2.224639999999999986e+02 1.700000000000000000e+03
2.237419999999999902e+02 1.700000000000000000e+03
2.240540000000000020e+02 1.200000000000000000e+03
2.244449999999999932e+02 1.500000000000000000e+03
2.250879999999999939e+02 1.700000000000000000e+03
2.257750000000000057e+02 1.300000000000000000e+03
2.293220000000000027e+02 1.300000000000000000e+03
2.297599999999999909e+02 1.000000000000000000e+03
2.301090000000000089e+02 1.000000000000000000e+03
2.304430000000000121e+02 1.200000000000000000e+03
2.307740000000000009e+02 1.500000000000000000e+03
2.314209999999999923e+02 1.100000000000000000e+03
2.314269999999999925e+02 1.700000000000000000e+03
2.315800000000000125e+02 1.000000000000000000e+03
2.323830000000000098e+02 1.400000000000000000e+03
2.323890000000000100e+02 1.700000000000000000e+03
2.324490000000000123e+02 2.200000000000000000e+03
2.330060000000000002e+02 1.900000000000000000e+03
2.335730000000000075e+02 2.100000000000000000e+03
2.336740000000000066e+02 1.600000000000000000e+03
2.339689999999999941e+02 1.900000000000000000e+03
2.340600000000000023e+02 1.600000000000000000e+03
2.343460000000000036e+02 2.100000000000000000e+03
2.347239999999999895e+02 2.500000000000000000e+03
2.353379999999999939e+02 1.000000000000000000e+03
2.360029999999999859e+02 2.800000000000000000e+03
2.361589999999999918e+02 1.900000000000000000e+03
2.362630000000000052e+02 2.300000000000000000e+03
2.363100000000000023e+02 1.400000000000000000e+03
2.363979999999999961e+02 2.100000000000000000e+03
2.365939999999999941e+02 1.600000000000000000e+03
2.374099999999999966e+02 2.000000000000000000e+03
2.375010000000000048e+02 1.300000000000000000e+03
2.379900000000000091e+02 8.000000000000000000e+02
2.382110000000000127e+02 1.300000000000000000e+03
2.386380000000000052e+02 9.000000000000000000e+02
2.388549999999999898e+02 1.600000000000000000e+03
2.389499999999999886e+02 2.000000000000000000e+03
2.390800000000000125e+02 5.000000000000000000e+02
2.393029999999999973e+02 7.000000000000000000e+02
2.394019999999999868e+02 7.000000000000000000e+02
2.394590000000000032e+02 1.200000000000000000e+03
2.396490000000000009e+02 7.000000000000000000e+02
2.396949999999999932e+02 5.000000000000000000e+02
2.396999999999999886e+02 6.000000000000000000e+02
2.398069999999999879e+02 1.200000000000000000e+03
2.398600000000000136e+02 1.400000000000000000e+03
2.403429999999999893e+02 7.000000000000000000e+02
2.405759999999999934e+02 1.200000000000000000e+03
2.409139999999999873e+02 1.300000000000000000e+03
2.410080000000000098e+02 1.200000000000000000e+03
2.412940000000000111e+02 5.000000000000000000e+02
2.420000000000000000e+02 9.000000000000000000e+02
2.440579999999999927e+02 5.000000000000000000e+02
2.441119999999999948e+02 6.000000000000000000e+02
2.467589999999999861e+02 1.500000000000000000e+03
2.468969999999999914e+02 1.000000000000000000e+02
2.469350000000000023e+02 6.000000000000000000e+02
2.469890000000000043e+02 1.100000000000000000e+03
2.472330000000000041e+02 5.500000000000000000e+01
2.486419999999999959e+02 3.500000000000000000e+01
2.488209999999999980e+02 7.000000000000000000e+01
2.489470000000000027e+02 1.100000000000000000e+02
2.494039999999999964e+02 5.500000000000000000e+01
2.497100000000000080e+02 3.500000000000000000e+01
2.499790000000000134e+02 4.500000000000000000e+01
2.500279999999999916e+02 1.300000000000000000e+03
2.521140000000000043e+02 1.600000000000000000e+03
2.534869999999999948e+02 1.600000000000000000e+03
2.536860000000000070e+02 1.300000000000000000e+03
2.544439999999999884e+02 2.800000000000000000e+01
2.552330000000000041e+02 1.600000000000000000e+03
2.554670000000000130e+02 2.200000000000000000e+03
2.554809999999999945e+02 2.100000000000000000e+03
2.564100000000000250e+02 2.500000000000000000e+03
2.565230000000000246e+02 2.100000000000000000e+03
2.565810000000000173e+02 1.000000000000000000e+03
2.566720000000000255e+02 2.400000000000000000e+03
2.570040000000000191e+02 1.800000000000000000e+03
2.574340000000000259e+02 1.800000000000000000e+03
2.576829999999999927e+02 2.000000000000000000e+03
2.576920000000000073e+02 1.300000000000000000e+03
2.578899999999999864e+02 1.400000000000000000e+03
2.579529999999999745e+02 1.600000000000000000e+03
2.584390000000000214e+02 1.700000000000000000e+03
2.586899999999999977e+02 2.800000000000000000e+01
2.588980000000000246e+02 2.000000000000000000e+03
2.589230000000000018e+02 2.000000000000000000e+03
2.596589999999999918e+02 1.300000000000000000e+03
2.610550000000000068e+02 1.800000000000000000e+03
2.620179999999999723e+02 1.200000000000000000e+03
2.622300000000000182e+02 1.200000000000000000e+03
2.624300000000000068e+02 1.400000000000000000e+03
2.626259999999999764e+02 1.400000000000000000e+03
2.628879999999999768e+02 2.000000000000000000e+03
2.629769999999999754e+02 1.300000000000000000e+03
2.630609999999999786e+02 2.400000000000000000e+03
2.633079999999999927e+02 2.100000000000000000e+03
2.634110000000000014e+02 1.800000000000000000e+03
2.636499999999999773e+02 1.400000000000000000e+03
2.637230000000000132e+02 1.600000000000000000e+03
2.637939999999999827e+02 1.700000000000000000e+03
2.638759999999999764e+02 2.100000000000000000e+03
2.638849999999999909e+02 2.100000000000000000e+03
2.641320000000000050e+02 2.200000000000000000e+03
2.642440000000000282e+02 1.600000000000000000e+03
2.644499999999999886e+02 2.100000000000000000e+03
2.645310000000000059e+02 1.600000000000000000e+03
2.646829999999999927e+02 1.800000000000000000e+03
2.647629999999999768e+02 1.800000000000000000e+03
2.652269999999999754e+02 1.600000000000000000e+03
2.656379999999999768e+02 2.000000000000000000e+03
2.657339999999999804e+02 1.900000000000000000e+03
2.661619999999999777e+02 2.200000000000000000e+03
2.662289999999999850e+02 2.800000000000000000e+01
2.676549999999999727e+02 1.800000000000000000e+03
2.680240000000000009e+02 1.800000000000000000e+03
2.681429999999999723e+02 1.700000000000000000e+03
2.683319999999999936e+02 1.800000000000000000e+03
2.684710000000000036e+02 1.500000000000000000e+03
2.693580000000000041e+02 1.600000000000000000e+03
2.693659999999999854e+02 1.900000000000000000e+03
2.695230000000000246e+02 1.500000000000000000e+03
2.698190000000000168e+02 2.800000000000000000e+03
2.703709999999999809e+02 1.500000000000000000e+03
2.704080000000000155e+02 2.800000000000000000e+03
2.705330000000000155e+02 1.600000000000000000e+03
2.718159999999999741e+02 1.800000000000000000e+03
2.721309999999999718e+02 7.000000000000000000e+01
2.728700000000000045e+02 2.700000000000000000e+03
2.751030000000000086e+02 4.300000000000000000e+02
2.752049999999999841e+02 4.500000000000000000e+02
2.764900000000000091e+02 4.600000000000000000e+02
2.769329999999999927e+02 4.000000000000000000e+01
2.770629999999999882e+02 3.200000000000000000e+02
2.770989999999999895e+02 2.300000000000000000e+02
2.771800000000000068e+02 2.100000000000000000e+01
2.779580000000000268e+02 4.500000000000000000e+01
2.779959999999999809e+02 4.500000000000000000e+01
2.782219999999999800e+02 4.400000000000000000e+02
2.788500000000000227e+02 7.000000000000000000e+01
2.792780000000000200e+02 3.900000000000000000e+02
2.795480000000000018e+02 1.000000000000000000e+02
2.797749999999999773e+02 9.300000000000000000e+02
2.809209999999999923e+02 6.000000000000000000e+01
2.810550000000000068e+02 7.500000000000000000e+02
2.811759999999999877e+02 1.600000000000000000e+02
2.814839999999999804e+02 4.500000000000000000e+01
2.834580000000000268e+02 3.000000000000000000e+02
2.834660000000000082e+02 1.800000000000000000e+03
2.837520000000000095e+02 3.500000000000000000e+01
2.837830000000000155e+02 7.000000000000000000e+01
2.841070000000000277e+02 5.600000000000000000e+02
2.842169999999999845e+02 1.400000000000000000e+02
2.854750000000000227e+02 4.000000000000000000e+01
2.857359999999999900e+02 6.000000000000000000e+01
2.860620000000000118e+02 1.900000000000000000e+01
2.863319999999999936e+02 1.200000000000000000e+02
2.865899999999999750e+02 6.000000000000000000e+01
2.867169999999999845e+02 4.000000000000000000e+01
2.872590000000000146e+02 4.000000000000000000e+01
2.882180000000000177e+02 4.600000000000000000e+02
2.882980000000000018e+02 4.000000000000000000e+01
2.886449999999999818e+02 1.300000000000000000e+02
2.905579999999999927e+02 9.000000000000000000e+03
2.908290000000000077e+02 3.500000000000000000e+01
2.911379999999999768e+02 1.700000000000000000e+02
2.913929999999999723e+02 6.000000000000000000e+01
2.919250000000000114e+02 1.800000000000000000e+03
2.919370000000000118e+02 4.500000000000000000e+01
2.924180000000000064e+02 9.500000000000000000e+01
2.925110000000000241e+02 3.500000000000000000e+01
2.929200000000000159e+02 3.500000000000000000e+01
2.948659999999999854e+02 3.500000000000000000e+01
2.948870000000000005e+02 7.000000000000000000e+01
2.953290000000000077e+02 3.500000000000000000e+01
2.956390000000000100e+02 9.500000000000000000e+03
2.956460000000000150e+02 3.500000000000000000e+01
2.961789999999999736e+02 7.000000000000000000e+01
2.964470000000000027e+02 1.300000000000000000e+02
2.966299999999999955e+02 8.000000000000000000e+01
2.973609999999999900e+02 2.900000000000000000e+01
2.976290000000000191e+02 1.000000000000000000e+03
2.981019999999999754e+02 5.600000000000000000e+02
2.984610000000000127e+02 3.500000000000000000e+01
2.984970000000000141e+02 1.000000000000000000e+03
2.992389999999999759e+02 4.000000000000000000e+01
2.993910000000000196e+02 9.500000000000000000e+01
2.999909999999999854e+02 1.200000000000000000e+03
3.003740000000000236e+02 3.700000000000000000e+02
3.005969999999999800e+02 1.000000000000000000e+02
3.011009999999999991e+02 2.100000000000000000e+03
3.013070000000000164e+02 1.300000000000000000e+02
3.028480000000000132e+02 1.900000000000000000e+03
3.029859999999999900e+02 1.200000000000000000e+02
3.033720000000000141e+02 2.100000000000000000e+03
3.034929999999999950e+02 1.600000000000000000e+03
3.043899999999999864e+02 1.300000000000000000e+02
3.047370000000000232e+02 1.600000000000000000e+02
3.054460000000000264e+02 2.800000000000000000e+02
3.060810000000000173e+02 1.000000000000000000e+02
3.069529999999999745e+02 1.000000000000000000e+03
3.073450000000000273e+02 5.600000000000000000e+02
3.077810000000000059e+02 6.400000000000000000e+02
3.077970000000000255e+02 1.500000000000000000e+02
3.082889999999999873e+02 2.100000000000000000e+03
3.084909999999999854e+02 1.400000000000000000e+02
3.090849999999999795e+02 2.800000000000000000e+02
3.092959999999999923e+02 1.400000000000000000e+02
3.099540000000000077e+02 4.600000000000000000e+02
3.099800000000000182e+02 1.900000000000000000e+02
3.101399999999999864e+02 3.500000000000000000e+03
3.102080000000000268e+02 1.200000000000000000e+02
3.102810000000000059e+02 2.300000000000000000e+02
3.103450000000000273e+02 5.800000000000000000e+02
3.109259999999999877e+02 1.300000000000000000e+02
3.112090000000000032e+02 1.700000000000000000e+02
3.114069999999999823e+02 1.600000000000000000e+02
3.117490000000000236e+02 1.000000000000000000e+03
3.118940000000000055e+02 2.500000000000000000e+03
3.119499999999999886e+02 1.200000000000000000e+02
3.119909999999999854e+02 1.200000000000000000e+02
3.120840000000000032e+02 5.100000000000000000e+02
3.121080000000000041e+02 1.000000000000000000e+02
3.124900000000000091e+02 3.700000000000000000e+02
3.125160000000000196e+02 1.200000000000000000e+02
3.129470000000000027e+02 1.300000000000000000e+02
3.131720000000000255e+02 1.300000000000000000e+02
3.133999999999999773e+02 1.000000000000000000e+02
3.134759999999999991e+02 4.600000000000000000e+02
3.135939999999999941e+02 2.100000000000000000e+02
3.137839999999999918e+02 1.900000000000000000e+02
3.138210000000000264e+02 1.900000000000000000e+02
3.139619999999999891e+02 1.200000000000000000e+02
3.144039999999999964e+02 2.300000000000000000e+02
3.145910000000000082e+02 9.300000000000000000e+02
3.146429999999999723e+02 3.700000000000000000e+02
3.147789999999999964e+02 2.300000000000000000e+02
3.157440000000000282e+02 9.800000000000000000e+02
3.159540000000000077e+02 2.000000000000000000e+02
3.161600000000000250e+02 1.400000000000000000e+02
3.162289999999999850e+02 9.800000000000000000e+02
3.177579999999999814e+02 4.000000000000000000e+03
3.191200000000000045e+02 2.200000000000000000e+02
3.200219999999999914e+02 2.200000000000000000e+02
3.200500000000000114e+02 1.600000000000000000e+02
3.204340000000000259e+02 1.100000000000000000e+02
3.224669999999999845e+02 6.900000000000000000e+02
3.224710000000000036e+02 0.000000000000000000e+00
3.226390000000000100e+02 1.100000000000000000e+02
3.227250000000000227e+02 1.600000000000000000e+02
3.233709999999999809e+02 2.200000000000000000e+02
3.251129999999999995e+02 1.000000000000000000e+02
3.254470000000000027e+02 4.000000000000000000e+02
3.260190000000000055e+02 1.100000000000000000e+02
3.267669999999999959e+02 5.400000000000000000e+02
3.268580000000000041e+02 2.500000000000000000e+02
3.269279999999999973e+02 1.400000000000000000e+02
3.275120000000000005e+02 1.100000000000000000e+02
3.280480000000000018e+02 1.100000000000000000e+02
3.282559999999999718e+02 1.000000000000000000e+02
3.283199999999999932e+02 2.500000000000000000e+02
3.283249999999999886e+02 0.000000000000000000e+00
3.292429999999999950e+02 4.300000000000000000e+02
3.293159999999999741e+02 3.700000000000000000e+02
3.295029999999999859e+02 4.300000000000000000e+02
3.314680000000000177e+02 3.300000000000000000e+02
3.316539999999999964e+02 2.000000000000000000e+02
3.331299999999999955e+02 4.000000000000000000e+02
3.331299999999999955e+02 4.300000000000000000e+02
3.332339999999999804e+02 1.400000000000000000e+03
3.333090000000000259e+02 8.300000000000000000e+02
3.337139999999999986e+02 1.100000000000000000e+03
3.346940000000000168e+02 5.900000000000000000e+02
3.351059999999999945e+02 2.000000000000000000e+02
3.351429999999999723e+02 5.400000000000000000e+03
3.358570000000000277e+02 2.200000000000000000e+02
3.359399999999999977e+02 2.700000000000000000e+02
3.359590000000000032e+02 4.300000000000000000e+03
3.361680000000000064e+02 7.800000000000000000e+02
3.363199999999999932e+02 5.400000000000000000e+03
3.365210000000000150e+02 2.700000000000000000e+02
3.366560000000000059e+02 2.000000000000000000e+02
3.372019999999999982e+02 4.000000000000000000e+02
3.375659999999999741e+02 2.200000000000000000e+02
3.380729999999999791e+02 2.200000000000000000e+02
3.381490000000000009e+02 2.200000000000000000e+02
3.393500000000000227e+02 1.100000000000000000e+03
3.396089999999999804e+02 5.400000000000000000e+02
3.398199999999999932e+02 2.200000000000000000e+02
3.398299999999999841e+02 0.000000000000000000e+00
3.400389999999999873e+02 2.000000000000000000e+02
3.400969999999999800e+02 5.400000000000000000e+02
3.403050000000000068e+02 5.400000000000000000e+02
3.403949999999999818e+02 4.000000000000000000e+02
3.407900000000000205e+02 2.000000000000000000e+02
3.408539999999999850e+02 1.100000000000000000e+03
3.408589999999999804e+02 0.000000000000000000e+00
3.410280000000000200e+02 2.500000000000000000e+02
3.411999999999999886e+02 2.200000000000000000e+02
3.414250000000000114e+02 2.200000000000000000e+02
3.417930000000000064e+02 1.400000000000000000e+03
3.419710000000000036e+02 1.400000000000000000e+03
3.423450000000000273e+02 6.900000000000000000e+03
3.423729999999999905e+02 3.900000000000000000e+02
3.424879999999999995e+02 1.100000000000000000e+03
3.424900000000000091e+02 0.000000000000000000e+00
3.425570000000000164e+02 8.300000000000000000e+02
3.426909999999999741e+02 3.900000000000000000e+02
3.429449999999999932e+02 2.200000000000000000e+02
3.433969999999999914e+02 6.900000000000000000e+02
3.440199999999999818e+02 1.700000000000000000e+03
3.440769999999999982e+02 8.300000000000000000e+02
3.440980000000000132e+02 2.700000000000000000e+03
3.450609999999999786e+02 3.900000000000000000e+02
3.451370000000000005e+02 1.400000000000000000e+03
3.452219999999999800e+02 1.100000000000000000e+03
3.455129999999999768e+02 5.400000000000000000e+02
3.455889999999999986e+02 8.800000000000000000e+02
3.456259999999999764e+02 2.000000000000000000e+02
3.458039999999999736e+02 2.000000000000000000e+02
3.462939999999999827e+02 2.200000000000000000e+02
3.463990000000000009e+02 2.200000000000000000e+02
3.464970000000000141e+02 2.700000000000000000e+03
3.467939999999999827e+02 3.300000000000000000e+02
3.468260000000000218e+02 1.700000000000000000e+03
3.469979999999999905e+02 1.700000000000000000e+03
3.474209999999999923e+02 1.400000000000000000e+03
3.482280000000000086e+02 2.200000000000000000e+03
3.482799999999999727e+02 1.700000000000000000e+03
3.483600000000000136e+02 4.900000000000000000e+02
3.487200000000000273e+02 2.200000000000000000e+02
3.492950000000000159e+02 9.800000000000000000e+02
3.495400000000000205e+02 1.700000000000000000e+03
3.506510000000000105e+02 1.400000000000000000e+03
3.513220000000000027e+02 7.800000000000000000e+02
3.513500000000000227e+02 1.100000000000000000e+03
3.514649999999999750e+02 8.300000000000000000e+02
3.525210000000000150e+02 9.800000000000000000e+02
3.529549999999999841e+02 4.300000000000000000e+02
3.543779999999999859e+02 5.400000000000000000e+02
3.546809999999999832e+02 4.300000000000000000e+03
3.550369999999999777e+02 3.900000000000000000e+03
3.558070000000000164e+02 1.400000000000000000e+03
3.559209999999999923e+02 5.400000000000000000e+02
3.559490000000000123e+02 4.300000000000000000e+02
3.565070000000000050e+02 2.000000000000000000e+02
3.572950000000000159e+02 6.900000000000000000e+02
3.575760000000000218e+02 3.300000000000000000e+02
3.579379999999999882e+02 3.900000000000000000e+02
3.582930000000000064e+02 9.800000000000000000e+02
3.585980000000000132e+02 5.400000000000000000e+03
3.591490000000000009e+02 5.400000000000000000e+02
3.593740000000000236e+02 1.100000000000000000e+03
3.594470000000000027e+02 2.000000000000000000e+02
3.601990000000000123e+02 5.400000000000000000e+02
3.605899999999999750e+02 1.100000000000000000e+03
3.606290000000000191e+02 2.700000000000000000e+02
3.606689999999999827e+02 2.500000000000000000e+02
3.609780000000000086e+02 8.300000000000000000e+02
3.611789999999999736e+02 8.300000000000000000e+02
3.611940000000000168e+02 2.200000000000000000e+02
3.614420000000000073e+02 5.400000000000000000e+02
3.615240000000000009e+02 2.700000000000000000e+02
3.615450000000000159e+02 0.000000000000000000e+00
3.618190000000000168e+02 4.300000000000000000e+02
3.621490000000000009e+02 3.900000000000000000e+02
3.625919999999999845e+02 2.700000000000000000e+02
3.625930000000000177e+02 4.500000000000000000e+02
3.630539999999999736e+02 2.500000000000000000e+02
3.635799999999999841e+02 3.300000000000000000e+02
3.640090000000000146e+02 2.200000000000000000e+02
3.641220000000000141e+02 2.500000000000000000e+02
3.642429999999999950e+02 3.300000000000000000e+02
3.646659999999999968e+02 8.700000000000000000e+02
3.647230000000000132e+02 6.100000000000000000e+03
3.650480000000000018e+02 3.100000000000000000e+02
3.651990000000000123e+02 4.500000000000000000e+02
3.653580000000000041e+02 6.200000000000000000e+02
3.655659999999999741e+02 3.900000000000000000e+03
3.657189999999999941e+02 3.100000000000000000e+03
3.659230000000000018e+02 2.100000000000000000e+02
3.663299999999999841e+02 1.400000000000000000e+03
3.665640000000000214e+02 2.700000000000000000e+03
3.672250000000000227e+02 2.000000000000000000e+03
3.675099999999999909e+02 1.000000000000000000e+03
3.680260000000000105e+02 3.500000000000000000e+02
3.685179999999999723e+02 2.000000000000000000e+03
3.687379999999999995e+02 7.200000000000000000e+02
3.688790000000000191e+02 3.100000000000000000e+03
3.695079999999999814e+02 2.100000000000000000e+02
3.698779999999999859e+02 2.000000000000000000e+03
3.700779999999999745e+02 1.300000000000000000e+03
3.701519999999999868e+02 2.500000000000000000e+02
3.713759999999999764e+02 2.700000000000000000e+03
3.714630000000000223e+02 2.000000000000000000e+03
3.717420000000000186e+02 1.400000000000000000e+03
3.718539999999999850e+02 2.000000000000000000e+03
3.720509999999999877e+02 1.800000000000000000e+03
3.720590000000000259e+02 0.000000000000000000e+00
3.723129999999999882e+02 2.500000000000000000e+02
3.726530000000000200e+02 4.300000000000000000e+02
3.731899999999999977e+02 1.500000000000000000e+03
3.733380000000000223e+02 2.700000000000000000e+02
3.733509999999999991e+02 2.300000000000000000e+02
3.733729999999999905e+02 2.300000000000000000e+02
3.734139999999999873e+02 5.100000000000000000e+02
3.740819999999999936e+02 4.900000000000000000e+02
3.741080000000000041e+02 3.300000000000000000e+02
3.744529999999999745e+02 4.500000000000000000e+03
3.745889999999999986e+02 6.200000000000000000e+02
3.758809999999999718e+02 2.300000000000000000e+02
3.759010000000000105e+02 1.000000000000000000e+03
3.759379999999999882e+02 1.400000000000000000e+03
3.760070000000000050e+02 8.200000000000000000e+02
3.761779999999999973e+02 6.200000000000000000e+02
3.761990000000000123e+02 2.900000000000000000e+02
3.763269999999999982e+02 8.700000000000000000e+02
3.764399999999999977e+02 2.100000000000000000e+02
3.765269999999999868e+02 3.700000000000000000e+02
3.768109999999999786e+02 8.700000000000000000e+02
3.769460000000000264e+02 8.700000000000000000e+03
3.770520000000000209e+02 6.200000000000000000e+02
3.771759999999999877e+02 1.400000000000000000e+03
3.772330000000000041e+02 2.500000000000000000e+02
3.774519999999999982e+02 2.100000000000000000e+02
3.777900000000000205e+02 2.100000000000000000e+02
3.783410000000000082e+02 1.000000000000000000e+03
3.784119999999999777e+02 2.900000000000000000e+03
3.788639999999999759e+02 1.100000000000000000e+03
3.791709999999999923e+02 2.000000000000000000e+02
3.792250000000000227e+02 7.700000000000000000e+02
3.793469999999999800e+02 4.900000000000000000e+02
3.797450000000000045e+02 5.100000000000000000e+03
3.802370000000000232e+02 7.200000000000000000e+02
3.805470000000000255e+02 2.100000000000000000e+02
3.806170000000000186e+02 2.100000000000000000e+02
3.806600000000000250e+02 5.600000000000000000e+02
3.815049999999999955e+02 3.700000000000000000e+03
3.815819999999999936e+02 4.300000000000000000e+02
3.817719999999999914e+02 7.700000000000000000e+02
3.819830000000000041e+02 4.300000000000000000e+02
3.827139999999999986e+02 3.500000000000000000e+02
3.828419999999999845e+02 2.300000000000000000e+02
3.830550000000000068e+02 2.300000000000000000e+02
3.832819999999999823e+02 3.000000000000000000e+02
3.832889999999999873e+02 3.700000000000000000e+02
3.834060000000000059e+02 2.100000000000000000e+02
3.836080000000000041e+02 3.300000000000000000e+02
3.838000000000000114e+02 9.700000000000000000e+02
3.840729999999999791e+02 1.000000000000000000e+03
3.843290000000000077e+02 1.200000000000000000e+03
3.844370000000000118e+02 1.400000000000000000e+03
3.845670000000000073e+02 1.400000000000000000e+03
3.851779999999999973e+02 3.300000000000000000e+03
3.852060000000000173e+02 5.100000000000000000e+03
3.853539999999999850e+02 4.300000000000000000e+03
3.856650000000000205e+02 4.700000000000000000e+02
3.864150000000000205e+02 2.500000000000000000e+02
3.868090000000000259e+02 1.600000000000000000e+03
3.874669999999999845e+02 2.500000000000000000e+02
3.876560000000000059e+02 2.200000000000000000e+02
3.895799999999999841e+02 1.500000000000000000e+03
3.896890000000000214e+02 4.500000000000000000e+02
3.903509999999999991e+02 7.500000000000000000e+02
3.903820000000000050e+02 3.000000000000000000e+02
3.905400000000000205e+02 2.400000000000000000e+02
3.906759999999999877e+02 4.500000000000000000e+02
3.911349999999999909e+02 3.000000000000000000e+02
3.917620000000000005e+02 2.200000000000000000e+03
3.924359999999999786e+02 4.500000000000000000e+02
3.935899999999999750e+02 1.200000000000000000e+03
3.935930000000000177e+02 0.000000000000000000e+00
3.936490000000000009e+02 2.200000000000000000e+02
3.942919999999999732e+02 4.500000000000000000e+02
3.943750000000000000e+02 5.900000000000000000e+02
3.944359999999999786e+02 2.700000000000000000e+02
3.944739999999999895e+02 2.200000000000000000e+02
3.946659999999999968e+02 1.400000000000000000e+03
3.953120000000000118e+02 3.000000000000000000e+02
3.954490000000000123e+02 5.900000000000000000e+02
3.958790000000000191e+02 1.200000000000000000e+03
3.960559999999999832e+02 7.500000000000000000e+02
3.960640000000000214e+02 0.000000000000000000e+00
3.964780000000000086e+02 2.200000000000000000e+02
3.967400000000000091e+02 5.900000000000000000e+02
3.969379999999999882e+02 5.900000000000000000e+02
3.970120000000000005e+02 7.500000000000000000e+02
3.970409999999999968e+02 2.700000000000000000e+02
3.972869999999999777e+02 4.500000000000000000e+02
3.973829999999999814e+02 3.900000000000000000e+02
3.975099999999999909e+02 5.900000000000000000e+02
3.975930000000000177e+02 3.000000000000000000e+02
3.980459999999999923e+02 7.500000000000000000e+02
3.988340000000000032e+02 4.500000000000000000e+02
3.988969999999999914e+02 4.700000000000000000e+02
3.993820000000000050e+02 3.200000000000000000e+02
3.994340000000000259e+02 2.200000000000000000e+02
3.995289999999999964e+02 6.500000000000000000e+02
3.997450000000000045e+02 7.000000000000000000e+02
3.998890000000000100e+02 3.200000000000000000e+02
4.002389999999999759e+02 4.700000000000000000e+02
4.006070000000000277e+02 2.600000000000000000e+02
4.009460000000000264e+02 3.200000000000000000e+02
4.010040000000000191e+02 3.000000000000000000e+02
4.014929999999999950e+02 3.000000000000000000e+02
4.016720000000000255e+02 2.000000000000000000e+02
4.018050000000000068e+02 3.000000000000000000e+02
4.018389999999999986e+02 3.000000000000000000e+02
4.018849999999999909e+02 4.300000000000000000e+02
4.020869999999999891e+02 3.000000000000000000e+02
4.023469999999999800e+02 3.000000000000000000e+02
4.024279999999999973e+02 1.100000000000000000e+03
4.024490000000000123e+02 8.100000000000000000e+02
4.028750000000000000e+02 2.200000000000000000e+02
4.029289999999999736e+02 1.100000000000000000e+03
4.032019999999999982e+02 8.600000000000000000e+02
4.034630000000000223e+02 7.000000000000000000e+02
4.036539999999999964e+02 3.400000000000000000e+02
4.037980000000000018e+02 2.600000000000000000e+02
4.038469999999999800e+02 1.400000000000000000e+03
4.039039999999999964e+02 7.000000000000000000e+02
4.044850000000000136e+02 4.100000000000000000e+02
4.046150000000000091e+02 1.600000000000000000e+03
4.047980000000000018e+02 2.700000000000000000e+02
4.048229999999999791e+02 2.700000000000000000e+02
4.050339999999999918e+02 2.700000000000000000e+02
4.050570000000000164e+02 1.300000000000000000e+03
4.051000000000000227e+02 2.200000000000000000e+03
4.051510000000000105e+02 2.700000000000000000e+02
4.054429999999999836e+02 8.100000000000000000e+02
4.054780000000000086e+02 2.600000000000000000e+03
4.055869999999999891e+02 8.100000000000000000e+02
4.059370000000000118e+02 2.600000000000000000e+03
4.061030000000000086e+02 6.500000000000000000e+02
4.062450000000000045e+02 2.700000000000000000e+02
4.063740000000000236e+02 6.500000000000000000e+02
4.064540000000000077e+02 1.900000000000000000e+03
4.064739999999999895e+02 5.400000000000000000e+02
4.067189999999999941e+02 2.600000000000000000e+02
4.069499999999999886e+02 5.200000000000000000e+02
4.069889999999999759e+02 2.600000000000000000e+02
4.071440000000000055e+02 7.500000000000000000e+02
4.071539999999999964e+02 0.000000000000000000e+00
4.074350000000000023e+02 6.500000000000000000e+02
4.074909999999999854e+02 3.000000000000000000e+02
4.079590000000000032e+02 1.300000000000000000e+03
4.079850000000000136e+02 2.800000000000000000e+03
4.084850000000000136e+02 5.200000000000000000e+02
4.086709999999999923e+02 1.500000000000000000e+03
4.088840000000000146e+02 2.600000000000000000e+02
4.091560000000000059e+02 6.500000000000000000e+02
4.093870000000000005e+02 1.100000000000000000e+03
4.094879999999999995e+02 2.600000000000000000e+02
4.095640000000000214e+02 2.600000000000000000e+02
4.099769999999999754e+02 2.600000000000000000e+03
4.100059999999999718e+02 5.200000000000000000e+02
4.101419999999999959e+02 6.500000000000000000e+02
4.112599999999999909e+02 3.900000000000000000e+02
4.131539999999999964e+02 2.200000000000000000e+03
4.132649999999999864e+02 2.700000000000000000e+02
4.133450000000000273e+02 1.100000000000000000e+03
4.135330000000000155e+02 7.500000000000000000e+02
4.138269999999999982e+02 4.100000000000000000e+02
4.150029999999999859e+02 2.800000000000000000e+02
4.163899999999999864e+02 5.400000000000000000e+02
4.164259999999999877e+02 2.800000000000000000e+02
4.168330000000000268e+02 2.800000000000000000e+02
4.168439999999999941e+02 0.000000000000000000e+00
4.176720000000000255e+02 2.400000000000000000e+03
4.178439999999999941e+02 6.000000000000000000e+02
4.185430000000000064e+02 2.400000000000000000e+03
4.191960000000000264e+02 2.200000000000000000e+03
4.192250000000000227e+02 7.500000000000000000e+02
4.192810000000000059e+02 7.500000000000000000e+02
4.198860000000000241e+02 4.500000000000000000e+02
4.206039999999999850e+02 5.900000000000000000e+02
4.213190000000000168e+02 1.300000000000000000e+03
4.216209999999999809e+02 9.700000000000000000e+02
4.218389999999999986e+02 6.500000000000000000e+02
4.226220000000000141e+02 3.200000000000000000e+02
4.227040000000000077e+02 4.800000000000000000e+03
4.228330000000000268e+02 2.200000000000000000e+02
4.230989999999999895e+02 2.200000000000000000e+02
4.239970000000000141e+02 6.500000000000000000e+02
4.247769999999999868e+02 2.000000000000000000e+02
4.252930000000000064e+02 1.700000000000000000e+03
4.254569999999999936e+02 8.600000000000000000e+02
4.254809999999999945e+02 6.500000000000000000e+02
4.261320000000000050e+02 8.100000000000000000e+02
4.263290000000000077e+02 1.600000000000000000e+03
4.267799999999999727e+02 6.500000000000000000e+02
4.268199999999999932e+02 4.700000000000000000e+02
4.275369999999999777e+02 3.000000000000000000e+02
4.281159999999999854e+02 4.000000000000000000e+02
4.281689999999999827e+02 9.100000000000000000e+02
4.287029999999999745e+02 4.300000000000000000e+02
4.287330000000000041e+02 3.000000000000000000e+02
4.297289999999999850e+02 5.400000000000000000e+02
4.298380000000000223e+02 2.200000000000000000e+02
4.300500000000000114e+02 4.300000000000000000e+02
4.307549999999999955e+02 1.100000000000000000e+03
4.310500000000000114e+02 2.600000000000000000e+02
4.315049999999999955e+02 1.800000000000000000e+03
4.315489999999999782e+02 3.000000000000000000e+02
4.315609999999999786e+02 5.200000000000000000e+02
4.317259999999999991e+02 5.200000000000000000e+02
4.321739999999999782e+02 3.700000000000000000e+02
4.322330000000000041e+02 7.500000000000000000e+02
4.322420000000000186e+02 0.000000000000000000e+00
4.326789999999999736e+02 2.600000000000000000e+03
4.326909999999999741e+02 0.000000000000000000e+00
4.328340000000000032e+02 1.900000000000000000e+03
4.330799999999999841e+02 3.700000000000000000e+02
4.331829999999999927e+02 3.400000000000000000e+02
4.332599999999999909e+02 2.400000000000000000e+02
4.342500000000000000e+02 4.500000000000000000e+02
4.343399999999999750e+02 9.100000000000000000e+02
4.345520000000000209e+02 1.000000000000000000e+03
4.347679999999999723e+02 2.200000000000000000e+03
4.347839999999999918e+02 9.100000000000000000e+02
4.348530000000000086e+02 2.200000000000000000e+02
4.371000000000000227e+02 3.000000000000000000e+02
4.375059999999999718e+02 9.700000000000000000e+02
4.393290000000000077e+02 2.800000000000000000e+02
4.403100000000000023e+02 1.400000000000000000e+03
4.404379999999999882e+02 5.200000000000000000e+02
4.407909999999999968e+02 2.600000000000000000e+02
4.409490000000000123e+02 2.600000000000000000e+02
4.410489999999999782e+02 2.200000000000000000e+02
4.412400000000000091e+02 5.200000000000000000e+02
4.415400000000000205e+02 8.600000000000000000e+02
4.415969999999999800e+02 7.000000000000000000e+02
4.420269999999999868e+02 3.400000000000000000e+02
4.423650000000000091e+02 1.400000000000000000e+03
4.431870000000000118e+02 1.100000000000000000e+03
4.437350000000000136e+02 2.400000000000000000e+02
4.437470000000000141e+02 0.000000000000000000e+00
4.447160000000000082e+02 3.000000000000000000e+02
4.465989999999999895e+02 3.000000000000000000e+02
4.467799999999999727e+02 3.000000000000000000e+02
4.467850000000000250e+02 0.000000000000000000e+00
4.468330000000000268e+02 5.200000000000000000e+02
4.475389999999999873e+02 7.000000000000000000e+02
4.477379999999999995e+02 8.600000000000000000e+02
4.480059999999999718e+02 2.200000000000000000e+02
4.482320000000000277e+02 2.800000000000000000e+02
4.484590000000000032e+02 2.200000000000000000e+02
4.485960000000000036e+02 2.200000000000000000e+02
4.488159999999999741e+02 2.800000000000000000e+02
4.498389999999999986e+02 5.000000000000000000e+02
4.498580000000000041e+02 2.200000000000000000e+02
4.507470000000000141e+02 4.300000000000000000e+02
4.507590000000000146e+02 1.400000000000000000e+02
4.515769999999999982e+02 1.400000000000000000e+02
4.520930000000000177e+02 1.100000000000000000e+03
4.524089999999999918e+02 3.000000000000000000e+02
4.525389999999999873e+02 1.500000000000000000e+02
4.539080000000000155e+02 9.100000000000000000e+02
4.541290000000000191e+02 2.200000000000000000e+02
4.543299999999999841e+02 3.000000000000000000e+02
4.549270000000000209e+02 2.400000000000000000e+02
4.559359999999999786e+02 1.200000000000000000e+02
4.575090000000000146e+02 1.300000000000000000e+02
4.577189999999999941e+02 2.600000000000000000e+02
4.580869999999999891e+02 2.800000000000000000e+02
4.582570000000000050e+02 4.100000000000000000e+02
4.583809999999999718e+02 1.300000000000000000e+02
4.584350000000000023e+02 4.100000000000000000e+02
4.588279999999999745e+02 1.600000000000000000e+02
4.598269999999999982e+02 2.200000000000000000e+02
4.599200000000000159e+02 3.200000000000000000e+02
4.600190000000000055e+02 4.100000000000000000e+02
4.602339999999999804e+02 3.400000000000000000e+02
4.604220000000000255e+02 2.400000000000000000e+02
4.615790000000000077e+02 5.200000000000000000e+02
4.625720000000000027e+02 1.400000000000000000e+02
4.637939999999999827e+02 4.300000000000000000e+02
4.640299999999999727e+02 1.100000000000000000e+02
4.641340000000000146e+02 1.700000000000000000e+02
4.647300000000000182e+02 1.700000000000000000e+02
4.648940000000000055e+02 1.700000000000000000e+02
4.649889999999999759e+02 1.700000000000000000e+02
4.650000000000000000e+02 0.000000000000000000e+00
4.654839999999999804e+02 4.300000000000000000e+02
4.672180000000000177e+02 1.400000000000000000e+02
4.680489999999999782e+02 1.700000000000000000e+02
4.681349999999999909e+02 2.600000000000000000e+02
4.684639999999999986e+02 4.300000000000000000e+02
4.685559999999999832e+02 6.000000000000000000e+02
4.689429999999999836e+02 1.400000000000000000e+02
4.695640000000000214e+02 7.000000000000000000e+02
4.696800000000000068e+02 1.700000000000000000e+02
4.698729999999999905e+02 4.300000000000000000e+02
4.704449999999999932e+02 1.700000000000000000e+02
4.711100000000000136e+02 2.000000000000000000e+02
4.716379999999999768e+02 6.000000000000000000e+02
4.722780000000000200e+02 1.100000000000000000e+02
4.729789999999999850e+02 1.500000000000000000e+02
4.733919999999999959e+02 2.200000000000000000e+02
4.737069999999999936e+02 2.600000000000000000e+02
4.744979999999999905e+02 4.100000000000000000e+02
4.747149999999999750e+02 1.100000000000000000e+02
4.760029999999999859e+02 3.200000000000000000e+02
4.762069999999999936e+02 1.100000000000000000e+02
4.765149999999999864e+02 1.300000000000000000e+02
4.768570000000000277e+02 4.700000000000000000e+02
4.783260000000000218e+02 1.800000000000000000e+02
4.784130000000000109e+02 6.000000000000000000e+02
4.785960000000000036e+02 3.000000000000000000e+02
4.788090000000000259e+02 1.100000000000000000e+02
4.802389999999999759e+02 1.400000000000000000e+02
4.808790000000000191e+02 2.200000000000000000e+02
4.823039999999999736e+02 3.200000000000000000e+02
4.836610000000000014e+02 1.300000000000000000e+02
4.849449999999999932e+02 1.100000000000000000e+02
4.863949999999999818e+02 1.100000000000000000e+02
4.866379999999999768e+02 1.700000000000000000e+02
4.872860000000000014e+02 1.200000000000000000e+02
4.935500000000000114e+02 2.800000000000000000e+02
4.939990000000000236e+02 2.200000000000000000e+02
4.953849999999999909e+02 1.100000000000000000e+02
4.960169999999999959e+02 1.300000000000000000e+02
4.978109999999999786e+02 2.500000000000000000e+02
5.012219999999999800e+02 6.500000000000000000e+01
5.013140000000000214e+02 5.500000000000000000e+01
5.016440000000000055e+02 7.500000000000000000e+02
5.024529999999999745e+02 5.500000000000000000e+01
5.032690000000000055e+02 6.500000000000000000e+01
5.040500000000000114e+02 7.500000000000000000e+01
5.052289999999999850e+02 6.500000000000000000e+01
5.075149999999999864e+02 5.500000000000000000e+01
5.084220000000000255e+02 5.500000000000000000e+01
5.093120000000000118e+02 5.000000000000000000e+03
5.093670000000000186e+02 9.500000000000000000e+01
5.097479999999999905e+02 6.500000000000000000e+01
5.099800000000000182e+02 1.300000000000000000e+02
5.102359999999999900e+02 5.500000000000000000e+01
5.104870000000000232e+02 9.100000000000000000e+02
5.110330000000000155e+02 1.800000000000000000e+02
5.125489999999999782e+02 3.000000000000000000e+02
5.126989999999999554e+02 1.200000000000000000e+02
5.131710000000000491e+02 6.500000000000000000e+01
5.137019999999999982e+02 6.500000000000000000e+01
5.137469999999999573e+02 7.500000000000000000e+01
5.142269999999999754e+02 8.500000000000000000e+01
5.142930000000000064e+02 7.500000000000000000e+01
5.144109999999999445e+02 7.500000000000000000e+01
5.157279999999999518e+02 8.600000000000000000e+02
5.158200000000000500e+02 5.500000000000000000e+01
5.159919999999999618e+02 7.500000000000000000e+01
5.165140000000000100e+02 7.500000000000000000e+01
5.165979999999999563e+02 5.500000000000000000e+01
5.177720000000000482e+02 1.900000000000000000e+02
5.188680000000000518e+02 5.500000000000000000e+01
5.189320000000000164e+02 5.500000000000000000e+01
5.192530000000000427e+02 5.500000000000000000e+01
5.199220000000000255e+02 4.100000000000000000e+02
5.211939999999999600e+02 5.500000000000000000e+01
5.218930000000000291e+02 8.500000000000000000e+01
5.220850000000000364e+02 2.800000000000000000e+02
5.221749999999999545e+02 7.500000000000000000e+01
5.235389999999999873e+02 1.300000000000000000e+02
5.248329999999999700e+02 6.500000000000000000e+01
5.252640000000000100e+02 3.200000000000000000e+02
5.253600000000000136e+02 1.200000000000000000e+02
5.256209999999999809e+02 8.500000000000000000e+01
5.257259999999999991e+02 1.400000000000000000e+02
5.270249999999999773e+02 6.500000000000000000e+01
5.274379999999999882e+02 5.500000000000000000e+01
5.283949999999999818e+02 5.500000000000000000e+01
5.284550000000000409e+02 2.800000000000000000e+02
5.303150000000000546e+02 2.800000000000000000e+02
5.304239999999999782e+02 2.200000000000000000e+02
5.308179999999999836e+02 5.500000000000000000e+01
5.308780000000000427e+02 2.800000000000000000e+02
5.322980000000000018e+02 1.300000000000000000e+02
5.323260000000000218e+02 2.800000000000000000e+02
5.328799999999999955e+02 1.100000000000000000e+02
5.329779999999999518e+02 6.500000000000000000e+01
5.334779999999999518e+02 1.700000000000000000e+02
5.339009999999999536e+02 5.500000000000000000e+01
5.344489999999999554e+02 3.000000000000000000e+02
5.346620000000000346e+02 8.500000000000000000e+01
5.347169999999999845e+02 7.500000000000000000e+01
5.349439999999999600e+02 1.800000000000000000e+03
5.350159999999999627e+02 2.000000000000000000e+02
5.351870000000000118e+02 3.000000000000000000e+02
5.354750000000000227e+02 2.400000000000000000e+02
5.363150000000000546e+02 5.500000000000000000e+01
5.366870000000000118e+02 9.500000000000000000e+01
5.367450000000000045e+02 3.000000000000000000e+03
5.371409999999999627e+02 9.500000000000000000e+01
5.372119999999999891e+02 1.500000000000000000e+02
5.391000000000000227e+02 8.500000000000000000e+01
5.414120000000000346e+02 1.100000000000000000e+03
5.414700000000000273e+02 8.500000000000000000e+01
5.417200000000000273e+02 8.500000000000000000e+01
5.454980000000000473e+02 6.500000000000000000e+01
5.554840000000000373e+02 4.000000000000000000e+03
5.585230000000000246e+02 5.500000000000000000e+01
5.589429999999999836e+02 3.000000000000000000e+03
5.593400000000000318e+02 5.500000000000000000e+01
5.619470000000000027e+02 1.900000000000000000e+02
5.631109999999999900e+02 6.500000000000000000e+01
5.633809999999999718e+02 1.100000000000000000e+02
5.644809999999999945e+02 2.600000000000000000e+02
5.660549999999999500e+02 3.000000000000000000e+03
5.697799999999999727e+02 3.900000000000000000e+02
5.702930000000000064e+02 9.500000000000000000e+01
5.711000000000000227e+02 6.500000000000000000e+01
5.735449999999999591e+02 1.200000000000000000e+02
5.747949999999999591e+02 8.500000000000000000e+01
5.755769999999999982e+02 8.500000000000000000e+01
5.777619999999999436e+02 7.500000000000000000e+01
5.788559999999999945e+02 1.800000000000000000e+03
5.792989999999999782e+02 2.400000000000000000e+02
5.798410000000000082e+02 6.500000000000000000e+01
5.804529999999999745e+02 5.500000000000000000e+01
5.809329999999999927e+02 5.500000000000000000e+01
5.810829999999999700e+02 5.500000000000000000e+01
5.817459999999999809e+02 5.500000000000000000e+01
5.842089999999999463e+02 5.500000000000000000e+01
5.853250000000000455e+02 2.200000000000000000e+02
5.856860000000000355e+02 5.500000000000000000e+01
5.857839999999999918e+02 2.800000000000000000e+02
5.862350000000000136e+02 5.500000000000000000e+01
5.863709999999999809e+02 1.500000000000000000e+03
5.878890000000000100e+02 6.500000000000000000e+01
5.888089999999999691e+02 5.500000000000000000e+01
5.905710000000000264e+02 5.500000000000000000e+01
5.906200000000000045e+02 1.100000000000000000e+02
5.913089999999999691e+02 1.700000000000000000e+02
5.915190000000000055e+02 6.500000000000000000e+01
5.918410000000000082e+02 5.500000000000000000e+01
5.931929999999999836e+02 8.500000000000000000e+01
5.938479999999999563e+02 8.500000000000000000e+01
5.939360000000000355e+02 6.500000000000000000e+01
5.953250000000000455e+02 5.500000000000000000e+01
5.958129999999999882e+02 5.500000000000000000e+01
5.978909999999999627e+02 8.500000000000000000e+01
5.989510000000000218e+02 1.500000000000000000e+03
5.989679999999999609e+02 1.100000000000000000e+02
6.000739999999999554e+02 8.500000000000000000e+01
6.006230000000000473e+02 5.500000000000000000e+01
6.010370000000000346e+02 5.500000000000000000e+01
6.022799999999999727e+02 5.500000000000000000e+01
6.082329999999999472e+02 5.500000000000000000e+01
6.115760000000000218e+02 4.300000000000000000e+02
6.182129999999999654e+02 5.500000000000000000e+01
6.291470000000000482e+02 8.500000000000000000e+01
6.294610000000000127e+02 3.000000000000000000e+01
6.306889999999999645e+02 7.500000000000000000e+01
6.310850000000000364e+02 3.000000000000000000e+01
6.318940000000000055e+02 2.700000000000000000e+01
6.333099999999999454e+02 4.000000000000000000e+01
6.335499999999999545e+02 1.700000000000000000e+01
6.338089999999999691e+02 1.700000000000000000e+01
6.348400000000000318e+02 2.700000000000000000e+01
6.353479999999999563e+02 2.700000000000000000e+01
6.364990000000000236e+02 1.700000000000000000e+01
6.382709999999999582e+02 4.000000000000000000e+01
6.383949999999999818e+02 1.700000000000000000e+01
6.410320000000000391e+02 2.200000000000000000e+01
6.424199999999999591e+02 2.200000000000000000e+01
6.426299999999999955e+02 1.700000000000000000e+01
6.472079999999999700e+02 1.900000000000000000e+01
6.481900000000000546e+02 1.500000000000000000e+01
6.539959999999999809e+02 4.000000000000000000e+01
6.551059999999999945e+02 2.200000000000000000e+01
6.566589999999999918e+02 5.500000000000000000e+01
6.569809999999999945e+02 1.000000000000000000e+01
6.575620000000000118e+02 1.000000000000000000e+01
6.593419999999999845e+02 3.000000000000000000e+01
6.595240000000000009e+02 1.500000000000000000e+01
6.611870000000000118e+02 1.000000000000000000e+01
6.636190000000000282e+02 5.000000000000000000e+01
6.641910000000000309e+02 3.500000000000000000e+01
6.644589999999999463e+02 1.000000000000000000e+01
6.645810000000000173e+02 3.000000000000000000e+01
6.648690000000000282e+02 1.000000000000000000e+01
6.655389999999999873e+02 1.000000000000000000e+01
6.681399999999999864e+02 1.000000000000000000e+01
6.683070000000000164e+02 3.500000000000000000e+01
6.694710000000000036e+02 1.000000000000000000e+01
6.706029999999999518e+02 1.000000000000000000e+01
6.719990000000000236e+02 1.400000000000000000e+01
6.729690000000000509e+02 1.700000000000000000e+01
6.732590000000000146e+02 8.500000000000000000e+01
6.754529999999999745e+02 5.000000000000000000e+01
6.755769999999999982e+02 1.400000000000000000e+01
6.785259999999999536e+02 1.400000000000000000e+01
6.788200000000000500e+02 2.600000000000000000e+01
6.789049999999999727e+02 1.000000000000000000e+01
6.816440000000000055e+02 1.200000000000000000e+01
6.818369999999999891e+02 2.600000000000000000e+01
6.822780000000000200e+02 1.700000000000000000e+01
6.830130000000000337e+02 1.000000000000000000e+02
6.848490000000000464e+02 3.500000000000000000e+01
6.859020000000000437e+02 3.000000000000000000e+01
6.866140000000000327e+02 1.500000000000000000e+01
6.889529999999999745e+02 2.100000000000000000e+01
6.902630000000000337e+02 1.400000000000000000e+01
6.918479999999999563e+02 1.000000000000000000e+02
6.922530000000000427e+02 2.100000000000000000e+01
6.926900000000000546e+02 1.500000000000000000e+01
6.928400000000000318e+02 2.100000000000000000e+01
6.947899999999999636e+02 1.700000000000000000e+01
6.959660000000000082e+02 1.500000000000000000e+01
6.961159999999999854e+02 1.500000000000000000e+01
6.966250000000000000e+02 1.400000000000000000e+01
6.973579999999999472e+02 1.500000000000000000e+01
6.978269999999999982e+02 1.200000000000000000e+01
6.980190000000000055e+02 1.000000000000000000e+01
6.982789999999999964e+02 2.600000000000000000e+01
6.987820000000000391e+02 5.000000000000000000e+01
6.990679999999999836e+02 1.000000000000000000e+01
6.993849999999999909e+02 7.500000000000000000e+01
6.995109999999999673e+02 2.100000000000000000e+01
6.998690000000000282e+02 6.000000000000000000e+01
7.002680000000000291e+02 1.700000000000000000e+01
7.008089999999999691e+02 4.500000000000000000e+01
7.018529999999999518e+02 1.000000000000000000e+01
7.039199999999999591e+02 2.100000000000000000e+01
7.052939999999999827e+02 1.400000000000000000e+01
7.056570000000000391e+02 1.300000000000000000e+01
7.059969999999999573e+02 1.000000000000000000e+01
7.070040000000000191e+02 1.000000000000000000e+01
7.072949999999999591e+02 1.800000000000000000e+01
7.075579999999999927e+02 1.800000000000000000e+01
7.100069999999999482e+02 1.400000000000000000e+01
7.100689999999999600e+02 1.400000000000000000e+01
7.118730000000000473e+02 1.000000000000000000e+01
7.120819999999999936e+02 2.100000000000000000e+01
7.124529999999999745e+02 3.500000000000000000e+01
7.137699999999999818e+02 1.300000000000000000e+01
7.149279999999999973e+02 1.800000000000000000e+01
7.160249999999999773e+02 1.300000000000000000e+01
7.170349999999999682e+02 1.700000000000000000e+02
7.174239999999999782e+02 2.100000000000000000e+01
7.191549999999999727e+02 2.800000000000000000e+01
7.199059999999999491e+02 1.300000000000000000e+01
7.203390000000000555e+02 1.300000000000000000e+01
7.230009999999999764e+02 1.000000000000000000e+01
7.235439999999999827e+02 2.500000000000000000e+01
7.254700000000000273e+02 1.400000000000000000e+01
7.264660000000000082e+02 2.800000000000000000e+01
7.293360000000000127e+02 1.400000000000000000e+01
7.315289999999999964e+02 2.100000000000000000e+01
7.326910000000000309e+02 1.800000000000000000e+01
7.375839999999999463e+02 1.400000000000000000e+01
7.378440000000000509e+02 1.400000000000000000e+01
7.379299999999999500e+02 1.300000000000000000e+01
7.382309999999999945e+02 1.300000000000000000e+01
7.396939999999999600e+02 1.300000000000000000e+01
7.432240000000000464e+02 1.300000000000000000e+01
7.443899999999999864e+02 3.500000000000000000e+01
7.466420000000000528e+02 4.000000000000000000e+01
7.565049999999999955e+02 5.500000000000000000e+01
7.565270000000000437e+02 1.000000000000000000e+01
7.590289999999999964e+02 1.000000000000000000e+01
7.613880000000000337e+02 1.000000000000000000e+01
7.624059999999999491e+02 2.100000000000000000e+01
7.652430000000000518e+02 2.100000000000000000e+01
7.674669999999999845e+02 2.500000000000000000e+01
7.678170000000000073e+02 1.000000000000000000e+01
7.696570000000000391e+02 1.300000000000000000e+01
7.735629999999999882e+02 8.000000000000000000e+01
7.751430000000000291e+02 3.500000000000000000e+01
7.758099999999999454e+02 1.000000000000000000e+01
7.768619999999999663e+02 1.000000000000000000e+01
7.847029999999999745e+02 1.100000000000000000e+01
7.847960000000000491e+02 1.000000000000000000e+01
7.848509999999999991e+02 3.500000000000000000e+01
7.859089999999999918e+02 3.500000000000000000e+01
7.871889999999999645e+02 1.400000000000000000e+01
7.932430000000000518e+02 2.500000000000000000e+01
8.079809999999999945e+02 1.300000000000000000e+01
8.148390000000000555e+02 1.800000000000000000e+01
8.220339999999999918e+02 1.100000000000000000e+01
8.277690000000000055e+02 1.000000000000000000e+01
8.352019999999999982e+02 1.000000000000000000e+01
8.400610000000000355e+02 1.100000000000000000e+01
8.447789999999999964e+02 1.000000000000000000e+01
8.530220000000000482e+02 1.300000000000000000e+01
8.671009999999999991e+02 2.100000000000000000e+01
8.772770000000000437e+02 1.100000000000000000e+01
8.787259999999999991e+02 1.300000000000000000e+01
8.798179999999999836e+02 1.000000000000000000e+01
8.834489999999999554e+02 2.100000000000000000e+01
8.851570000000000391e+02 1.400000000000000000e+01
8.869740000000000464e+02 1.800000000000000000e+01
1.433680000000000064e+03 5.000000000000000000e+03
1.747954999999999927e+03 2.000000000000000000e+03
2.000180000000000064e+03 8.000000000000000000e+02
2.126523999999999887e+03 8.000000000000000000e+02
2.249947000000000116e+03 6.000000000000000000e+02
