6.214399999999999835e+01 3.000000000000000000e+00
6.796800000000000352e+01 2.000000000000000000e+00
7.445730000000000359e+01 0.000000000000000000e+00
7.448099999999999454e+01 0.000000000000000000e+00
7.453079999999999927e+01 0.000000000000000000e+00
7.458339999999999748e+01 0.000000000000000000e+00
7.465330000000000155e+01 0.000000000000000000e+00
7.465430000000000632e+01 0.000000000000000000e+00
7.472450000000000614e+01 0.000000000000000000e+00
7.473149999999999693e+01 0.000000000000000000e+00
7.483379999999999654e+01 0.000000000000000000e+00
7.485200000000000387e+01 0.000000000000000000e+00
7.498139999999999361e+01 0.000000000000000000e+00
7.499599999999999511e+01 0.000000000000000000e+00
7.500400000000000489e+01 0.000000000000000000e+00
7.517879999999999541e+01 0.000000000000000000e+00
7.520699999999999363e+01 0.000000000000000000e+00
7.522719999999999629e+01 0.000000000000000000e+00
7.547880000000000678e+01 0.000000000000000000e+00
7.553679999999999950e+01 0.000000000000000000e+00
7.555230000000000246e+01 0.000000000000000000e+00
7.595369999999999777e+01 0.000000000000000000e+00
7.603019999999999357e+01 0.000000000000000000e+00
7.607240000000000180e+01 0.000000000000000000e+00
7.675270000000000437e+01 0.000000000000000000e+00
7.689509999999999934e+01 0.000000000000000000e+00
7.696699999999999875e+01 0.000000000000000000e+00
7.824939999999999429e+01 3.000000000000000000e+02
7.826399999999999579e+01 0.000000000000000000e+00
7.858400000000000318e+01 0.000000000000000000e+00
7.875700000000000500e+01 1.000000000000000000e+01
7.877570000000000050e+01 1.500000000000000000e+02
8.024689999999999657e+01 2.500000000000000000e+02
8.213290000000000646e+01 1.500000000000000000e+04
8.284399999999999409e+01 0.000000000000000000e+00
8.336599999999999966e+01 2.000000000000000000e+01
8.384220000000000539e+01 0.000000000000000000e+00
8.388700000000000045e+01 0.000000000000000000e+00
8.393710000000000093e+01 0.000000000000000000e+00
8.400709999999999411e+01 0.000000000000000000e+00
8.408270000000000266e+01 0.000000000000000000e+00
8.408270000000000266e+01 0.000000000000000000e+00
8.409600000000000364e+01 0.000000000000000000e+00
8.418770000000000664e+01 0.000000000000000000e+00
8.418770000000000664e+01 0.000000000000000000e+00
8.419219999999999970e+01 0.000000000000000000e+00
8.432380000000000564e+01 0.000000000000000000e+00
8.432380000000000564e+01 0.000000000000000000e+00
8.433389999999999986e+01 0.000000000000000000e+00
8.450589999999999691e+01 0.000000000000000000e+00
8.450589999999999691e+01 0.000000000000000000e+00
8.452249999999999375e+01 0.000000000000000000e+00
8.476919999999999789e+01 0.000000000000000000e+00
8.476919999999999789e+01 0.000000000000000000e+00
8.479619999999999891e+01 0.000000000000000000e+00
8.515269999999999584e+01 0.000000000000000000e+00
8.515269999999999584e+01 0.000000000000000000e+00
8.519929999999999382e+01 0.000000000000000000e+00
8.575369999999999493e+01 0.000000000000000000e+00
8.575369999999999493e+01 0.000000000000000000e+00
8.583410000000000650e+01 0.000000000000000000e+00
8.677240000000000464e+01 0.000000000000000000e+00
8.678520000000000323e+01 0.000000000000000000e+00
8.692499999999999716e+01 0.000000000000000000e+00
8.785899999999999466e+01 2.000000000000000000e+00
8.864799999999999613e+01 1.000000000000000000e+00
8.871269999999999811e+01 0.000000000000000000e+00
8.873009999999999309e+01 0.000000000000000000e+00
8.906900000000000261e+01 1.000000000000000000e+01
8.930849999999999511e+01 2.000000000000000000e+05
8.932869999999999777e+01 2.000000000000000000e+03
9.158190000000000452e+01 1.200000000000000000e+05
9.233769999999999811e+01 3.500000000000000000e+02
9.407359999999999900e+01 2.500000000000000000e+04
9.426300000000000523e+01 2.000000000000000000e+05
9.444499999999999318e+01 2.000000000000000000e+01
9.627110000000000412e+01 2.500000000000000000e+05
9.691419999999999391e+01 2.500000000000000000e+05
9.888899999999999579e+01 1.000000000000000000e+00
1.009290000000000020e+02 2.000000000000000000e+00
1.022964999999999947e+02 5.000000000000000000e+01
1.027570000000000050e+02 1.000000000000000000e+02
1.029907999999999930e+02 6.000000000000000000e+03
1.033736999999999995e+02 2.500000000000000000e+01
1.034690999999999974e+02 2.000000000000000000e+01
1.039630999999999972e+02 2.000000000000000000e+05
1.052960000000000065e+02 1.500000000000000000e+02
1.062780000000000058e+02 2.000000000000000000e+05
1.066800000000000068e+02 8.000000000000000000e+00
1.068029999999999973e+02 5.000000000000000000e+00
1.070369000000000028e+02 1.200000000000000000e+02
1.073336999999999932e+02 1.500000000000000000e+01
1.074415999999999940e+02 1.200000000000000000e+01
1.083645999999999958e+02 5.000000000000000000e+02
1.096804000000000059e+02 4.000000000000000000e+01
1.105878000000000014e+02 5.000000000000000000e+01
1.122335000000000065e+02 8.000000000000000000e+00
1.126599999999999966e+02 1.000000000000000000e+02
1.128045999999999935e+02 4.000000000000000000e+01
1.137699999999999960e+02 1.500000000000000000e+01
1.141042000000000058e+02 1.500000000000000000e+01
1.156795000000000044e+02 9.000000000000000000e+01
1.160382000000000033e+02 9.000000000000000000e+02
1.161949999999999932e+02 2.000000000000000000e+00
1.162197000000000031e+02 5.000000000000000000e+00
1.193977000000000004e+02 0.000000000000000000e+00
1.194112999999999971e+02 0.000000000000000000e+00
1.194823999999999984e+02 0.000000000000000000e+00
1.194989999999999952e+02 0.000000000000000000e+00
1.195858999999999952e+02 0.000000000000000000e+00
1.196068000000000069e+02 0.000000000000000000e+00
1.197146999999999935e+02 0.000000000000000000e+00
1.197408999999999963e+02 0.000000000000000000e+00
1.198772000000000020e+02 0.000000000000000000e+00
1.199108999999999980e+02 0.000000000000000000e+00
1.200866999999999933e+02 0.000000000000000000e+00
1.201311000000000035e+02 0.000000000000000000e+00
1.203633999999999986e+02 0.000000000000000000e+00
1.203705999999999960e+02 5.000000000000000000e+01
1.204234000000000009e+02 0.000000000000000000e+00
1.207383999999999986e+02 0.000000000000000000e+00
1.208231999999999999e+02 0.000000000000000000e+00
1.212656000000000063e+02 0.000000000000000000e+00
1.213914000000000044e+02 0.000000000000000000e+00
1.220375999999999976e+02 0.000000000000000000e+00
1.222378999999999962e+02 0.000000000000000000e+00
1.232236999999999938e+02 0.000000000000000000e+00
1.233432999999999993e+02 6.000000000000000000e+01
1.235845000000000056e+02 0.000000000000000000e+00
1.250567000000000064e+02 2.000000000000000000e+02
1.257403999999999940e+02 1.500000000000000000e+01
1.259244999999999948e+02 1.100000000000000000e+01
1.264540999999999968e+02 2.000000000000000000e+01
1.268820000000000050e+02 3.000000000000000000e+02
1.268828000000000031e+02 1.500000000000000000e+01
1.276792999999999978e+02 1.000000000000000000e+01
1.278443999999999932e+02 4.000000000000000000e+01
1.284911999999999921e+02 4.000000000000000000e+01
1.294664999999999964e+02 7.500000000000000000e+01
1.300373999999999910e+02 1.500000000000000000e+01
1.301006999999999891e+02 0.000000000000000000e+00
1.304429000000000087e+02 4.000000000000000000e+01
1.307749000000000024e+02 6.000000000000000000e+00
1.307927999999999997e+02 1.200000000000000000e+03
1.308153000000000077e+02 1.500000000000000000e+02
1.309134999999999991e+02 1.300000000000000000e+02
1.313963999999999999e+02 1.500000000000000000e+01
1.321713000000000022e+02 2.000000000000000000e+03
1.323042000000000087e+02 6.000000000000000000e+01
1.331736999999999966e+02 2.000000000000000000e+03
1.347239999999999895e+02 1.000000000000000000e+02
1.347775000000000034e+02 1.200000000000000000e+02
1.349688999999999908e+02 5.000000000000000000e+01
1.350268000000000086e+02 4.000000000000000000e+03
1.352186000000000092e+02 5.000000000000000000e+00
1.352495999999999867e+02 2.000000000000000000e+01
1.354288999999999987e+02 4.000000000000000000e+02
1.356982000000000141e+02 2.000000000000000000e+01
1.357275999999999954e+02 1.200000000000000000e+02
1.359202999999999975e+02 9.000000000000000000e+01
1.359932000000000016e+02 2.000000000000000000e+01
1.361262999999999863e+02 6.000000000000000000e+03
1.368194000000000017e+02 1.200000000000000000e+01
1.372572999999999865e+02 1.200000000000000000e+03
1.379542999999999893e+02 1.500000000000000000e+01
1.382203000000000088e+02 3.000000000000000000e+02
1.389812000000000012e+02 6.000000000000000000e+01
1.393790999999999940e+02 4.000000000000000000e+01
1.400460999999999956e+02 2.000000000000000000e+03
1.402700000000000102e+02 3.000000000000000000e+01
1.404533999999999878e+02 8.000000000000000000e+02
1.406939999999999884e+02 5.000000000000000000e+01
1.414420000000000073e+02 4.500000000000000000e+04
1.417005000000000052e+02 1.500000000000000000e+04
1.419393000000000029e+02 1.500000000000000000e+02
1.429992000000000019e+02 1.500000000000000000e+02
1.435529999999999973e+02 1.400000000000000000e+01
1.446961000000000013e+02 8.000000000000000000e+01
1.459482000000000141e+02 2.000000000000000000e+01
1.474028999999999883e+02 4.000000000000000000e+01
1.477776000000000067e+02 3.500000000000000000e+03
1.486562999999999874e+02 5.000000000000000000e+00
1.491545000000000130e+02 4.000000000000000000e+01
1.496997000000000071e+02 1.500000000000000000e+02
1.497767000000000053e+02 2.500000000000000000e+01
1.509134999999999991e+02 3.500000000000000000e+01
1.511622000000000128e+02 2.500000000000000000e+02
1.527501000000000033e+02 1.250000000000000000e+02
1.530297999999999945e+02 8.000000000000000000e+02
1.533589000000000055e+02 1.250000000000000000e+02
1.539139999999999873e+02 8.000000000000000000e+02
1.539707999999999970e+02 3.000000000000000000e+00
1.541910000000000025e+02 3.500000000000000000e+02
1.545184000000000140e+02 1.250000000000000000e+02
1.561149000000000058e+02 2.000000000000000000e+01
1.561478999999999928e+02 3.000000000000000000e+02
1.566602000000000032e+02 1.000000000000000000e+01
1.577621000000000038e+02 5.000000000000000000e+01
1.581748000000000047e+02 2.500000000000000000e+02
1.584673999999999978e+02 1.250000000000000000e+02
1.589581000000000017e+02 1.000000000000000000e+02
1.591451000000000136e+02 1.000000000000000000e+01
1.593932000000000073e+02 6.000000000000000000e+01
1.596904000000000110e+02 2.500000000000000000e+01
1.599601000000000113e+02 5.000000000000000000e+02
1.601540999999999997e+02 4.000000000000000000e+02
1.605311000000000092e+02 4.000000000000000000e+02
1.611762999999999977e+02 6.000000000000000000e+01
1.614082999999999970e+02 3.000000000000000000e+02
1.617702999999999918e+02 2.000000000000000000e+02
1.619278999999999940e+02 2.000000000000000000e+02
1.621548999999999978e+02 5.000000000000000000e+01
1.622141000000000020e+02 2.000000000000000000e+02
1.623874000000000137e+02 2.000000000000000000e+03
1.634094000000000051e+02 1.500000000000000000e+02
1.635800999999999874e+02 1.700000000000000000e+02
1.638722999999999956e+02 3.000000000000000000e+01
1.640442999999999927e+02 2.000000000000000000e+02
1.641656999999999869e+02 2.000000000000000000e+02
1.643309999999999889e+02 3.000000000000000000e+02
1.644514000000000067e+02 5.000000000000000000e+02
1.649661999999999864e+02 1.500000000000000000e+03
1.649936999999999898e+02 4.000000000000000000e+05
1.653608999999999867e+02 3.000000000000000000e+00
1.655438000000000045e+02 5.000000000000000000e+02
1.662530999999999892e+02 3.000000000000000000e+00
1.663849999999999909e+02 2.500000000000000000e+01
1.667090000000000032e+02 3.000000000000000000e+01
1.672537000000000091e+02 4.000000000000000000e+04
1.674378000000000100e+02 1.000000000000000000e+01
1.675580999999999960e+02 2.000000000000000000e+00
1.675809000000000140e+02 4.500000000000000000e+03
1.681399999999999864e+02 9.000000000000000000e+00
1.688728000000000122e+02 5.000000000000000000e+00
1.695114000000000090e+02 2.000000000000000000e+02
1.702612000000000023e+02 3.000000000000000000e+01
1.703526999999999987e+02 2.000000000000000000e+01
1.705432999999999879e+02 2.000000000000000000e+02
1.707119000000000142e+02 1.500000000000000000e+03
1.708805999999999869e+02 1.000000000000000000e+01
1.711738000000000000e+02 6.000000000000000000e+02
1.712873999999999910e+02 3.000000000000000000e+01
1.718415999999999997e+02 1.200000000000000000e+01
1.728000000000000114e+02 0.000000000000000000e+00
1.731822999999999979e+02 7.000000000000000000e+02
1.754112000000000080e+02 3.000000000000000000e+01
1.759749999999999943e+02 1.500000000000000000e+01
1.761999999999999886e+02 0.000000000000000000e+00
1.775200000000000102e+02 2.000000000000000000e+00
1.787598000000000127e+02 5.000000000000000000e+00
1.792775000000000034e+02 2.000000000000000000e+01
1.793920999999999992e+02 5.000000000000000000e+02
1.798650000000000091e+02 5.000000000000000000e+03
1.798934000000000140e+02 5.000000000000000000e+02
1.800815000000000055e+02 1.500000000000000000e+03
1.806158000000000072e+02 9.000000000000000000e+01
1.808286999999999978e+02 3.000000000000000000e+02
1.820720000000000027e+02 5.000000000000000000e+03
1.823858999999999924e+02 6.000000000000000000e+01
1.825121000000000038e+02 3.000000000000000000e+00
1.832555999999999869e+02 3.000000000000000000e+00
1.832570000000000050e+02 6.000000000000000000e+00
1.836672000000000082e+02 3.000000000000000000e+00
1.840622999999999934e+02 1.000000000000000000e+03
1.841203999999999894e+02 7.000000000000000000e+00
1.847417000000000087e+02 1.200000000000000000e+01
1.848934999999999889e+02 8.000000000000000000e+02
1.849499399999999980e+02 5.000000000000000000e+03
1.850466000000000122e+02 5.000000000000000000e+00
1.853271000000000015e+02 8.000000000000000000e+02
1.860721000000000060e+02 1.200000000000000000e+01
1.862232999999999947e+02 4.000000000000000000e+00
1.868063999999999965e+02 4.000000000000000000e+00
1.869227999999999952e+02 5.000000000000000000e+04
1.869863000000000000e+02 2.000000000000000000e+02
1.870781000000000063e+02 1.000000000000000000e+01
1.870956999999999937e+02 0.000000000000000000e+00
1.875550000000000068e+02 5.000000000000000000e+03
1.876999999999999886e+02 0.000000000000000000e+00
1.885000000000000000e+02 0.000000000000000000e+00
1.889704000000000121e+02 3.000000000000000000e+01
1.892085999999999899e+02 4.000000000000000000e+00
1.894770000000000039e+02 1.000000000000000000e+00
1.895992999999999995e+02 5.000000000000000000e+01
1.900121000000000038e+02 3.000000000000000000e+03
1.902608999999999924e+02 5.000000000000000000e+00
1.904699999999999989e+02 2.500000000000000000e+03
1.915943000000000040e+02 3.000000000000000000e+01
1.916999999999999886e+02 0.000000000000000000e+00
1.925098999999999876e+02 1.000000000000000000e+01
1.927605000000000075e+02 8.000000000000000000e+02
1.929039999999999964e+02 1.000000000000000000e+00
1.934591000000000065e+02 3.000000000000000000e+00
1.940218999999999880e+02 1.800000000000000000e+02
1.942272900000000107e+02 7.500000000000000000e+05
1.947490999999999985e+02 4.500000000000000000e+01
1.948622000000000014e+02 8.000000000000000000e+02
1.953074000000000012e+02 4.500000000000000000e+01
1.957319999999999993e+02 3.000000000000000000e+03
1.957759000000000071e+02 5.000000000000000000e+00
1.959339999999999975e+02 1.000000000000000000e+00
1.967770999999999901e+02 5.000000000000000000e+00
1.969241000000000099e+02 2.000000000000000000e+00
1.972870000000000061e+02 0.000000000000000000e+00
1.973479000000000099e+02 1.200000000000000000e+02
1.973794000000000040e+02 1.500000000000000000e+05
1.978035999999999888e+02 2.000000000000000000e+01
1.978804000000000087e+02 7.500000000000000000e+03
1.980701999999999998e+02 0.000000000000000000e+00
1.981511999999999887e+02 1.500000000000000000e+02
1.987840999999999951e+02 1.000000000000000000e+05
2.000635000000000048e+02 1.000000000000000000e+00
2.002560000000000002e+02 2.000000000000000000e+00
2.005315999999999974e+02 4.500000000000000000e+01
2.010991999999999962e+02 3.000000000000000000e+00
2.015822000000000003e+02 4.000000000000000000e+00
2.017899999999999920e+02 7.000000000000000000e+00
2.022949999999999875e+02 5.000000000000000000e+01
2.022977999999999952e+02 6.000000000000000000e+02
2.027512999999999863e+02 1.750000000000000000e+05
2.030226999999999862e+02 2.000000000000000000e+01
2.032407000000000039e+02 3.000000000000000000e+00
2.038385000000000105e+02 3.000000000000000000e+00
2.042927999999999997e+02 3.000000000000000000e+00
2.050707999999999913e+02 1.000000000000000000e+01
2.052387999999999977e+02 3.000000000000000000e+00
2.053486000000000047e+02 7.500000000000000000e+05
2.055422000000000082e+02 2.000000000000000000e+01
2.060964999999999918e+02 2.000000000000000000e+00
2.067316999999999894e+02 3.000000000000000000e+00
2.117093000000000131e+02 4.500000000000000000e+01
2.148682000000000016e+02 9.000000000000000000e+04
2.159213000000000022e+02 1.000000000000000000e+00
2.166479999999999961e+02 0.000000000000000000e+00
2.168799999999999955e+02 0.000000000000000000e+00
2.171659999999999968e+02 0.000000000000000000e+00
2.171821999999999946e+02 4.000000000000000000e+01
2.173729999999999905e+02 0.000000000000000000e+00
2.175130000000000052e+02 0.000000000000000000e+00
2.177760000000000105e+02 0.000000000000000000e+00
2.179439999999999884e+02 1.000000000000000000e+00
2.181570000000000107e+02 1.000000000000000000e+00
2.182740000000000009e+02 0.000000000000000000e+00
2.183839999999999861e+02 4.000000000000000000e+01
2.184890000000000043e+02 1.000000000000000000e+00
2.187544000000000040e+02 1.000000000000000000e+00
2.189139999999999873e+02 0.000000000000000000e+00
2.190851999999999862e+02 1.800000000000000000e+01
2.191428999999999974e+02 1.500000000000000000e+04
2.191939999999999884e+02 0.000000000000000000e+00
2.197549999999999955e+02 0.000000000000000000e+00
2.201270000000000095e+02 2.000000000000000000e+00
2.207595000000000027e+02 1.800000000000000000e+01
2.208950000000000102e+02 0.000000000000000000e+00
2.214070000000000107e+02 3.000000000000000000e+00
2.216954000000000065e+02 1.250000000000000000e+02
2.224704999999999870e+02 4.500000000000000000e+03
2.224879999999999995e+02 0.000000000000000000e+00
2.225403000000000020e+02 2.000000000000000000e+05
2.230500000000000114e+02 4.000000000000000000e+02
2.230724999999999909e+02 7.500000000000000000e+03
2.231630000000000109e+02 0.000000000000000000e+00
2.232259999999999991e+02 6.000000000000000000e+00
2.248269999999999982e+02 6.000000000000000000e+00
2.252750000000000057e+02 0.000000000000000000e+00
2.253483999999999980e+02 1.000000000000000000e+05
2.255289999999999964e+02 0.000000000000000000e+00
2.255289999999999964e+02 0.000000000000000000e+00
2.256167000000000087e+02 4.000000000000000000e+00
2.256819000000000131e+02 2.000000000000000000e+00
2.257160000000000082e+02 0.000000000000000000e+00
2.258329999999999984e+02 0.000000000000000000e+00
2.258499999999999943e+02 0.000000000000000000e+00
2.259377000000000066e+02 1.000000000000000000e+01
2.259410000000000025e+02 0.000000000000000000e+00
2.260629999999999882e+02 0.000000000000000000e+00
2.260993899999999996e+02 6.000000000000000000e+05
2.262059999999999889e+02 0.000000000000000000e+00
2.262059999999999889e+02 0.000000000000000000e+00
2.262059999999999889e+02 0.000000000000000000e+00
2.262922700000000020e+02 7.500000000000000000e+05
2.264334000000000060e+02 1.000000000000000000e+05
2.264910000000000139e+02 0.000000000000000000e+00
2.266719999999999970e+02 0.000000000000000000e+00
2.266719999999999970e+02 0.000000000000000000e+00
2.266719999999999970e+02 0.000000000000000000e+00
2.270310000000000059e+02 0.000000000000000000e+00
2.270500000000000114e+02 0.000000000000000000e+00
2.272599999999999909e+02 0.000000000000000000e+00
2.272599999999999909e+02 0.000000000000000000e+00
2.272599999999999909e+02 0.000000000000000000e+00
2.277239999999999895e+02 0.000000000000000000e+00
2.280209999999999866e+02 0.000000000000000000e+00
2.280209999999999866e+02 0.000000000000000000e+00
2.280209999999999866e+02 0.000000000000000000e+00
2.284610000000000127e+02 0.000000000000000000e+00
2.286370000000000005e+02 0.000000000000000000e+00
2.288411000000000115e+02 5.000000000000000000e+00
2.289799999999999898e+02 1.500000000000000000e+01
2.290329999999999870e+02 0.000000000000000000e+00
2.290329999999999870e+02 0.000000000000000000e+00
2.290589999999999975e+02 0.000000000000000000e+00
2.292669999999999959e+02 7.000000000000000000e+03
2.296885000000000048e+02 1.200000000000000000e+04
2.297740000000000009e+02 0.000000000000000000e+00
2.298679999999999950e+02 0.000000000000000000e+00
2.300520999999999958e+02 4.000000000000000000e+00
2.301179999999999950e+02 0.000000000000000000e+00
2.302072000000000003e+02 6.000000000000000000e+00
2.302768000000000086e+02 3.000000000000000000e+01
2.304139999999999873e+02 0.000000000000000000e+00
2.304139999999999873e+02 0.000000000000000000e+00
2.304490000000000123e+02 0.000000000000000000e+00
2.314590000000000032e+02 0.000000000000000000e+00
2.314859999999999900e+02 7.000000000000000000e+00
2.315920000000000130e+02 0.000000000000000000e+00
2.323739999999999952e+02 0.000000000000000000e+00
2.323909999999999911e+02 2.000000000000000000e+01
2.324269999999999925e+02 0.000000000000000000e+00
2.327947000000000060e+02 2.000000000000000000e+01
2.339269999999999925e+02 0.000000000000000000e+00
2.340086000000000013e+02 1.200000000000000000e+04
2.341270000000000095e+02 6.000000000000000000e+00
2.346150000000000091e+02 2.000000000000000000e+02
2.346242000000000019e+02 8.000000000000000000e+03
2.353129999999999882e+02 3.000000000000000000e+01
2.353369999999999891e+02 0.000000000000000000e+00
2.353899999999999864e+02 0.000000000000000000e+00
2.375550000000000068e+02 1.000000000000000000e+00
2.377410000000000139e+02 1.200000000000000000e+02
2.377500000000000000e+02 0.000000000000000000e+00
2.378274000000000115e+02 2.000000000000000000e+02
2.379050000000000011e+02 4.000000000000000000e+03
2.380190000000000055e+02 0.000000000000000000e+00
2.380809999999999889e+02 3.000000000000000000e+01
2.381279999999999859e+02 4.000000000000000000e+00
2.381644000000000005e+02 4.000000000000000000e+01
2.390879999999999939e+02 3.500000000000000000e+03
2.398489999999999895e+02 1.000000000000000000e+00
2.398489999999999895e+02 1.000000000000000000e+00
2.400080000000000098e+02 7.000000000000000000e+01
2.400458000000000141e+02 3.000000000000000000e+01
2.401223999999999990e+02 1.400000000000000000e+01
2.408084000000000060e+02 4.500000000000000000e+04
2.414875999999999863e+02 4.500000000000000000e+04
2.417025999999999897e+02 6.000000000000000000e+01
2.417372000000000014e+02 1.000000000000000000e+01
2.423097999999999956e+02 2.000000000000000000e+01
2.427657000000000096e+02 2.000000000000000000e+01
2.427879000000000076e+02 4.000000000000000000e+01
2.432390000000000043e+02 8.000000000000000000e+00
2.436742999999999881e+02 5.000000000000000000e+01
2.441769999999999925e+02 6.000000000000000000e+00
2.447635999999999967e+02 3.000000000000000000e+01
2.459550999999999874e+02 2.000000000000000000e+01
2.464801999999999964e+02 2.000000000000000000e+01
2.465101999999999975e+02 3.500000000000000000e+03
2.468349000000000046e+02 4.000000000000000000e+03
2.469781000000000120e+02 8.000000000000000000e+02
2.472969999999999970e+02 5.000000000000000000e+02
2.479399999999999977e+02 1.000000000000000000e+00
2.479399999999999977e+02 1.000000000000000000e+00
2.481310000000000002e+02 5.000000000000000000e+00
2.481966999999999928e+02 4.000000000000000000e+03
2.482750000000000057e+02 3.000000000000000000e+02
2.483465999999999951e+02 9.000000000000000000e+01
2.484565000000000055e+02 1.700000000000000000e+02
2.485250000000000057e+02 7.000000000000000000e+00
2.492815999999999974e+02 5.000000000000000000e+04
2.494003999999999905e+02 2.000000000000000000e+02
2.499211999999999989e+02 2.000000000000000000e+01
2.500090999999999894e+02 2.000000000000000000e+03
2.514250000000000114e+02 1.200000000000000000e+01
2.515130000000000052e+02 0.000000000000000000e+00
2.515518999999999892e+02 5.000000000000000000e+03
2.518249999999999886e+02 0.000000000000000000e+00
2.520670000000000073e+02 0.000000000000000000e+00
2.522030000000000030e+02 0.000000000000000000e+00
2.522436999999999898e+02 3.000000000000000000e+02
2.524082999999999970e+02 1.600000000000000000e+03
2.524119000000000028e+02 3.000000000000000000e+01
2.524960000000000093e+02 0.000000000000000000e+00
2.525540000000000020e+02 1.000000000000000000e+00
2.526699999999999875e+02 0.000000000000000000e+00
2.530289999999999964e+02 0.000000000000000000e+00
2.530874000000000024e+02 3.000000000000000000e+01
2.532479999999999905e+02 0.000000000000000000e+00
2.535534000000000106e+02 2.000000000000000000e+03
2.537283099999999934e+02 9.000000000000000000e+05
2.539830000000000041e+02 0.000000000000000000e+00
2.545699999999999932e+02 0.000000000000000000e+00
2.546098000000000070e+02 1.500000000000000000e+03
2.547209000000000003e+02 7.000000000000000000e+01
2.547982000000000085e+02 1.200000000000000000e+02
2.549290000000000020e+02 0.000000000000000000e+00
2.550010000000000048e+02 0.000000000000000000e+00
2.553600999999999885e+02 1.500000000000000000e+03
2.557119999999999891e+02 0.000000000000000000e+00
2.558490999999999929e+02 1.500000000000000000e+03
2.561920000000000073e+02 0.000000000000000000e+00
2.562099999999999795e+02 0.000000000000000000e+00
2.562379999999999995e+02 0.000000000000000000e+00
2.562789999999999964e+02 0.000000000000000000e+00
2.564624000000000024e+02 4.000000000000000000e+01
2.565153999999999996e+02 1.500000000000000000e+02
2.572529999999999859e+02 0.000000000000000000e+00
2.575611999999999853e+02 7.000000000000000000e+03
2.577056000000000040e+02 1.000000000000000000e+02
2.578179999999999836e+02 1.200000000000000000e+01
2.579159999999999968e+02 0.000000000000000000e+00
2.579359999999999786e+02 0.000000000000000000e+00
2.579683999999999742e+02 6.000000000000000000e+00
2.580350000000000250e+02 0.000000000000000000e+00
2.589846000000000004e+02 1.500000000000000000e+01
2.590607999999999720e+02 1.500000000000000000e+01
2.594189999999999827e+02 1.000000000000000000e+00
2.599171999999999798e+02 1.500000000000000000e+03
2.599583000000000084e+02 1.200000000000000000e+01
2.603210000000000264e+02 0.000000000000000000e+00
2.603210000000000264e+02 0.000000000000000000e+00
2.603210000000000264e+02 0.000000000000000000e+00
2.603750000000000000e+02 0.000000000000000000e+00
2.603874000000000137e+02 8.000000000000000000e+03
2.603980000000000246e+02 0.000000000000000000e+00
2.604200000000000159e+02 0.000000000000000000e+00
2.604599999999999795e+02 0.000000000000000000e+00
2.605509999999999877e+02 0.000000000000000000e+00
2.613700000000000045e+02 2.000000000000000000e+00
2.618750000000000000e+02 4.000000000000000000e+00
2.625975000000000250e+02 2.000000000000000000e+01
2.627429000000000201e+02 8.000000000000000000e+00
2.628634999999999877e+02 1.500000000000000000e+01
2.639739999999999895e+02 0.000000000000000000e+00
2.639739999999999895e+02 0.000000000000000000e+00
2.639739999999999895e+02 0.000000000000000000e+00
2.640566999999999780e+02 6.000000000000000000e+00
2.640939999999999941e+02 0.000000000000000000e+00
2.641440000000000055e+02 0.000000000000000000e+00
2.641870000000000118e+02 0.000000000000000000e+00
2.643269999999999982e+02 0.000000000000000000e+00
2.643539999999999850e+02 1.000000000000000000e+00
2.643539999999999850e+02 1.000000000000000000e+00
2.652828000000000088e+02 1.600000000000000000e+03
2.654171000000000049e+02 3.000000000000000000e+03
2.654479999999999791e+02 6.000000000000000000e+03
2.655923999999999978e+02 4.000000000000000000e+02
2.656600000000000250e+02 0.000000000000000000e+00
2.664540000000000077e+02 3.000000000000000000e+03
2.669474999999999909e+02 1.500000000000000000e+01
2.671279999999999859e+02 3.000000000000000000e+00
2.671761000000000195e+02 3.000000000000000000e+01
2.675702999999999747e+02 6.000000000000000000e+00
2.691800000000000068e+02 1.000000000000000000e+02
2.693448000000000206e+02 1.000000000000000000e+01
2.698100000000000023e+02 1.000000000000000000e+00
2.698100000000000023e+02 1.000000000000000000e+00
2.698100000000000023e+02 1.000000000000000000e+00
2.699175000000000182e+02 3.000000000000000000e+01
2.699628999999999905e+02 2.000000000000000000e+02
2.700176999999999907e+02 1.000000000000000000e+02
2.700609999999999786e+02 0.000000000000000000e+00
2.701600000000000250e+02 0.000000000000000000e+00
2.703247000000000071e+02 1.500000000000000000e+03
2.704300000000000068e+02 0.000000000000000000e+00
2.706120999999999981e+02 1.000000000000000000e+03
2.711234999999999786e+02 1.500000000000000000e+02
2.725240000000000009e+02 7.000000000000000000e+01
2.726116999999999848e+02 1.500000000000000000e+01
2.730289000000000215e+02 1.200000000000000000e+02
2.731225000000000023e+02 8.000000000000000000e+00
2.733410999999999831e+02 1.000000000000000000e+02
2.743611999999999966e+02 3.000000000000000000e+00
2.744003999999999905e+02 5.000000000000000000e+00
2.750615999999999985e+02 8.000000000000000000e+01
2.753591000000000122e+02 4.000000000000000000e+02
2.760520000000000209e+02 1.000000000000000000e+01
2.762748000000000275e+02 7.000000000000000000e+03
2.765344000000000051e+02 2.500000000000000000e+01
2.768276999999999930e+02 5.000000000000000000e+02
2.769714999999999918e+02 2.500000000000000000e+01
2.770040000000000191e+02 6.000000000000000000e+00
2.772083999999999833e+02 4.000000000000000000e+01
2.774092999999999734e+02 2.500000000000000000e+01
2.775400000000000205e+02 0.000000000000000000e+00
2.779331000000000245e+02 1.500000000000000000e+02
2.782722999999999729e+02 2.500000000000000000e+03
2.785418999999999983e+02 7.000000000000000000e+02
2.789182999999999879e+02 3.500000000000000000e+03
2.791250999999999749e+02 8.000000000000000000e+01
2.796908999999999992e+02 3.000000000000000000e+02
2.798181000000000154e+02 3.000000000000000000e+03
2.799549000000000092e+02 5.000000000000000000e+02
2.800779999999999745e+02 1.000000000000000000e+00
2.800779999999999745e+02 1.000000000000000000e+00
2.800779999999999745e+02 1.000000000000000000e+00
2.804291999999999803e+02 1.800000000000000000e+02
2.805260000000000105e+02 4.000000000000000000e+01
2.806170999999999935e+02 3.000000000000000000e+00
2.807182199999999739e+02 7.500000000000000000e+04
2.807599999999999909e+02 3.000000000000000000e+00
2.810244999999999891e+02 1.500000000000000000e+03
2.811549999999999727e+02 0.000000000000000000e+00
2.815741499999999746e+02 4.000000000000000000e+02
2.818632999999999811e+02 7.000000000000000000e+02
2.827404000000000224e+02 3.000000000000000000e+01
2.827742999999999824e+02 1.200000000000000000e+02
2.829673000000000229e+02 4.000000000000000000e+01
2.830326999999999771e+02 2.000000000000000000e+02
2.836487999999999943e+02 3.500000000000000000e+01
2.839839999999999804e+02 1.000000000000000000e+01
2.845600000000000023e+02 3.000000000000000000e+00
2.848511899999999741e+02 3.500000000000000000e+06
2.853224999999999909e+02 2.500000000000000000e+03
2.857774000000000001e+02 2.000000000000000000e+01
2.874042999999999779e+02 5.000000000000000000e+03
2.883072999999999979e+02 1.000000000000000000e+02
2.883439999999999941e+02 7.000000000000000000e+02
2.893407000000000266e+02 1.500000000000000000e+01
2.894449200000000246e+02 8.000000000000000000e+02
2.903496000000000095e+02 7.000000000000000000e+02
2.904895000000000209e+02 2.000000000000000000e+02
2.910185999999999922e+02 5.000000000000000000e+02
2.917103599999999801e+02 3.000000000000000000e+05
2.926270000000000095e+02 7.000000000000000000e+01
2.936761999999999944e+02 3.000000000000000000e+04
2.939884999999999877e+02 2.500000000000000000e+03
2.941397000000000048e+02 2.000000000000000000e+03
2.947934999999999945e+02 2.500000000000000000e+05
2.955987999999999829e+02 1.500000000000000000e+03
2.964048000000000229e+02 7.000000000000000000e+02
2.965966000000000236e+02 1.000000000000000000e+01
2.967225999999999999e+02 1.500000000000000000e+01
2.968149500000000103e+02 3.000000000000000000e+03
2.968389999999999986e+02 1.000000000000000000e+00
2.974941000000000031e+02 1.200000000000000000e+02
2.975985999999999763e+02 1.200000000000000000e+03
2.981424000000000092e+02 1.000000000000000000e+02
2.982382999999999811e+02 2.500000000000000000e+02
2.987463000000000193e+02 8.000000000000000000e+01
2.995292999999999779e+02 1.400000000000000000e+02
3.000427999999999997e+02 1.000000000000000000e+01
3.005260999999999854e+02 3.000000000000000000e+02
3.005738999999999805e+02 1.000000000000000000e+02
3.007382999999999811e+02 2.000000000000000000e+03
3.008020000000000209e+02 3.000000000000000000e+00
3.012038999999999760e+02 3.000000000000000000e+02
3.012359999999999900e+02 3.000000000000000000e+00
3.012359999999999900e+02 3.000000000000000000e+00
3.022384000000000128e+02 1.200000000000000000e+03
3.024350999999999772e+02 3.000000000000000000e+02
3.026487000000000194e+02 3.000000000000000000e+01
3.028371000000000208e+02 6.000000000000000000e+01
3.035799000000000092e+02 2.000000000000000000e+03
3.039329999999999927e+02 0.000000000000000000e+00
3.045495999999999981e+02 2.500000000000000000e+01
3.046046999999999798e+02 3.000000000000000000e+01
3.046046999999999798e+02 3.000000000000000000e+01
3.049390000000000214e+02 2.500000000000000000e+01
3.050591999999999757e+02 0.000000000000000000e+00
3.056653999999999769e+02 6.000000000000000000e+01
3.065419999999999732e+02 8.000000000000000000e+02
3.068575999999999908e+02 4.800000000000000000e+02
3.070068999999999733e+02 4.000000000000000000e+01
3.071370000000000005e+02 3.500000000000000000e+01
3.088446000000000140e+02 1.100000000000000000e+03
3.090950000000000273e+02 1.500000000000000000e+01
3.103568000000000211e+02 1.500000000000000000e+02
3.117099000000000046e+02 1.500000000000000000e+04
3.126580099999999902e+02 4.000000000000000000e+03
3.132462600000000066e+02 3.000000000000000000e+03
3.132751700000000028e+02 4.000000000000000000e+03
3.137588000000000079e+02 0.000000000000000000e+00
3.140588999999999942e+02 3.000000000000000000e+01
3.145190000000000055e+02 0.000000000000000000e+00
3.173034000000000106e+02 4.000000000000000000e+01
3.188666000000000054e+02 7.000000000000000000e+01
3.191942000000000235e+02 7.500000000000000000e+03
3.192513999999999896e+02 3.500000000000000000e+01
3.202309999999999945e+02 2.500000000000000000e+03
3.208636000000000195e+02 5.000000000000000000e+02
3.209096000000000117e+02 1.200000000000000000e+05
3.228745000000000118e+02 1.500000000000000000e+02
3.253014000000000010e+02 4.500000000000000000e+02
3.253854000000000042e+02 1.000000000000000000e+02
3.256956999999999880e+02 8.000000000000000000e+01
3.258439999999999941e+02 9.000000000000000000e+02
3.262491999999999734e+02 3.000000000000000000e+00
3.264979999999999905e+02 6.000000000000000000e+04
3.265493000000000166e+02 1.000000000000000000e+02
3.278790999999999940e+02 1.000000000000000000e+04
3.279048999999999978e+02 1.000000000000000000e+02
3.283969999999999914e+02 5.000000000000000000e+00
3.285658000000000243e+02 1.000000000000000000e+01
3.290314000000000192e+02 3.000000000000000000e+02
3.305824000000000069e+02 0.000000000000000000e+00
3.313229999999999791e+02 1.200000000000000000e+01
3.318233999999999924e+02 7.000000000000000000e+02
3.330958999999999719e+02 1.500000000000000000e+02
3.336184999999999832e+02 3.000000000000000000e+02
3.339384000000000015e+02 2.000000000000000000e+03
3.339669000000000096e+02 3.000000000000000000e+01
3.339923999999999751e+02 5.000000000000000000e+01
3.342444800000000100e+02 7.000000000000000000e+02
3.349449999999999932e+02 8.000000000000000000e+01
3.363636999999999944e+02 1.000000000000000000e+01
3.363679999999999950e+02 0.000000000000000000e+00
3.369119999999999777e+02 0.000000000000000000e+00
3.372699999999999818e+02 0.000000000000000000e+00
3.374302000000000135e+02 5.000000000000000000e+02
3.375899999999999750e+02 0.000000000000000000e+00
3.380409999999999968e+02 0.000000000000000000e+00
3.384270000000000209e+02 0.000000000000000000e+00
3.386075000000000159e+02 2.000000000000000000e+03
3.389750000000000227e+02 0.000000000000000000e+00
3.389979999999999905e+02 8.000000000000000000e+00
3.394680000000000177e+02 0.000000000000000000e+00
3.401659999999999968e+02 0.000000000000000000e+00
3.402364999999999782e+02 2.000000000000000000e+02
3.407970000000000255e+02 0.000000000000000000e+00
3.416960000000000264e+02 0.000000000000000000e+00
3.425240000000000009e+02 0.000000000000000000e+00
3.425770999999999731e+02 4.000000000000000000e+02
3.428292999999999893e+02 1.000000000000000000e+02
3.430566999999999780e+02 1.000000000000000000e+03
3.437130000000000223e+02 0.000000000000000000e+00
3.437902000000000271e+02 4.000000000000000000e+02
3.447629999999999768e+02 0.000000000000000000e+00
3.448260000000000218e+02 0.000000000000000000e+00
3.451759999999999877e+02 5.000000000000000000e+00
3.452678000000000225e+02 3.000000000000000000e+04
3.460154999999999745e+02 3.500000000000000000e+02
3.464510000000000218e+02 0.000000000000000000e+00
3.478159999999999741e+02 0.000000000000000000e+00
3.479039999999999964e+02 0.000000000000000000e+00
3.479909999999999854e+02 0.000000000000000000e+00
3.485869000000000142e+02 4.000000000000000000e+02
3.489397000000000162e+02 1.500000000000000000e+02
3.494859000000000151e+02 8.000000000000000000e+03
3.501349999999999909e+02 3.000000000000000000e+00
3.503000000000000114e+02 0.000000000000000000e+00
3.510761999999999716e+02 1.000000000000000000e+02
3.511628999999999792e+02 8.000000000000000000e+02
3.516168999999999869e+02 2.000000000000000000e+02
3.516168999999999869e+02 2.000000000000000000e+02
3.522710000000000150e+02 0.000000000000000000e+00
3.524030000000000200e+02 0.000000000000000000e+00
3.525280000000000200e+02 0.000000000000000000e+00
3.533604000000000269e+02 1.000000000000000000e+05
3.539889999999999759e+02 4.000000000000000000e+00
3.542364000000000033e+02 1.000000000000000000e+02
3.544470000000000027e+02 6.000000000000000000e+01
3.550425000000000182e+02 3.000000000000000000e+04
3.558260000000000218e+02 5.000000000000000000e+00
3.559750000000000227e+02 0.000000000000000000e+00
3.563401999999999816e+02 1.000000000000000000e+02
3.589870000000000232e+02 0.000000000000000000e+00
3.592029999999999745e+02 0.000000000000000000e+00
3.592500000000000000e+02 1.000000000000000000e+00
3.593770000000000095e+02 0.000000000000000000e+00
3.603958999999999833e+02 6.000000000000000000e+02
3.604936000000000149e+02 1.500000000000000000e+03
3.605113000000000056e+02 4.500000000000000000e+04
3.606791000000000054e+02 1.000000000000000000e+05
3.607914000000000101e+02 8.000000000000000000e+03
3.615905999999999949e+02 4.500000000000000000e+02
3.633398000000000252e+02 8.000000000000000000e+03
3.644331000000000245e+02 1.000000000000000000e+02
3.644331000000000245e+02 1.000000000000000000e+02
3.651197999999999979e+02 9.000000000000000000e+03
3.655883299999999849e+02 3.000000000000000000e+03
3.663930300000000102e+02 5.000000000000000000e+02
3.664327400000000239e+02 2.000000000000000000e+03
3.681259000000000015e+02 0.000000000000000000e+00
3.698840000000000146e+02 0.000000000000000000e+00
3.702495000000000118e+02 5.000000000000000000e+01
3.703410000000000082e+02 1.000000000000000000e+00
3.705219500000000039e+02 9.000000000000000000e+00
3.752825000000000273e+02 1.000000000000000000e+02
3.777214000000000169e+02 6.000000000000000000e+03
3.778827999999999747e+02 9.000000000000000000e+02
3.790803000000000225e+02 5.000000000000000000e+00
3.791080000000000041e+02 8.000000000000000000e+01
3.798403999999999883e+02 6.000000000000000000e+03
3.802737599999999816e+02 5.000000000000000000e+01
3.804590000000000032e+02 1.500000000000000000e+01
3.807393000000000143e+02 5.000000000000000000e+04
3.816899999999999977e+02 1.000000000000000000e+00
3.821480000000000246e+02 5.000000000000000000e+01
3.829995000000000118e+02 1.000000000000000000e+03
3.840348000000000184e+02 1.000000000000000000e+04
3.861940000000000168e+02 3.000000000000000000e+01
3.884284000000000106e+02 2.000000000000000000e+02
3.894959999999999809e+02 1.000000000000000000e+00
3.902973000000000070e+02 3.000000000000000000e+01
3.904744000000000028e+02 0.000000000000000000e+00
3.907477999999999838e+02 4.000000000000000000e+01
3.910427000000000248e+02 4.000000000000000000e+02
3.914474999999999909e+02 7.500000000000000000e+01
3.915421999999999798e+02 5.000000000000000000e+03
3.920373999999999910e+02 5.000000000000000000e+02
3.941483999999999810e+02 1.500000000000000000e+01
3.946789999999999736e+02 3.000000000000000000e+01
3.947398000000000025e+02 7.500000000000000000e+01
3.957438999999999965e+02 6.000000000000000000e+01
3.975525999999999840e+02 5.000000000000000000e+02
3.985049999999999955e+02 2.000000000000000000e+00
3.985058000000000220e+02 1.000000000000000000e+07
4.027090000000000032e+02 4.000000000000000000e+00
4.027339000000000055e+02 1.500000000000000000e+01
4.041598999999999933e+02 4.000000000000000000e+03
4.041718000000000188e+02 5.000000000000000000e+02
4.047708099999999831e+02 1.200000000000000000e+04
4.048883000000000152e+02 5.000000000000000000e+01
4.078988299999999754e+02 1.000000000000000000e+03
4.109212999999999738e+02 7.000000000000000000e+01
4.121601999999999748e+02 4.000000000000000000e+03
4.123229999999999791e+02 7.000000000000000000e+01
4.141200000000000045e+02 0.000000000000000000e+00
4.141510000000000105e+02 1.000000000000000000e+01
4.217930000000000064e+02 1.000000000000000000e+02
4.277427000000000135e+02 1.000000000000000000e+02
4.279198999999999842e+02 1.000000000000000000e+02
4.315260000000000105e+02 1.000000000000000000e+00
4.338315999999999804e+02 1.000000000000000000e+02
4.338315999999999804e+02 1.000000000000000000e+02
4.340443099999999959e+02 5.000000000000000000e+01
4.344855000000000018e+02 1.000000000000000000e+00
4.348716600000000199e+02 1.500000000000000000e+02
4.359560000000000173e+02 1.200000000000000000e+04
4.383779999999999859e+02 3.000000000000000000e+02
4.399852999999999952e+02 4.000000000000000000e+04
4.406091000000000122e+02 2.000000000000000000e+00
4.426462999999999965e+02 3.300000000000000000e+03
4.455645000000000095e+02 2.000000000000000000e+02
4.456736999999999966e+02 7.000000000000000000e+01
4.460305000000000177e+02 1.500000000000000000e+02
4.465131000000000085e+02 7.000000000000000000e+02
4.471829999999999927e+02 1.500000000000000000e+01
4.492812000000000126e+02 2.000000000000000000e+03
4.494091000000000236e+02 2.800000000000000000e+03
4.554119999999999777e+02 1.200000000000000000e+01
4.658623999999999796e+02 6.000000000000000000e+01
4.661524000000000001e+02 3.000000000000000000e+04
4.672137999999999920e+02 0.000000000000000000e+00
4.673025000000000091e+02 0.000000000000000000e+00
4.674225999999999885e+02 0.000000000000000000e+00
4.674225999999999885e+02 0.000000000000000000e+00
4.685129999999999768e+02 0.000000000000000000e+00
4.686236999999999853e+02 0.000000000000000000e+00
4.687697999999999752e+02 0.000000000000000000e+00
4.687697999999999752e+02 0.000000000000000000e+00
4.687875000000000227e+02 6.000000000000000000e+01
4.701111999999999966e+02 0.000000000000000000e+00
4.702486000000000104e+02 0.000000000000000000e+00
4.704327000000000112e+02 0.000000000000000000e+00
4.704366999999999734e+02 0.000000000000000000e+00
4.705941000000000258e+02 3.000000000000000000e+02
4.721062000000000012e+02 0.000000000000000000e+00
4.722832999999999970e+02 0.000000000000000000e+00
4.725135000000000218e+02 0.000000000000000000e+00
4.725240999999999758e+02 0.000000000000000000e+00
4.743623000000000047e+02 3.000000000000000000e+02
4.746474999999999795e+02 0.000000000000000000e+00
4.748786000000000058e+02 0.000000000000000000e+00
4.751721999999999753e+02 0.000000000000000000e+00
4.751888999999999896e+02 0.000000000000000000e+00
4.763598000000000070e+02 1.000000000000000000e+02
4.779454000000000065e+02 0.000000000000000000e+00
4.782610999999999990e+02 0.000000000000000000e+00
4.786490999999999758e+02 0.000000000000000000e+00
4.786691999999999894e+02 0.000000000000000000e+00
4.798349999999999795e+02 5.000000000000000000e+01
4.823552000000000248e+02 0.000000000000000000e+00
4.826913999999999874e+02 1.700000000000000000e+04
4.827943000000000211e+02 0.000000000000000000e+00
4.829080999999999904e+02 3.000000000000000000e+01
4.833227999999999724e+02 0.000000000000000000e+00
4.833587999999999738e+02 0.000000000000000000e+00
4.856940000000000168e+02 1.600000000000000000e+04
4.871209999999999809e+02 1.000000000000000000e+01
4.881689999999999827e+02 4.500000000000000000e+03
4.884363000000000170e+02 6.000000000000000000e+00
4.890853999999999928e+02 0.000000000000000000e+00
4.898281000000000063e+02 0.000000000000000000e+00
4.898849999999999909e+02 0.000000000000000000e+00
4.917440000000000282e+02 2.000000000000000000e+01
4.917701000000000136e+02 1.000000000000000000e+02
4.961480000000000246e+02 1.000000000000000000e+02
4.963258000000000152e+02 1.800000000000000000e+04
4.971757000000000062e+02 6.000000000000000000e+00
4.974959999999999809e+02 8.000000000000000000e+01
4.981954000000000065e+02 9.500000000000000000e+03
4.982029999999999745e+02 6.000000000000000000e+00
4.992993999999999915e+02 0.000000000000000000e+00
4.993985999999999876e+02 0.000000000000000000e+00
5.018677999999999884e+02 1.000000000000000000e+02
5.026999999999999886e+02 3.000000000000000000e+00
5.027008999999999901e+02 1.000000000000000000e+02
5.047200000000000273e+02 2.000000000000000000e+00
5.067905000000000086e+02 1.200000000000000000e+03
5.099979999999999905e+02 6.000000000000000000e+01
5.102368000000000166e+02 1.000000000000000000e+02
5.104126999999999725e+02 3.000000000000000000e+01
5.122064000000000306e+02 7.000000000000000000e+01
5.129871000000000549e+02 1.200000000000000000e+05
5.139370999999999867e+02 3.000000000000000000e+01
5.141358000000000175e+02 0.000000000000000000e+00
5.147722999999999729e+02 1.500000000000000000e+04
5.163795000000000073e+02 2.500000000000000000e+04
5.197636999999999716e+02 1.800000000000000000e+04
5.206217000000000326e+02 1.500000000000000000e+05
5.207318000000000211e+02 8.000000000000000000e+01
5.212269999999999754e+02 3.000000000000000000e+01
5.217834000000000287e+02 4.000000000000000000e+04
5.220399999999999636e+02 2.000000000000000000e+00
5.224375999999999749e+02 5.000000000000000000e+02
5.243632000000000062e+02 3.500000000000000000e+01
5.279059999999999491e+02 1.800000000000000000e+04
5.281615000000000464e+02 6.000000000000000000e+02
5.292211999999999534e+02 3.000000000000000000e+01
5.294720999999999549e+02 2.000000000000000000e+02
5.295650000000000546e+02 4.000000000000000000e+02
5.317545999999999822e+02 7.500000000000000000e+01
5.318255000000000337e+02 6.000000000000000000e+00
5.355522999999999456e+02 1.300000000000000000e+02
5.366989999999999554e+02 1.200000000000000000e+01
5.373867000000000189e+02 4.000000000000000000e+01
5.386123000000000047e+02 5.000000000000000000e+01
5.390307999999999993e+02 0.000000000000000000e+00
5.394968000000000075e+02 0.000000000000000000e+00
5.406299999999999955e+02 3.000000000000000000e+00
5.426761000000000195e+02 8.000000000000000000e+06
5.462267500000000382e+02 6.000000000000000000e+03
5.466805000000000518e+02 2.500000000000000000e+02
5.551174999999999500e+02 5.000000000000000000e+01
5.596820999999999913e+02 2.000000000000000000e+05
5.677380000000000564e+02 6.000000000000000000e+02
5.678680000000000518e+02 2.000000000000000000e+07
5.697290000000000418e+02 6.000000000000000000e+00
5.700171000000000276e+02 1.500000000000000000e+03
5.771210099999999557e+02 1.000000000000000000e+03
5.791299999999999955e+02 3.000000000000000000e+01
5.792275700000000143e+02 9.000000000000000000e+02
5.805390999999999622e+02 4.000000000000000000e+02
5.819909999999999854e+02 2.000000000000000000e+00
5.853379999999999654e+02 1.300000000000000000e+03
5.860878000000000156e+02 1.300000000000000000e+02
5.872526000000000295e+02 8.000000000000000000e+01
5.872906000000000404e+02 1.200000000000000000e+06
5.873198999999999614e+02 5.000000000000000000e+01
5.873547999999999547e+02 6.000000000000000000e+02
5.873601999999999634e+02 3.000000000000000000e+01
5.890570999999999913e+02 2.000000000000000000e+06
5.891829999999999927e+02 1.200000000000000000e+01
5.920135999999999967e+02 1.000000000000000000e+01
5.949328000000000429e+02 1.500000000000000000e+02
5.963160000000000309e+02 1.500000000000000000e+03
5.980571999999999662e+02 1.800000000000000000e+02
6.034324000000000296e+02 6.000000000000000000e+01
6.042717999999999847e+02 1.800000000000000000e+02
6.074320000000000164e+02 3.000000000000000000e+01
6.091480000000000246e+02 8.000000000000000000e+03
6.101784999999999854e+02 1.000000000000000000e+02
6.102020999999999731e+02 5.000000000000000000e+03
6.124959999999999809e+02 3.000000000000000000e+00
6.143473000000000184e+02 1.500000000000000000e+02
6.148135999999999513e+02 1.500000000000000000e+06
6.148546000000000049e+02 3.500000000000000000e+02
6.151176900000000387e+02 2.500000000000000000e+07
6.153704999999999927e+02 1.200000000000000000e+02
6.158841999999999643e+02 1.200000000000000000e+02
6.160007000000000517e+02 1.000000000000000000e+03
6.196002999999999474e+02 7.000000000000000000e+01
6.198123000000000502e+02 2.500000000000000000e+02
6.222069999999999936e+02 2.500000000000000000e+01
6.236079999999999472e+02 5.000000000000000000e+01
6.243949000000000069e+02 6.500000000000000000e+04
6.292967999999999620e+02 6.500000000000000000e+04
6.361956999999999880e+02 1.500000000000000000e+02
6.396657999999999902e+02 5.500000000000000000e+04
6.420750000000000455e+02 3.500000000000000000e+01
6.442327000000000226e+02 3.000000000000000000e+01
6.503179999999999836e+02 4.000000000000000000e+01
6.522894000000000005e+02 1.500000000000000000e+05
6.586079999999999472e+02 1.000000000000000000e+01
6.611950000000000500e+02 6.000000000000000000e+00
6.648519400000000132e+02 1.300000000000000000e+03
6.703500000000000227e+02 2.000000000000000000e+00
6.703880000000000337e+02 1.700000000000000000e+02
6.711140000000000327e+02 3.000000000000000000e+01
6.718189999999999600e+02 6.000000000000000000e+02
6.722999999999999545e+02 5.000000000000000000e+00
6.727100000000000364e+02 1.000000000000000000e+00
6.742899999999999636e+02 0.000000000000000000e+00
6.748999999999999773e+02 2.000000000000000000e+00
6.752799999999999727e+02 2.000000000000000000e+00
6.775099999999999909e+02 1.000000000000000000e+00
6.786499999999999773e+02 4.000000000000000000e+00
6.813500000000000227e+02 2.000000000000000000e+00
6.828899999999999864e+02 5.000000000000000000e+00
6.854800000000000182e+02 0.000000000000000000e+00
6.862899999999999636e+02 3.000000000000000000e+00
6.872599999999999909e+02 4.000000000000000000e+00
6.882300000000000182e+02 4.000000000000000000e+00
6.890465000000000373e+02 0.000000000000000000e+00
6.909370000000000118e+02 1.000000000000000000e+03
6.917500000000000000e+02 5.000000000000000000e+00
6.926200000000000045e+02 3.000000000000000000e+00
6.935900000000000318e+02 1.000000000000000000e+00
6.946000000000000227e+02 4.000000000000000000e+00
6.947390000000000327e+02 1.200000000000000000e+02
6.952599999999999909e+02 5.000000000000000000e+00
6.979099999999999682e+02 0.000000000000000000e+00
7.011100000000000136e+02 4.000000000000000000e+00
7.023899999999999864e+02 0.000000000000000000e+00
7.047599999999999909e+02 8.000000000000000000e+00
7.083854000000000042e+02 1.000000000000000000e+03
7.093814999999999600e+02 8.000000000000000000e+02
7.103300000000000409e+02 2.000000000000000000e+00
7.122000000000000455e+02 2.000000000000000000e+00
7.127599999999999909e+02 6.000000000000000000e+00
7.127599999999999909e+02 6.000000000000000000e+00
7.127599999999999909e+02 6.000000000000000000e+00
7.137000000000000455e+02 4.000000000000000000e+00
7.149600000000000364e+02 2.000000000000000000e+00
7.156200000000000045e+02 0.000000000000000000e+00
7.164199999999999591e+02 5.000000000000000000e+00
7.171000000000000227e+02 2.000000000000000000e+00
7.172599999999999909e+02 0.000000000000000000e+00
7.177999999999999545e+02 3.000000000000000000e+00
7.177999999999999545e+02 3.000000000000000000e+00
7.177999999999999545e+02 3.000000000000000000e+00
7.179800000000000182e+02 1.000000000000000000e+01
7.192899999999999636e+02 3.000000000000000000e+00
7.195499999999999545e+02 4.000000000000000000e+00
7.211100000000000136e+02 6.000000000000000000e+00
7.211100000000000136e+02 6.000000000000000000e+00
7.224400000000000546e+02 0.000000000000000000e+00
7.229500000000000455e+02 0.000000000000000000e+00
7.241399999999999864e+02 3.000000000000000000e+00
7.247699999999999818e+02 3.000000000000000000e+00
7.271100000000000136e+02 5.000000000000000000e+00
7.271100000000000136e+02 5.000000000000000000e+00
7.272699999999999818e+02 5.000000000000000000e+00
7.280399999999999636e+02 0.000000000000000000e+00
7.296900000000000546e+02 7.000000000000000000e+00
7.303700000000000045e+02 4.000000000000000000e+00
7.305599999999999454e+02 0.000000000000000000e+00
7.319099999999999682e+02 4.000000000000000000e+00
7.335000000000000000e+02 3.000000000000000000e+00
7.342999999999999545e+02 1.000000000000000000e+00
7.348532000000000153e+02 6.000000000000000000e+05
7.350099999999999909e+02 8.000000000000000000e+00
7.350599999999999454e+02 0.000000000000000000e+00
7.369299999999999500e+02 1.000000000000000000e+00
7.369299999999999500e+02 1.000000000000000000e+00
7.369299999999999500e+02 1.000000000000000000e+00
7.373500000000000227e+02 1.000000000000000000e+01
7.376499999999999773e+02 4.000000000000000000e+00
7.389500000000000455e+02 1.000000000000000000e+00
7.395800000000000409e+02 1.000000000000000000e+00
7.397658999999999878e+02 1.200000000000000000e+03
7.405299999999999727e+02 1.000000000000000000e+00
7.413894000000000233e+02 6.000000000000000000e+02
7.414199999999999591e+02 4.000000000000000000e+00
7.419906999999999471e+02 1.800000000000000000e+04
7.456000000000000227e+02 8.000000000000000000e+00
7.456000000000000227e+02 8.000000000000000000e+00
7.458799999999999955e+02 3.000000000000000000e+00
7.463400000000000318e+02 2.000000000000000000e+00
7.475000000000000000e+02 1.000000000000000000e+00
7.488360000000000127e+02 6.500000000000000000e+03
7.496599999999999682e+02 1.000000000000000000e+00
7.502500000000000000e+02 1.000000000000000000e+00
7.519529999999999745e+02 1.200000000000000000e+01
7.522200000000000273e+02 9.000000000000000000e+00
7.533700000000000045e+02 1.000000000000000000e+00
7.536000000000000227e+02 0.000000000000000000e+00
7.545000000000000000e+02 4.000000000000000000e+00
7.554199999999999591e+02 7.000000000000000000e+00
7.562899999999999636e+02 1.000000000000000000e+00
7.566616999999999962e+02 1.200000000000000000e+04
7.573300000000000409e+02 1.000000000000000000e+00
7.582999999999999545e+02 1.000000000000000000e+00
7.604199999999999591e+02 7.000000000000000000e+00
7.604199999999999591e+02 7.000000000000000000e+00
7.607999999999999545e+02 4.000000000000000000e+00
7.614800000000000182e+02 1.000000000000000000e+00
7.617599999999999909e+02 0.000000000000000000e+00
7.620900000000000318e+02 1.000000000000000000e+00
7.622861000000000331e+02 6.000000000000000000e+04
7.622899999999999636e+02 0.000000000000000000e+00
7.633799999999999955e+02 1.000000000000000000e+00
7.637300000000000182e+02 0.000000000000000000e+00
7.648500000000000227e+02 3.000000000000000000e+00
7.655800000000000409e+02 1.000000000000000000e+00
7.668999999999999773e+02 4.000000000000000000e+00
7.676100000000000136e+02 5.000000000000000000e+00
7.679400000000000546e+02 3.000000000000000000e+00
7.687300000000000182e+02 1.000000000000000000e+00
7.695099999999999909e+02 1.000000000000000000e+00
7.706200000000000045e+02 1.000000000000000000e+00
7.708700000000000045e+02 1.000000000000000000e+00
7.720800000000000409e+02 2.000000000000000000e+00
7.722300000000000182e+02 1.000000000000000000e+00
7.730951999999999771e+02 3.000000000000000000e+01
7.734700000000000273e+02 5.000000000000000000e+00
7.736799999999999500e+02 0.000000000000000000e+00
7.774089999999999918e+02 2.000000000000000000e+03
7.797300000000000182e+02 1.000000000000000000e+00
7.810249999999999773e+02 7.000000000000000000e+00
7.816100000000000136e+02 1.000000000000000000e+00
7.822899999999999636e+02 8.000000000000000000e+00
7.824400000000000546e+02 1.000000000000000000e+00
7.828200000000000500e+02 4.000000000000000000e+00
7.883201999999999998e+02 1.100000000000000000e+02
7.901299999999999955e+02 0.000000000000000000e+00
7.932000000000000455e+02 3.000000000000000000e+00
7.939099999999999682e+02 1.000000000000000000e+00
7.946739999999999782e+02 2.500000000000000000e+07
7.948940000000000055e+02 2.500000000000000000e+01
7.953400000000000318e+02 0.000000000000000000e+00
7.970800000000000409e+02 0.000000000000000000e+00
7.970800000000000409e+02 0.000000000000000000e+00
7.975499999999999545e+02 1.000000000000000000e+00
7.981299999999999955e+02 7.000000000000000000e+00
7.986710000000000491e+02 5.000000000000000000e+01
7.993200000000000500e+02 0.000000000000000000e+00
8.000800000000000409e+02 0.000000000000000000e+00
8.009299999999999500e+02 1.000000000000000000e+00
8.015499999999999545e+02 0.000000000000000000e+00
8.020099999999999909e+02 1.000000000000000000e+00
8.024500000000000455e+02 6.000000000000000000e+00
8.034099999999999682e+02 0.000000000000000000e+00
8.034099999999999682e+02 0.000000000000000000e+00
8.052200000000000273e+02 1.000000000000000000e+00
8.056299999999999955e+02 2.000000000000000000e+00
8.060399999999999636e+02 1.000000000000000000e+00
8.060599999999999454e+02 1.000000000000000000e+00
8.072899999999999636e+02 5.000000000000000000e+00
8.080299999999999727e+02 0.000000000000000000e+00
8.082599999999999909e+02 0.000000000000000000e+00
8.092599999999999909e+02 1.000000000000000000e+00
8.092599999999999909e+02 1.000000000000000000e+00
8.115299999999999727e+02 4.000000000000000000e+00
8.115299999999999727e+02 4.000000000000000000e+00
8.131399999999999864e+02 1.000000000000000000e+00
8.138500000000000227e+02 2.000000000000000000e+00
8.147599999999999909e+02 2.000000000000000000e+00
8.153880000000000337e+02 5.000000000000000000e+00
8.155299999999999727e+02 3.000000000000000000e+00
8.155800000000000409e+02 4.000000000000000000e+00
8.165599999999999454e+02 1.000000000000000000e+01
8.168600000000000136e+02 8.000000000000000000e+00
8.175000000000000000e+02 9.000000000000000000e+00
8.175000000000000000e+02 9.000000000000000000e+00
8.179400000000000546e+02 0.000000000000000000e+00
8.183600000000000136e+02 0.000000000000000000e+00
8.183600000000000136e+02 0.000000000000000000e+00
8.191499999999999773e+02 3.000000000000000000e+00
8.197849999999999682e+02 1.000000000000000000e+01
8.197849999999999682e+02 1.000000000000000000e+01
8.199700000000000273e+02 2.000000000000000000e+00
8.202899999999999636e+02 8.000000000000000000e+00
8.207599999999999909e+02 2.000000000000000000e+00
8.216499999999999773e+02 3.000000000000000000e+00
8.229299999999999500e+02 0.000000000000000000e+00
8.234099999999999682e+02 0.000000000000000000e+00
8.240700000000000500e+02 4.000000000000000000e+00
8.252999999999999545e+02 4.000000000000000000e+00
8.264500000000000455e+02 4.000000000000000000e+00
8.274800000000000182e+02 5.000000000000000000e+00
8.277300000000000182e+02 4.000000000000000000e+00
8.290900000000000318e+02 5.000000000000000000e+00
8.306000000000000227e+02 1.000000000000000000e+00
8.318700000000000045e+02 5.000000000000000000e+00
8.342799999999999727e+02 5.000000000000000000e+00
8.356000000000000227e+02 4.000000000000000000e+00
8.376299999999999955e+02 5.000000000000000000e+00
8.378700000000000045e+02 4.000000000000000000e+00
8.403899999999999864e+02 5.000000000000000000e+00
8.408428999999999860e+02 1.000000000000000000e+02
8.420900000000000318e+02 4.000000000000000000e+00
8.425700000000000500e+02 5.000000000000000000e+00
8.445599999999999454e+02 5.000000000000000000e+00
8.454299999999999500e+02 0.000000000000000000e+00
8.454299999999999500e+02 0.000000000000000000e+00
8.466399999999999864e+02 0.000000000000000000e+00
8.493300000000000409e+02 4.000000000000000000e+00
8.507899999999999636e+02 6.000000000000000000e+00
8.513300000000000409e+02 5.000000000000000000e+00
8.515800000000000409e+02 4.000000000000000000e+00
8.541200000000000045e+02 3.000000000000000000e+00
8.551013000000000375e+02 1.000000000000000000e+03
8.559700000000000273e+02 5.000000000000000000e+00
8.584900000000000091e+02 6.000000000000000000e+00
8.616000000000000227e+02 6.000000000000000000e+00
8.621100000000000136e+02 0.000000000000000000e+00
8.655099999999999909e+02 1.000000000000000000e+01
8.682000000000000455e+02 0.000000000000000000e+00
8.689099999999999682e+02 6.000000000000000000e+00
8.706900000000000546e+02 7.000000000000000000e+00
8.708799999999999955e+02 5.000000000000000000e+00
8.740000000000000000e+02 0.000000000000000000e+00
8.748500000000000227e+02 3.000000000000000000e+00
8.754299999999999500e+02 7.000000000000000000e+00
8.760499999999999545e+02 1.000000000000000000e+01
8.765399999999999636e+02 1.000000000000000000e+01
8.775499999999999545e+02 1.000000000000000000e+01
8.780800000000000409e+02 7.000000000000000000e+00
8.786100000000000136e+02 1.000000000000000000e+01
8.798700000000000045e+02 0.000000000000000000e+00
8.833300000000000409e+02 1.000000000000000000e+00
8.889900000000000091e+02 4.000000000000000000e+00
8.889900000000000091e+02 4.000000000000000000e+00
8.889900000000000091e+02 4.000000000000000000e+00
8.896100000000000136e+02 7.000000000000000000e+00
8.968300000000000409e+02 0.000000000000000000e+00
8.976100000000000136e+02 8.000000000000000000e+00
8.991399999999999864e+02 8.000000000000000000e+00
8.993899999999999864e+02 7.000000000000000000e+00
9.041699999999999591e+02 4.000000000000000000e+00
9.053700000000000045e+02 1.000000000000000000e+00
9.060099999999999909e+02 1.000000000000000000e+00
9.069700000000000273e+02 1.000000000000000000e+00
9.097500000000000000e+02 0.000000000000000000e+00
9.160299999999999727e+02 2.000000000000000000e+00
9.203200000000000500e+02 3.000000000000000000e+00
9.245599999999999454e+02 1.000000000000000000e+01
9.256399999999999864e+02 8.000000000000000000e+00
9.266200000000000045e+02 2.000000000000000000e+00
9.281599999999999682e+02 2.000000000000000000e+00
9.301200000000000045e+02 2.000000000000000000e+00
9.329800000000000182e+02 2.000000000000000000e+00
9.341000000000000227e+02 8.000000000000000000e+00
9.345099999999999909e+02 1.000000000000000000e+00
9.348799999999999955e+02 0.000000000000000000e+00
9.357300000000000182e+02 0.000000000000000000e+00
9.422000000000000455e+02 3.000000000000000000e+00
9.428200000000000500e+02 2.000000000000000000e+00
9.434700000000000273e+02 9.000000000000000000e+00
9.441100000000000136e+02 7.000000000000000000e+00
9.445299999999999727e+02 5.000000000000000000e+00
9.489800000000000182e+02 0.000000000000000000e+00
9.498500000000000227e+02 6.000000000000000000e+00
9.522809999999999491e+02 6.000000000000000000e+05
9.528899999999999864e+02 7.000000000000000000e+00
9.547300000000000182e+02 0.000000000000000000e+00
9.549900000000000091e+02 1.000000000000000000e+00
9.556699999999999591e+02 1.000000000000000000e+00
9.576900000000000546e+02 3.000000000000000000e+00
9.604600000000000364e+02 1.000000000000000000e+00
9.604600000000000364e+02 1.000000000000000000e+00
9.641703999999999724e+02 1.800000000000000000e+05
9.762232999999999947e+02 2.000000000000000000e+04
9.777999999999999545e+02 3.000000000000000000e+00
9.795599999999999454e+02 2.000000000000000000e+00
9.811000000000000227e+02 1.000000000000000000e+00
9.824500000000000455e+02 3.000000000000000000e+00
9.835000000000000000e+02 1.000000000000000000e+00
9.840800000000000409e+02 1.000000000000000000e+01
9.972000000000000455e+02 1.000000000000000000e+01
9.983600000000000136e+02 1.000000000000000000e+01
1.000169999999999959e+03 9.000000000000000000e+00
1.010269999999999982e+03 3.000000000000000000e+00
1.012450000000000045e+03 8.000000000000000000e+00
1.013240000000000009e+03 7.000000000000000000e+00
1.014253000000000043e+03 1.600000000000000000e+03
1.018340000000000032e+03 0.000000000000000000e+00
1.022320000000000050e+03 4.000000000000000000e+00
1.022320000000000050e+03 4.000000000000000000e+00
1.022320000000000050e+03 4.000000000000000000e+00
1.023200000000000045e+03 7.000000000000000000e+00
1.023779999999999973e+03 8.000000000000000000e+00
1.024420000000000073e+03 8.000000000000000000e+00
1.029960000000000036e+03 1.000000000000000000e+01
1.032359999999999900e+03 0.000000000000000000e+00
1.033509999999999991e+03 1.000000000000000000e+01
1.033690000000000055e+03 1.000000000000000000e+00
1.042640000000000100e+03 2.000000000000000000e+00
1.043470000000000027e+03 2.000000000000000000e+00
1.043849999999999909e+03 0.000000000000000000e+00
1.045369999999999891e+03 2.000000000000000000e+00
1.046750000000000000e+03 0.000000000000000000e+00
1.046750000000000000e+03 0.000000000000000000e+00
1.050400000000000091e+03 0.000000000000000000e+00
1.071839999999999918e+03 5.000000000000000000e+00
1.102519999999999982e+03 5.000000000000000000e+00
1.103660000000000082e+03 5.000000000000000000e+00
1.117988000000000056e+03 1.000000000000000000e+01
1.129019999999999982e+03 1.000000000000000000e+03
1.135700000000000045e+03 0.000000000000000000e+00
1.137109999999999900e+03 1.000000000000000000e+00
1.143970000000000027e+03 2.000000000000000000e+00
1.149470000000000027e+03 4.000000000000000000e+00
1.169019999999999982e+03 5.000000000000000000e+00
1.177210000000000036e+03 6.000000000000000000e+00
1.188849999999999909e+03 5.000000000000000000e+00
1.189390000000000100e+03 5.000000000000000000e+00
1.191339999999999918e+03 0.000000000000000000e+00
1.195480000000000018e+03 2.000000000000000000e+00
1.197960000000000036e+03 4.000000000000000000e+00
1.202289999999999964e+03 5.000000000000000000e+00
1.207480000000000018e+03 6.000000000000000000e+00
1.213180000000000064e+03 5.000000000000000000e+00
1.216200000000000045e+03 3.000000000000000000e+00
1.221799999999999955e+03 1.000000000000000000e+00
1.238150000000000091e+03 0.000000000000000000e+00
1.321355999999999995e+03 4.000000000000000000e+02
1.343023999999999887e+03 4.000000000000000000e+02
1.347205999999999904e+03 1.300000000000000000e+02
1.348289999999999964e+03 0.000000000000000000e+00
1.350926999999999907e+03 2.000000000000000000e+02
1.357392000000000053e+03 2.000000000000000000e+02
1.363799999999999955e+03 0.000000000000000000e+00
1.363799999999999955e+03 0.000000000000000000e+00
1.367724999999999909e+03 3.000000000000000000e+02
1.395435999999999922e+03 2.000000000000000000e+02
1.398299999999999955e+03 0.000000000000000000e+00
1.406799999999999955e+03 0.000000000000000000e+00
1.416400000000000091e+03 0.000000000000000000e+00
1.519000000000000000e+03 0.000000000000000000e+00
1.530000000000000000e+03 6.000000000000000000e+02
1.688608999999999924e+03 3.000000000000000000e+02
1.692478000000000065e+03 1.600000000000000000e+03
1.693789999999999964e+03 4.000000000000000000e+00
1.694663000000000011e+03 5.000000000000000000e+01
1.701900000000000091e+03 0.000000000000000000e+00
1.707744999999999891e+03 8.000000000000000000e+01
1.711460000000000036e+03 5.000000000000000000e+01
1.712143000000000029e+03 1.000000000000000000e+01
1.720336999999999989e+03 3.000000000000000000e+01
1.721085000000000036e+03 5.000000000000000000e+00
1.721789999999999964e+03 3.000000000000000000e+01
1.727400000000000091e+03 0.000000000000000000e+00
1.727400000000000091e+03 0.000000000000000000e+00
1.733413999999999987e+03 1.600000000000000000e+02
1.744094000000000051e+03 5.000000000000000000e+01
1.770099999999999909e+03 0.000000000000000000e+00
1.798500000000000000e+03 0.000000000000000000e+00
1.808900000000000091e+03 0.000000000000000000e+00
1.808900000000000091e+03 0.000000000000000000e+00
1.813532999999999902e+03 1.000000000000000000e+02
1.854400000000000091e+03 0.000000000000000000e+00
1.948599999999999909e+03 0.000000000000000000e+00
1.957599999999999909e+03 0.000000000000000000e+00
1.970555000000000064e+03 7.000000000000000000e+01
2.108599999999999909e+03 0.000000000000000000e+00
2.108599999999999909e+03 0.000000000000000000e+00
2.249942000000000007e+03 0.000000000000000000e+00
2.325942000000000007e+03 3.000000000000000000e+01
2.614000000000000000e+03 7.000000000000000000e+00
3.215682999999999993e+03 0.000000000000000000e+00
3.631293000000000120e+03 3.000000000000000000e+00
3.929431999999999789e+03 1.000000000000000000e+01
3.933000000000000000e+03 7.000000000000000000e+00
3.998000000000000000e+03 5.000000000000000000e+00
4.513434000000000196e+03 0.000000000000000000e+00
5.882000000000000000e+03 0.000000000000000000e+00
6.492000000000000000e+03 0.000000000000000000e+00
