4.013739999999999952e+01 1.000000000000000000e+00
4.026590000000000202e+01 2.000000000000000000e+00
4.031510000000000105e+01 2.000000000000000000e+00
4.077250000000000085e+01 3.000000000000000000e+00
4.164090000000000202e+01 1.500000000000000000e+01
4.226789999999999736e+01 2.000000000000000000e+00
4.275769999999999982e+01 1.000000000000000000e+00
4.285390000000000299e+01 2.000000000000000000e+00
4.287680000000000291e+01 5.000000000000000000e+00
4.298899999999999721e+01 5.000000000000000000e+00
4.380570000000000164e+01 1.000000000000000000e+00
4.382820000000000249e+01 1.000000000000000000e+00
4.401550000000000296e+01 2.000000000000000000e+00
4.405210000000000292e+01 1.000000000000000000e+00
4.407009999999999650e+01 2.000000000000000000e+00
4.410669999999999646e+01 2.000000000000000000e+00
4.416919999999999646e+01 7.000000000000000000e+01
4.417049999999999699e+01 1.300000000000000000e+02
4.426120000000000232e+01 3.000000000000000000e+00
4.430760000000000076e+01 3.000000000000000000e+00
4.431430000000000291e+01 4.500000000000000000e+01
4.433769999999999811e+01 1.500000000000000000e+02
4.437149999999999750e+01 1.300000000000000000e+01
4.438060000000000116e+01 1.300000000000000000e+01
4.441660000000000252e+01 1.500000000000000000e+01
4.452389999999999759e+01 2.500000000000000000e+01
4.452839999999999776e+01 4.000000000000000000e+00
4.455579999999999785e+01 1.200000000000000000e+01
4.465840000000000032e+01 3.500000000000000000e+01
4.465840000000000032e+01 3.500000000000000000e+01
4.478730000000000189e+01 1.000000000000000000e+00
4.491100000000000136e+01 1.000000000000000000e+00
4.506700000000000017e+01 1.000000000000000000e+00
4.521419999999999817e+01 1.000000000000000000e+00
4.525260000000000105e+01 3.500000000000000000e+01
4.534609999999999985e+01 1.000000000000000000e+00
4.547370000000000090e+01 3.000000000000000000e+01
4.553699999999999903e+01 2.000000000000000000e+00
4.557549999999999812e+01 5.000000000000000000e+00
4.579789999999999850e+01 1.000000000000000000e+01
4.582309999999999661e+01 3.500000000000000000e+01
4.584340000000000259e+01 2.000000000000000000e+01
4.584519999999999840e+01 2.000000000000000000e+02
4.584949999999999903e+01 1.200000000000000000e+01
4.586319999999999908e+01 7.000000000000000000e+00
4.589880000000000138e+01 3.500000000000000000e+01
4.602159999999999940e+01 3.000000000000000000e+00
4.605010000000000048e+01 1.800000000000000000e+01
4.608330000000000126e+01 1.000000000000000000e+00
4.616899999999999693e+01 7.000000000000000000e+00
4.639350000000000307e+01 2.000000000000000000e+00
4.645499999999999829e+01 8.000000000000000000e+01
4.661229999999999762e+01 4.000000000000000000e+00
4.683200000000000074e+01 8.000000000000000000e+01
4.695280000000000342e+01 2.000000000000000000e+00
4.706719999999999970e+01 5.000000000000000000e+00
4.734709999999999752e+01 7.000000000000000000e+00
5.002190000000000225e+01 4.000000000000000000e+00
5.047019999999999840e+01 5.000000000000000000e+01
5.059720000000000084e+01 7.500000000000000000e+01
5.061469999999999914e+01 5.000000000000000000e+00
5.090149999999999864e+01 4.000000000000000000e+00
5.090740000000000265e+01 1.200000000000000000e+02
5.126539999999999964e+01 5.000000000000000000e+01
5.144579999999999842e+01 2.000000000000000000e+00
5.153549999999999898e+01 5.000000000000000000e+00
5.154990000000000094e+01 2.500000000000000000e+01
5.173250000000000171e+01 2.000000000000000000e+01
5.178079999999999927e+01 9.000000000000000000e+01
5.183809999999999718e+01 1.500000000000000000e+02
5.186789999999999878e+01 4.000000000000000000e+01
5.204599999999999937e+01 9.000000000000000000e+01
5.206000000000000227e+01 3.000000000000000000e+01
5.207139999999999702e+01 9.000000000000000000e+01
5.213119999999999976e+01 1.200000000000000000e+01
5.220900000000000318e+01 2.700000000000000000e+01
5.222010000000000218e+01 3.000000000000000000e+01
5.235620000000000118e+01 4.000000000000000000e+00
5.298129999999999740e+01 1.200000000000000000e+01
5.304419999999999646e+01 3.000000000000000000e+00
5.318650000000000233e+01 7.500000000000000000e+01
5.326749999999999829e+01 5.000000000000000000e+00
5.346079999999999899e+01 1.800000000000000000e+01
5.346549999999999869e+01 4.000000000000000000e+00
5.357759999999999678e+01 5.000000000000000000e+00
5.361560000000000059e+01 1.500000000000000000e+01
5.365659999999999741e+01 2.500000000000000000e+01
5.368760000000000332e+01 3.000000000000000000e+01
5.375759999999999650e+01 3.500000000000000000e+01
5.384190000000000254e+01 2.500000000000000000e+01
5.387259999999999849e+01 2.500000000000000000e+01
5.392999999999999972e+01 8.000000000000000000e+00
5.394140000000000157e+01 8.000000000000000000e+00
5.395909999999999940e+01 1.500000000000000000e+01
5.396730000000000160e+01 1.500000000000000000e+01
5.397599999999999909e+01 1.000000000000000000e+02
5.397599999999999909e+01 1.000000000000000000e+02
5.404399999999999693e+01 4.500000000000000000e+01
5.409680000000000177e+01 2.000000000000000000e+01
5.423910000000000053e+01 1.400000000000000000e+04
5.425789999999999935e+01 3.500000000000000000e+01
5.429879999999999995e+01 1.000000000000000000e+02
5.430989999999999895e+01 1.400000000000000000e+04
5.438730000000000331e+01 9.000000000000000000e+01
5.443169999999999931e+01 9.000000000000000000e+01
5.451100000000000279e+01 5.000000000000000000e+00
5.452170000000000272e+01 1.500000000000000000e+04
5.456139999999999901e+01 3.000000000000000000e+02
5.456430000000000291e+01 6.000000000000000000e+01
5.457249999999999801e+01 2.000000000000000000e+01
5.458070000000000022e+01 1.200000000000000000e+01
5.461540000000000106e+01 4.000000000000000000e+01
5.468370000000000175e+01 1.500000000000000000e+03
5.470940000000000225e+01 3.500000000000000000e+01
5.476959999999999695e+01 1.000000000000000000e+03
5.490619999999999834e+01 3.000000000000000000e+01
5.491409999999999769e+01 1.200000000000000000e+01
5.495689999999999742e+01 3.000000000000000000e+00
5.500909999999999656e+01 8.000000000000000000e+00
5.501729999999999876e+01 1.500000000000000000e+01
5.503620000000000090e+01 2.000000000000000000e+00
5.508550000000000324e+01 1.000000000000000000e+03
5.519619999999999749e+01 2.500000000000000000e+03
5.520219999999999771e+01 2.000000000000000000e+01
5.522319999999999851e+01 1.000000000000000000e+03
5.533930000000000149e+01 7.000000000000000000e+00
5.537539999999999907e+01 7.000000000000000000e+00
5.541729999999999734e+01 2.500000000000000000e+03
5.550110000000000099e+01 3.000000000000000000e+02
5.552980000000000160e+01 6.000000000000000000e+01
5.560960000000000036e+01 3.500000000000000000e+03
5.563150000000000261e+01 3.500000000000000000e+01
5.572129999999999939e+01 2.000000000000000000e+02
5.575269999999999726e+01 2.000000000000000000e+03
5.580660000000000309e+01 2.750000000000000000e+02
5.589110000000000156e+01 2.500000000000000000e+02
5.591960000000000264e+01 3.500000000000000000e+01
5.594339999999999691e+01 3.250000000000000000e+02
5.597840000000000060e+01 3.500000000000000000e+02
5.600099999999999767e+01 1.600000000000000000e+04
5.605469999999999686e+01 2.500000000000000000e+02
5.613439999999999941e+01 2.000000000000000000e+03
5.616680000000000206e+01 4.000000000000000000e+00
5.634000000000000341e+01 2.000000000000000000e+02
5.636919999999999931e+01 3.500000000000000000e+02
5.645539999999999736e+01 5.000000000000000000e+00
5.649609999999999843e+01 1.800000000000000000e+03
5.660029999999999717e+01 9.000000000000000000e+02
5.662140000000000128e+01 2.000000000000000000e+03
5.672599999999999909e+01 2.000000000000000000e+03
5.673870000000000147e+01 2.500000000000000000e+02
5.681790000000000163e+01 8.000000000000000000e+00
5.701489999999999725e+01 1.200000000000000000e+03
5.718439999999999657e+01 2.000000000000000000e+03
5.749499999999999744e+01 7.000000000000000000e+00
5.772019999999999840e+01 1.000000000000000000e+00
5.774750000000000227e+01 3.500000000000000000e+01
5.776429999999999865e+01 7.000000000000000000e+00
5.786930000000000263e+01 3.500000000000000000e+01
5.846340000000000003e+01 3.000000000000000000e+00
5.867969999999999686e+01 7.000000000000000000e+00
5.911809999999999832e+01 3.000000000000000000e+01
5.939390000000000214e+01 2.500000000000000000e+02
5.947630000000000194e+01 3.500000000000000000e+02
5.952150000000000318e+01 8.000000000000000000e+01
5.971520000000000294e+01 3.500000000000000000e+01
6.009550000000000125e+01 8.000000000000000000e+00
6.022820000000000107e+01 2.000000000000000000e+03
6.109100000000000108e+01 1.200000000000000000e+01
6.204359999999999786e+01 3.500000000000000000e+01
6.246410000000000196e+01 5.000000000000000000e+01
6.654770000000000607e+01 5.000000000000000000e+00
6.753390000000000271e+01 5.000000000000000000e+00
6.859199999999999875e+01 4.500000000000000000e+01
7.059279999999999688e+01 3.500000000000000000e+01
7.073950000000000671e+01 8.000000000000000000e+00
7.077079999999999416e+01 2.000000000000000000e+01
7.079410000000000025e+01 3.000000000000000000e+01
7.084159999999999968e+01 1.500000000000000000e+01
7.100010000000000332e+01 5.000000000000000000e+00
7.112590000000000146e+01 2.200000000000000000e+01
7.113379999999999370e+01 2.000000000000000000e+01
7.133540000000000703e+01 6.000000000000000000e+00
7.170749999999999602e+01 1.800000000000000000e+01
7.255759999999999366e+01 2.000000000000000000e+01
7.285139999999999816e+01 1.200000000000000000e+01
7.315279999999999916e+01 1.500000000000000000e+01
7.349840000000000373e+01 2.500000000000000000e+01
7.351879999999999882e+01 7.000000000000000000e+00
7.384239999999999782e+01 1.500000000000000000e+01
7.443649999999999523e+01 1.200000000000000000e+01
7.489480000000000359e+01 2.000000000000000000e+01
7.493139999999999645e+01 2.500000000000000000e+01
7.504269999999999641e+01 3.000000000000000000e+01
7.530100000000000193e+01 6.000000000000000000e+01
7.541519999999999868e+01 5.000000000000000000e+00
7.592310000000000514e+01 3.000000000000000000e+00
7.637699999999999534e+01 8.000000000000000000e+01
7.740200000000000102e+01 8.000000000000000000e+01
7.849209999999999354e+01 3.000000000000000000e+01
7.861480000000000246e+01 3.000000000000000000e+00
7.866939999999999600e+01 3.000000000000000000e+00
7.903950000000000387e+01 1.200000000000000000e+01
7.922239999999999327e+01 5.000000000000000000e+00
7.945480000000000587e+01 6.000000000000000000e+00
7.959890000000000043e+01 1.200000000000000000e+01
7.968410000000000082e+01 7.000000000000000000e+00
7.973739999999999384e+01 6.000000000000000000e+00
7.988309999999999889e+01 6.000000000000000000e+00
7.990300000000000580e+01 2.000000000000000000e+01
8.006929999999999836e+01 4.000000000000000000e+00
8.010930000000000462e+01 1.000000000000000000e+01
8.016880000000000450e+01 8.000000000000000000e+00
8.029619999999999891e+01 3.000000000000000000e+00
8.049039999999999395e+01 8.000000000000000000e+00
8.059629999999999939e+01 7.000000000000000000e+00
8.063269999999999982e+01 3.500000000000000000e+01
8.072530000000000427e+01 1.000000000000000000e+01
8.078560000000000230e+01 1.200000000000000000e+01
8.087749999999999773e+01 2.500000000000000000e+01
8.091939999999999600e+01 4.000000000000000000e+00
8.105310000000000059e+01 7.000000000000000000e+00
8.115470000000000539e+01 7.000000000000000000e+00
8.128709999999999525e+01 5.000000000000000000e+01
8.135529999999999973e+01 1.800000000000000000e+01
8.143710000000000093e+01 4.000000000000000000e+00
8.164289999999999736e+01 1.800000000000000000e+01
8.171450000000000102e+01 6.000000000000000000e+00
8.197880000000000678e+01 1.500000000000000000e+01
8.210200000000000387e+01 3.000000000000000000e+01
8.225920000000000698e+01 6.000000000000000000e+00
8.231449999999999534e+01 3.000000000000000000e+00
8.237470000000000425e+01 1.500000000000000000e+01
8.265879999999999939e+01 1.000000000000000000e+01
8.271179999999999666e+01 1.500000000000000000e+01
8.280519999999999925e+01 1.500000000000000000e+01
8.282250000000000512e+01 7.000000000000000000e+00
8.304619999999999891e+01 4.000000000000000000e+00
8.320319999999999538e+01 1.500000000000000000e+01
8.325469999999999970e+01 4.000000000000000000e+01
8.335509999999999309e+01 4.000000000000000000e+01
8.375809999999999889e+01 1.200000000000000000e+01
8.382510000000000616e+01 1.500000000000000000e+01
8.406529999999999347e+01 2.000000000000000000e+03
8.408530000000000371e+01 8.000000000000000000e+00
8.410389999999999588e+01 8.000000000000000000e+00
8.415999999999999659e+01 1.200000000000000000e+01
8.417650000000000432e+01 3.000000000000000000e+01
8.429349999999999454e+01 8.000000000000000000e+00
8.435420000000000584e+01 1.000000000000000000e+00
8.448050000000000637e+01 1.200000000000000000e+01
8.463120000000000687e+01 2.500000000000000000e+01
8.479999999999999716e+01 1.200000000000000000e+01
8.528319999999999368e+01 5.000000000000000000e+00
8.537850000000000250e+01 1.200000000000000000e+01
8.542069999999999652e+01 2.000000000000000000e+01
8.550719999999999743e+01 2.000000000000000000e+00
8.564010000000000389e+01 1.000000000000000000e+02
8.569689999999999941e+01 4.000000000000000000e+00
8.570550000000000068e+01 4.000000000000000000e+00
8.575079999999999814e+01 2.000000000000000000e+01
8.590869999999999607e+01 6.000000000000000000e+00
8.591710000000000491e+01 1.000000000000000000e+01
8.610769999999999413e+01 3.000000000000000000e+00
8.629240000000000066e+01 2.000000000000000000e+01
8.660120000000000573e+01 2.000000000000000000e+01
8.679099999999999682e+01 8.000000000000000000e+01
8.680299999999999727e+01 2.000000000000000000e+01
8.742000000000000171e+01 1.000000000000000000e+00
8.765739999999999554e+01 1.000000000000000000e+02
8.778799999999999670e+01 5.000000000000000000e+01
8.804420000000000357e+01 1.000000000000000000e+01
8.862879999999999825e+01 2.000000000000000000e+01
8.871689999999999543e+01 2.000000000000000000e+01
9.017740000000000578e+01 1.000000000000000000e+01
9.035670000000000357e+01 2.000000000000000000e+02
9.038060000000000116e+01 1.000000000000000000e+02
9.063249999999999318e+01 1.500000000000000000e+01
9.088349999999999795e+01 2.000000000000000000e+01
9.109010000000000673e+01 1.000000000000000000e+01
9.155129999999999768e+01 6.000000000000000000e+00
9.164530000000000598e+01 1.000000000000000000e+03
9.231359999999999388e+01 2.500000000000000000e+01
9.260429999999999495e+01 4.000000000000000000e+02
9.270250000000000057e+01 8.000000000000000000e+00
9.279800000000000182e+01 2.000000000000000000e+03
9.364600000000000080e+01 4.000000000000000000e+01
9.382590000000000430e+01 2.000000000000000000e+05
9.426699999999999591e+01 2.000000000000000000e+03
9.449269999999999925e+01 1.000000000000000000e+02
9.476300000000000523e+01 7.000000000000000000e+02
9.477150000000000318e+01 3.000000000000000000e+03
9.514589999999999748e+01 3.000000000000000000e+03
9.526819999999999311e+01 1.000000000000000000e+03
9.547339999999999804e+01 1.000000000000000000e+03
9.812699999999999534e+01 3.500000000000000000e+04
9.820879999999999654e+01 4.000000000000000000e+00
9.825230000000000530e+01 4.000000000000000000e+02
9.925669999999999504e+01 5.000000000000000000e+04
9.931300000000000239e+01 5.000000000000000000e+02
9.935380000000000678e+01 1.000000000000000000e+04
9.961520000000000152e+01 4.000000000000000000e+04
1.002755999999999972e+02 2.000000000000000000e+06
1.005699999999999932e+02 3.000000000000000000e+06
1.005781000000000063e+02 5.000000000000000000e+04
1.007014999999999958e+02 1.500000000000000000e+07
1.007019999999999982e+02 4.000000000000000000e+01
1.007051000000000016e+02 1.200000000000000000e+07
1.010177999999999940e+02 7.000000000000000000e+06
1.013807999999999936e+02 3.000000000000000000e+05
1.019979000000000013e+02 5.000000000000000000e+05
1.020425000000000040e+02 5.000000000000000000e+04
1.026068999999999960e+02 2.000000000000000000e+03
1.030271000000000043e+02 3.000000000000000000e+06
1.033566000000000003e+02 4.000000000000000000e+02
1.035216000000000065e+02 5.000000000000000000e+04
1.041945000000000050e+02 2.000000000000000000e+02
1.044899999999999949e+02 5.000000000000000000e+01
1.044903999999999940e+02 2.000000000000000000e+04
1.049609999999999985e+02 5.000000000000000000e+04
1.050975999999999999e+02 1.000000000000000000e+05
1.054384000000000015e+02 5.000000000000000000e+04
1.055874000000000024e+02 5.000000000000000000e+06
1.063050000000000068e+02 5.000000000000000000e+07
1.065568999999999988e+02 5.000000000000000000e+04
1.070557000000000016e+02 2.000000000000000000e+03
1.086714999999999947e+02 2.000000000000000000e+03
1.086748000000000047e+02 5.000000000000000000e+02
1.094621999999999957e+02 3.000000000000000000e+05
1.103044000000000011e+02 5.000000000000000000e+04
1.107844000000000051e+02 2.500000000000000000e+04
1.116080999999999932e+02 5.000000000000000000e+04
1.119835000000000065e+02 5.000000000000000000e+04
1.120242999999999967e+02 5.000000000000000000e+04
1.121175999999999959e+02 2.000000000000000000e+02
1.125274000000000001e+02 2.000000000000000000e+03
1.127497999999999934e+02 5.000000000000000000e+06
1.128610999999999933e+02 1.000000000000000000e+04
1.136688999999999936e+02 8.000000000000000000e+03
1.154964999999999975e+02 5.000000000000000000e+04
1.161019000000000005e+02 2.000000000000000000e+01
1.163586999999999989e+02 1.000000000000000000e+05
1.192077000000000027e+02 1.000000000000000000e+02
1.195437000000000012e+02 1.000000000000000000e+02
1.195600000000000023e+02 1.000000000000000000e+01
1.199561999999999955e+02 1.000000000000000000e+02
1.205617000000000019e+02 4.000000000000000000e+03
1.212210000000000036e+02 7.000000000000000000e+01
1.233302999999999940e+02 1.000000000000000000e+01
1.240314000000000050e+02 1.000000000000000000e+02
1.247647000000000048e+02 2.000000000000000000e+03
1.250314000000000050e+02 2.000000000000000000e+04
1.251747000000000014e+02 1.000000000000000000e+02
1.258870000000000005e+02 1.000000000000000000e+02
1.262005000000000052e+02 3.500000000000000000e+04
1.263105999999999938e+02 1.000000000000000000e+03
1.267600000000000051e+02 4.000000000000000000e+01
1.273879000000000019e+02 2.000000000000000000e+01
1.281251000000000033e+02 2.000000000000000000e+01
1.286630999999999858e+02 6.000000000000000000e+04
1.289251999999999896e+02 3.000000000000000000e+02
1.291605000000000132e+02 3.500000000000000000e+04
1.292244000000000028e+02 1.000000000000000000e+06
1.293389999999999986e+02 6.000000000000000000e+04
1.296213999999999942e+02 6.000000000000000000e+04
1.298783999999999992e+02 1.500000000000000000e+04
1.304275000000000091e+02 2.500000000000000000e+04
1.304544999999999959e+02 4.000000000000000000e+04
1.305540000000000020e+02 4.000000000000000000e+04
1.305772000000000048e+02 8.000000000000000000e+01
1.314559999999999889e+02 6.000000000000000000e+01
1.316012000000000057e+02 2.000000000000000000e+03
1.316905999999999892e+02 7.500000000000000000e+04
1.316971000000000060e+02 1.000000000000000000e+04
1.319149999999999920e+02 5.000000000000000000e+01
1.319413000000000125e+02 4.500000000000000000e+04
1.324644999999999868e+02 5.000000000000000000e+04
1.328677999999999884e+02 3.000000000000000000e+03
1.330601000000000056e+02 3.000000000000000000e+05
1.332289000000000101e+02 4.500000000000000000e+04
1.335086000000000013e+02 3.000000000000000000e+02
1.337621000000000038e+02 5.000000000000000000e+04
1.341487999999999943e+02 3.000000000000000000e+05
1.344130000000000109e+02 7.000000000000000000e+04
1.344224000000000103e+02 1.500000000000000000e+04
1.349634000000000071e+02 1.250000000000000000e+05
1.350019000000000062e+02 5.000000000000000000e+02
1.351211000000000126e+02 1.500000000000000000e+04
1.357309999999999945e+02 1.500000000000000000e+04
1.360482000000000085e+02 6.000000000000000000e+04
1.363401000000000067e+02 2.000000000000000000e+03
1.363485000000000014e+02 7.500000000000000000e+04
1.363485000000000014e+02 7.500000000000000000e+04
1.363762000000000114e+02 2.500000000000000000e+05
1.365480000000000018e+02 7.500000000000000000e+04
1.365695000000000050e+02 5.000000000000000000e+01
1.369762000000000057e+02 1.250000000000000000e+05
1.375975999999999999e+02 7.500000000000000000e+04
1.379491999999999905e+02 1.750000000000000000e+05
1.386237999999999886e+02 1.750000000000000000e+05
1.389773000000000138e+02 1.250000000000000000e+05
1.392189999999999941e+02 2.500000000000000000e+04
1.392271000000000072e+02 1.000000000000000000e+04
1.404231000000000051e+02 3.500000000000000000e+04
1.407145999999999901e+02 3.000000000000000000e+02
1.412762999999999920e+02 1.000000000000000000e+00
1.418560999999999979e+02 1.750000000000000000e+05
1.418883999999999901e+02 2.000000000000000000e+05
1.419710000000000036e+02 3.500000000000000000e+04
1.420662000000000091e+02 2.000000000000000000e+05
1.421336000000000013e+02 7.500000000000000000e+04
1.424368000000000052e+02 6.000000000000000000e+05
1.431920000000000073e+02 6.000000000000000000e+01
1.432312000000000012e+02 1.250000000000000000e+05
1.433389999999999986e+02 6.000000000000000000e+01
1.434139999999999873e+02 5.000000000000000000e+05
1.434223000000000070e+02 5.000000000000000000e+05
1.435260000000000105e+02 5.000000000000000000e+01
1.435778999999999996e+02 4.500000000000000000e+04
1.438479000000000099e+02 6.000000000000000000e+04
1.439386000000000081e+02 1.750000000000000000e+05
1.444490999999999872e+02 2.000000000000000000e+05
1.444870999999999981e+02 6.000000000000000000e+04
1.445430000000000064e+02 8.000000000000000000e+01
1.445740000000000123e+02 2.500000000000000000e+05
1.445980000000000132e+02 8.000000000000000000e+01
1.447090000000000032e+02 8.000000000000000000e+01
1.447490999999999985e+02 1.000000000000000000e+06
1.448499999999999943e+02 5.000000000000000000e+01
1.450212999999999965e+02 7.500000000000000000e+04
1.451630000000000109e+02 6.000000000000000000e+01
1.453224999999999909e+02 4.000000000000000000e+04
1.453312999999999988e+02 3.000000000000000000e+02
1.454215000000000089e+02 1.000000000000000000e+05
1.456540999999999997e+02 3.000000000000000000e+02
1.456680000000000064e+02 1.000000000000000000e+02
1.458917999999999893e+02 1.000000000000000000e+01
1.460940999999999974e+02 3.000000000000000000e+02
1.461470999999999947e+02 2.000000000000000000e+03
1.466014999999999873e+02 2.000000000000000000e+05
1.468452000000000055e+02 1.750000000000000000e+05
1.472246000000000095e+02 4.500000000000000000e+05
1.472664000000000044e+02 1.500000000000000000e+06
1.473440999999999974e+02 2.000000000000000000e+06
1.475106000000000108e+02 2.250000000000000000e+05
1.476973999999999876e+02 3.000000000000000000e+06
1.477269000000000005e+02 2.250000000000000000e+05
1.478967000000000098e+02 7.000000000000000000e+04
1.480850000000000080e+02 2.500000000000000000e+05
1.483234999999999957e+02 5.000000000000000000e+01
1.484730000000000132e+02 8.000000000000000000e+01
1.484936999999999898e+02 6.000000000000000000e+01
1.486790000000000020e+02 5.000000000000000000e+01
1.487024000000000115e+02 9.000000000000000000e+04
1.487218000000000018e+02 3.000000000000000000e+05
1.487259999999999991e+02 2.500000000000000000e+05
1.489890000000000043e+02 1.000000000000000000e+05
1.492574999999999932e+02 2.500000000000000000e+05
1.494515000000000100e+02 1.000000000000000000e+05
1.495939999999999941e+02 1.000000000000000000e+02
1.498019999999999925e+02 8.000000000000000000e+01
1.499449999999999932e+02 8.000000000000000000e+01
1.500578999999999894e+02 3.000000000000000000e+06
1.501529999999999916e+02 5.000000000000000000e+01
1.501990000000000123e+02 1.000000000000000000e+02
1.502291999999999916e+02 1.000000000000000000e+06
1.505029999999999859e+02 6.000000000000000000e+01
1.506317999999999984e+02 6.000000000000000000e+04
1.508720999999999890e+02 1.000000000000000000e+06
1.509071999999999889e+02 7.500000000000000000e+04
1.509710000000000036e+02 5.000000000000000000e+01
1.510832000000000050e+02 3.000000000000000000e+06
1.512340000000000089e+02 5.000000000000000000e+01
1.513249999999999886e+02 5.000000000000000000e+01
1.513810000000000002e+02 8.000000000000000000e+01
1.517379999999999995e+02 5.000000000000000000e+01
1.517461000000000126e+02 1.000000000000000000e+06
1.518369000000000142e+02 2.000000000000000000e+02
1.522856999999999914e+02 2.000000000000000000e+02
1.524284000000000106e+02 1.250000000000000000e+05
1.524382999999999981e+02 5.000000000000000000e+05
1.524910000000000139e+02 1.000000000000000000e+02
1.525580999999999960e+02 5.000000000000000000e+04
1.529824999999999875e+02 1.000000000000000000e+00
1.532606000000000108e+02 1.000000000000000000e+06
1.532980000000000018e+02 6.000000000000000000e+01
1.532981000000000051e+02 5.000000000000000000e+06
1.534059000000000026e+02 1.000000000000000000e+06
1.537221000000000117e+02 2.500000000000000000e+01
1.537458000000000027e+02 5.000000000000000000e+04
1.537500000000000000e+02 6.000000000000000000e+01
1.541231999999999971e+02 5.000000000000000000e+04
1.543002999999999929e+02 4.000000000000000000e+05
1.547634999999999934e+02 2.500000000000000000e+05
1.548405999999999949e+02 8.000000000000000000e+01
1.550115000000000123e+02 1.500000000000000000e+04
1.550356999999999914e+02 8.000000000000000000e+04
1.553357000000000028e+02 5.000000000000000000e+04
1.554174999999999898e+02 8.000000000000000000e+01
1.555548000000000002e+02 7.000000000000000000e+01
1.556972000000000094e+02 8.000000000000000000e+01
1.557331000000000074e+02 4.000000000000000000e+04
1.561732000000000085e+02 1.200000000000000000e+05
1.563238000000000056e+02 8.000000000000000000e+04
1.563799999999999955e+02 1.000000000000000000e+06
1.566920000000000073e+02 5.000000000000000000e+01
1.570190000000000055e+02 5.000000000000000000e+01
1.574603999999999928e+02 8.000000000000000000e+01
1.577835000000000036e+02 2.000000000000000000e+02
1.578018999999999892e+02 2.000000000000000000e+00
1.584846000000000004e+02 3.000000000000000000e+05
1.586819999999999879e+02 5.000000000000000000e+01
1.587584999999999980e+02 3.000000000000000000e+05
1.590209999999999866e+02 1.000000000000000000e+02
1.598859999999999957e+02 8.000000000000000000e+01
1.599351000000000056e+02 1.000000000000000000e+02
1.601262000000000114e+02 1.000000000000000000e+05
1.602958999999999889e+02 3.000000000000000000e+02
1.604720000000000084e+02 8.000000000000000000e+01
1.609184999999999945e+02 1.000000000000000000e+05
1.612539999999999907e+02 5.000000000000000000e+00
1.612778000000000134e+02 3.000000000000000000e+02
1.618862000000000023e+02 7.000000000000000000e+01
1.622312000000000012e+02 1.500000000000000000e+02
1.623660999999999888e+02 2.000000000000000000e+02
1.630622999999999934e+02 1.000000000000000000e+01
1.631052999999999997e+02 2.000000000000000000e+02
1.634153000000000020e+02 3.000000000000000000e+01
1.635686000000000035e+02 8.000000000000000000e+05
1.638706999999999994e+02 5.000000000000000000e+05
1.639509999999999934e+02 8.000000000000000000e+01
1.643152000000000044e+02 1.000000000000000000e+01
1.648596000000000004e+02 1.500000000000000000e+05
1.650166999999999859e+02 5.000000000000000000e+05
1.653948000000000036e+02 3.000000000000000000e+04
1.654071000000000140e+02 2.500000000000000000e+02
1.655168999999999926e+02 2.500000000000000000e+02
1.655649999999999977e+02 3.000000000000000000e+02
1.658185000000000002e+02 2.000000000000000000e+05
1.659984000000000037e+02 1.000000000000000000e+05
1.662162999999999897e+02 1.800000000000000000e+04
1.664055999999999926e+02 2.000000000000000000e+04
1.666682999999999879e+02 2.500000000000000000e+05
1.671787999999999954e+02 1.000000000000000000e+05
1.673240000000000123e+02 2.000000000000000000e+01
1.675921999999999912e+02 5.000000000000000000e+04
1.676234000000000037e+02 1.200000000000000000e+04
1.681220000000000141e+02 1.300000000000000000e+03
1.682769999999999868e+02 1.000000000000000000e+02
1.683615000000000066e+02 4.500000000000000000e+04
1.684399999999999977e+02 6.000000000000000000e+01
1.686269000000000062e+02 2.000000000000000000e+04
1.688132999999999981e+02 6.000000000000000000e+04
1.689642000000000053e+02 1.000000000000000000e+05
1.690491000000000099e+02 2.000000000000000000e+04
1.692256999999999891e+02 5.000000000000000000e+05
1.696672000000000082e+02 1.000000000000000000e+03
1.705440000000000111e+02 1.000000000000000000e+02
1.707139999999999986e+02 1.000000000000000000e+02
1.711058999999999912e+02 1.000000000000000000e+04
1.711819999999999879e+02 1.000000000000000000e+03
1.715279999999999916e+02 5.000000000000000000e+05
1.719380999999999915e+02 1.000000000000000000e+01
1.719538000000000011e+02 5.000000000000000000e+04
1.724680999999999926e+02 3.000000000000000000e+01
1.728080999999999960e+02 1.000000000000000000e+05
1.732741000000000042e+02 3.000000000000000000e+01
1.739300000000000068e+02 5.000000000000000000e+01
1.740258000000000038e+02 1.000000000000000000e+03
1.741821999999999946e+02 2.000000000000000000e+01
1.743097999999999956e+02 1.000000000000000000e+04
1.747989000000000033e+02 5.000000000000000000e+03
1.750252000000000123e+02 7.000000000000000000e+02
1.752746999999999957e+02 2.000000000000000000e+03
1.753722999999999956e+02 8.000000000000000000e+04
1.757641999999999882e+02 8.000000000000000000e+05
1.758329999999999984e+02 1.000000000000000000e+02
1.758629999999999995e+02 5.000000000000000000e+01
1.763720000000000141e+02 6.000000000000000000e+01
1.764704999999999870e+02 2.000000000000000000e+01
1.764900000000000091e+02 2.000000000000000000e+01
1.766168000000000120e+02 5.000000000000000000e+02
1.770290999999999997e+02 5.000000000000000000e+05
1.770725999999999942e+02 1.000000000000000000e+02
1.771149000000000058e+02 8.000000000000000000e+02
1.776419999999999959e+02 6.000000000000000000e+02
1.780346000000000117e+02 6.000000000000000000e+02
1.780759999999999934e+02 2.000000000000000000e+02
1.783806999999999903e+02 1.000000000000000000e+01
1.784163000000000068e+02 3.000000000000000000e+02
1.788351999999999862e+02 4.000000000000000000e+02
1.791870999999999867e+02 7.000000000000000000e+00
1.798000000000000114e+02 8.000000000000000000e+02
1.799497000000000071e+02 1.000000000000000000e+02
1.800356999999999914e+02 3.000000000000000000e+01
1.802843000000000018e+02 5.000000000000000000e+05
1.805055999999999869e+02 5.000000000000000000e+01
1.808215999999999894e+02 3.000000000000000000e+02
1.808700000000000045e+02 5.000000000000000000e+01
1.810201999999999884e+02 3.000000000000000000e+05
1.820434999999999945e+02 2.000000000000000000e+03
1.834257000000000062e+02 3.000000000000000000e+03
1.834706999999999937e+02 2.000000000000000000e+03
1.849722999999999900e+02 8.000000000000000000e+05
1.859981999999999971e+02 3.000000000000000000e+05
1.863129999999999882e+02 5.000000000000000000e+01
1.877340000000000089e+02 1.000000000000000000e+02
1.879354999999999905e+02 1.500000000000000000e+06
1.879601000000000113e+02 2.500000000000000000e+04
1.879748999999999910e+02 1.500000000000000000e+06
1.880387000000000057e+02 2.000000000000000000e+02
1.883881000000000085e+02 2.000000000000000000e+04
1.890276000000000067e+02 2.000000000000000000e+06
1.892920000000000016e+02 1.000000000000000000e+02
1.894439000000000135e+02 5.000000000000000000e+02
1.896802000000000135e+02 2.000000000000000000e+02
1.901586000000000070e+02 5.000000000000000000e+02
1.902849999999999966e+02 5.000000000000000000e+04
1.909970000000000141e+02 1.000000000000000000e+04
1.910692999999999984e+02 1.500000000000000000e+06
1.916588999999999885e+02 3.000000000000000000e+05
1.918575999999999908e+02 4.500000000000000000e+04
1.922408000000000072e+02 3.000000000000000000e+06
1.935893000000000086e+02 5.000000000000000000e+04
1.936103999999999985e+02 3.000000000000000000e+03
1.938839999999999861e+02 1.000000000000000000e+02
1.944882000000000062e+02 4.000000000000000000e+04
1.950500000000000114e+02 1.000000000000000000e+04
1.954251999999999896e+02 1.000000000000000000e+05
1.955930999999999926e+02 2.000000000000000000e+03
1.958104999999999905e+02 3.000000000000000000e+04
1.962803999999999860e+02 2.000000000000000000e+02
1.965253999999999905e+02 6.000000000000000000e+03
1.978196000000000083e+02 5.000000000000000000e+06
1.979070000000000107e+02 6.000000000000000000e+01
1.985149999999999864e+02 5.000000000000000000e+01
1.991208000000000027e+02 2.000000000000000000e+03
1.997110000000000127e+02 5.000000000000000000e+01
2.001879999999999882e+02 1.000000000000000000e+03
2.007930000000000064e+02 5.000000000000000000e+01
2.008993000000000109e+02 1.000000000000000000e+04
2.028162000000000091e+02 1.500000000000000000e+07
2.029970000000000141e+02 3.300000000000000000e+03
2.033120000000000118e+02 5.000000000000000000e+01
2.033151000000000010e+02 1.000000000000000000e+02
2.033640000000000043e+02 3.000000000000000000e+03
2.034650000000000034e+02 1.000000000000000000e+07
2.035000000000000000e+02 5.000000000000000000e+04
2.036403999999999996e+02 5.000000000000000000e+03
2.056030000000000086e+02 5.000000000000000000e+04
2.060463000000000022e+02 5.000000000000000000e+03
2.060949999999999989e+02 5.000000000000000000e+01
2.069285999999999888e+02 1.000000000000000000e+07
2.069978000000000122e+02 6.000000000000000000e+02
2.073096999999999923e+02 4.000000000000000000e+02
2.073857999999999890e+02 6.000000000000000000e+02
2.074501999999999953e+02 1.000000000000000000e+03
2.078978999999999928e+02 1.000000000000000000e+04
2.081114000000000033e+02 5.000000000000000000e+04
2.082694999999999936e+02 8.000000000000000000e+03
2.083414999999999964e+02 2.000000000000000000e+03
2.084716999999999985e+02 1.000000000000000000e+07
2.091622999999999877e+02 1.000000000000000000e+04
2.093768000000000029e+02 5.000000000000000000e+06
2.093966000000000065e+02 1.200000000000000000e+07
2.098172999999999888e+02 2.000000000000000000e+06
2.110089999999999861e+02 2.000000000000000000e+03
2.115866000000000042e+02 5.000000000000000000e+05
2.117718999999999880e+02 1.000000000000000000e+04
2.119744000000000028e+02 1.200000000000000000e+04
2.123362999999999943e+02 8.000000000000000000e+06
2.125879999999999939e+02 1.700000000000000000e+03
2.127210000000000036e+02 1.100000000000000000e+03
2.128343999999999880e+02 5.000000000000000000e+03
2.130910000000000082e+02 8.000000000000000000e+01
2.130926000000000045e+02 1.000000000000000000e+07
2.131850000000000023e+02 1.500000000000000000e+03
2.136965999999999894e+02 5.000000000000000000e+05
2.141758000000000095e+02 3.000000000000000000e+05
2.145554999999999950e+02 2.500000000000000000e+05
2.146099000000000103e+02 8.000000000000000000e+03
2.146233000000000004e+02 1.000000000000000000e+05
2.146367999999999938e+02 5.000000000000000000e+04
2.146824000000000012e+02 1.000000000000000000e+06
2.147039000000000044e+02 8.000000000000000000e+07
2.155151999999999930e+02 1.000000000000000000e+06
2.156898999999999944e+02 8.000000000000000000e+06
2.164079999999999870e+02 8.000000000000000000e+03
2.164595999999999947e+02 2.500000000000000000e+04
2.165510999999999910e+02 1.000000000000000000e+03
2.169499000000000137e+02 1.000000000000000000e+05
2.175536999999999921e+02 1.200000000000000000e+04
2.177958999999999889e+02 4.000000000000000000e+06
2.206699999999999875e+02 6.000000000000000000e+01
2.222383000000000095e+02 8.000000000000000000e+06
2.227444000000000131e+02 5.000000000000000000e+01
2.241009999999999991e+02 6.000000000000000000e+01
2.244890000000000043e+02 6.000000000000000000e+01
2.250655999999999892e+02 8.000000000000000000e+06
2.266330000000000098e+02 6.000000000000000000e+01
2.274619999999999891e+02 8.000000000000000000e+01
2.275929999999999893e+02 1.000000000000000000e+02
2.280060000000000002e+02 8.000000000000000000e+01
2.282210000000000036e+02 1.000000000000000000e+02
2.285099999999999909e+02 8.000000000000000000e+01
2.291069999999999993e+02 1.000000000000000000e+02
2.296390000000000100e+02 3.700000000000000000e+02
2.302789999999999964e+02 2.800000000000000000e+02
2.305490000000000066e+02 6.000000000000000000e+01
2.310629999999999882e+02 5.000000000000000000e+01
2.314010000000000105e+02 1.000000000000000000e+02
2.315329000000000121e+02 5.000000000000000000e+04
2.330929999999999893e+02 5.000000000000000000e+01
2.338810000000000002e+02 1.000000000000000000e+02
2.344840000000000089e+02 8.000000000000000000e+01
2.345201999999999884e+02 2.000000000000000000e+05
2.349929999999999950e+02 9.000000000000000000e+01
2.356260000000000048e+02 8.000000000000000000e+01
2.362779999999999916e+02 1.000000000000000000e+02
2.363220000000000027e+02 8.000000000000000000e+01
2.366419999999999959e+02 8.000000000000000000e+01
2.373449999999999989e+02 1.000000000000000000e+02
2.377129999999999939e+02 1.700000000000000000e+02
2.379524999999999864e+02 1.000000000000000000e+05
2.387820000000000107e+02 1.100000000000000000e+02
2.388139999999999930e+02 1.000000000000000000e+02
2.388249999999999886e+02 1.400000000000000000e+02
2.388959999999999866e+02 8.000000000000000000e+01
2.389000000000000057e+02 4.500000000000000000e+01
2.390973999999999933e+02 4.000000000000000000e+05
2.391221999999999923e+02 1.600000000000000000e+06
2.399209999999999923e+02 1.600000000000000000e+02
2.404960000000000093e+02 5.000000000000000000e+01
2.405620000000000118e+02 8.000000000000000000e+01
2.406069999999999993e+02 5.500000000000000000e+01
2.406579999999999870e+02 5.500000000000000000e+01
2.413189999999999884e+02 1.400000000000000000e+02
2.414670000000000130e+02 1.000000000000000000e+02
2.415229999999999961e+02 6.000000000000000000e+01
2.417719999999999914e+02 1.600000000000000000e+02
2.419420000000000073e+02 1.400000000000000000e+02
2.422649999999999864e+02 1.000000000000000000e+02
2.429638999999999953e+02 8.000000000000000000e+06
2.434540000000000077e+02 7.500000000000000000e+01
2.436690000000000111e+02 4.000000000000000000e+01
2.437069999999999936e+02 3.500000000000000000e+01
2.437536000000000058e+02 1.000000000000000000e+05
2.438160000000000025e+02 4.500000000000000000e+01
2.438480000000000132e+02 5.000000000000000000e+01
2.442880000000000109e+02 4.000000000000000000e+01
2.443420000000000130e+02 2.800000000000000000e+01
2.447040000000000077e+02 2.000000000000000000e+05
2.447189999999999941e+02 6.000000000000000000e+01
2.452609999999999957e+02 6.500000000000000000e+01
2.454689999999999941e+02 6.500000000000000000e+01
2.457729999999999961e+02 1.000000000000000000e+02
2.458830000000000098e+02 5.500000000000000000e+01
2.461080000000000041e+02 5.000000000000000000e+01
2.461189999999999998e+02 5.000000000000000000e+01
2.462570000000000050e+02 2.000000000000000000e+05
2.463640000000000043e+02 6.500000000000000000e+01
2.464470000000000027e+02 5.000000000000000000e+01
2.467479999999999905e+02 3.500000000000000000e+01
2.469470000000000027e+02 8.000000000000000000e+01
2.469830000000000041e+02 5.500000000000000000e+01
2.470140000000000100e+02 6.000000000000000000e+01
2.473652999999999906e+02 4.000000000000000000e+05
2.476620000000000061e+02 8.000000000000000000e+01
2.477579000000000065e+02 1.000000000000000000e+05
2.478129999999999882e+02 1.100000000000000000e+02
2.478415999999999997e+02 6.000000000000000000e+04
2.479039999999999964e+02 6.500000000000000000e+01
2.480689999999999884e+02 6.500000000000000000e+01
2.484629999999999939e+02 3.500000000000000000e+01
2.486769999999999925e+02 5.000000000000000000e+01
2.489490000000000123e+02 6.000000000000000000e+01
2.493770000000000095e+02 6.000000000000000000e+01
2.498281000000000063e+02 7.500000000000000000e+04
2.500480000000000018e+02 1.000000000000000000e+02
2.501657999999999902e+02 4.500000000000000000e+04
2.505399999999999920e+02 1.100000000000000000e+02
2.509290000000000020e+02 6.000000000000000000e+01
2.510429000000000030e+02 6.500000000000000000e+04
2.511759999999999877e+02 1.100000000000000000e+02
2.512709999999999866e+02 5.000000000000000000e+01
2.522160000000000082e+02 1.100000000000000000e+02
2.523927999999999940e+02 5.000000000000000000e+04
2.545560000000000116e+02 3.900000000000000000e+02
2.546399999999999864e+02 1.000000000000000000e+02
2.552150000000000034e+02 1.100000000000000000e+02
2.557709999999999866e+02 1.300000000000000000e+02
2.558710000000000093e+02 8.000000000000000000e+01
2.563179999999999836e+02 1.300000000000000000e+02
2.566179999999999950e+02 1.300000000000000000e+02
2.568210000000000264e+02 5.000000000000000000e+01
2.569800000000000182e+02 1.000000000000000000e+02
2.572099999999999795e+02 1.100000000000000000e+02
2.579510000000000218e+02 2.000000000000000000e+02
2.584759999999999991e+02 3.900000000000000000e+02
2.591709999999999923e+02 3.900000000000000000e+02
2.592980000000000018e+02 2.700000000000000000e+02
2.594529999999999745e+02 6.000000000000000000e+01
2.597758999999999787e+02 7.000000000000000000e+06
2.599639999999999986e+02 8.000000000000000000e+01
2.608383999999999787e+02 3.000000000000000000e+05
2.617259999999999991e+02 1.300000000000000000e+02
2.624289999999999736e+02 1.300000000000000000e+02
2.625518000000000143e+02 8.000000000000000000e+04
2.627065999999999804e+02 5.000000000000000000e+04
2.628220000000000027e+02 1.300000000000000000e+02
2.629270000000000209e+02 1.300000000000000000e+02
2.629449999999999932e+02 5.000000000000000000e+01
2.631455000000000268e+02 1.250000000000000000e+05
2.633949999999999818e+02 8.000000000000000000e+01
2.641564000000000192e+02 7.000000000000000000e+04
2.642418999999999869e+02 7.500000000000000000e+04
2.643029999999999973e+02 2.000000000000000000e+02
2.647049999999999841e+02 3.200000000000000000e+02
2.648290000000000077e+02 3.300000000000000000e+02
2.650310000000000059e+02 2.400000000000000000e+02
2.654370999999999867e+02 7.000000000000000000e+04
2.655240000000000009e+02 3.300000000000000000e+02
2.656870000000000118e+02 3.100000000000000000e+02
2.658410000000000082e+02 1.600000000000000000e+02
2.658779999999999859e+02 8.000000000000000000e+01
2.666039999999999850e+02 1.100000000000000000e+02
2.667379999999999995e+02 1.100000000000000000e+02
2.668090000000000259e+02 1.100000000000000000e+02
2.669080000000000155e+02 1.300000000000000000e+02
2.672719999999999914e+02 4.000000000000000000e+02
2.674359999999999786e+02 2.000000000000000000e+02
2.676739999999999782e+02 2.000000000000000000e+02
2.684655000000000200e+02 7.500000000000000000e+04
2.687490000000000236e+02 7.500000000000000000e+04
2.687950000000000159e+02 1.300000000000000000e+02
2.692570000000000050e+02 1.600000000000000000e+02
2.697860000000000014e+02 1.000000000000000000e+03
2.699660000000000082e+02 3.200000000000000000e+02
2.703000000000000114e+02 3.200000000000000000e+02
2.703319999999999936e+02 1.500000000000000000e+02
2.710459000000000174e+02 4.000000000000000000e+04
2.717429999999999950e+02 4.700000000000000000e+02
2.722789999999999964e+02 4.700000000000000000e+02
2.724957999999999743e+02 1.500000000000000000e+04
2.734069999999999823e+02 3.100000000000000000e+02
2.737900000000000205e+02 1.100000000000000000e+02
2.747719999999999914e+02 2.000000000000000000e+02
2.749660000000000082e+02 2.000000000000000000e+02
2.752137000000000171e+02 5.000000000000000000e+03
2.753820000000000050e+02 1.900000000000000000e+02
2.759429999999999836e+02 2.800000000000000000e+02
2.768949999999999818e+02 2.400000000000000000e+02
2.774019999999999868e+02 3.100000000000000000e+02
2.781059999999999945e+02 2.700000000000000000e+02
2.783179999999999836e+02 1.300000000000000000e+02
2.789991999999999734e+02 4.000000000000000000e+04
2.793870000000000005e+02 1.100000000000000000e+02
2.826193000000000097e+02 3.000000000000000000e+03
2.827909999999999968e+02 1.900000000000000000e+02
2.835235999999999876e+02 1.000000000000000000e+04
2.837069999999999936e+02 1.500000000000000000e+02
2.841779999999999973e+02 1.100000000000000000e+02
2.841990000000000123e+02 2.500000000000000000e+02
2.842613000000000056e+02 3.000000000000000000e+03
2.843489999999999895e+02 2.800000000000000000e+02
2.845174999999999841e+02 1.000000000000000000e+05
2.847119999999999891e+02 1.600000000000000000e+02
2.852289999999999850e+02 1.100000000000000000e+02
2.861929999999999836e+02 2.400000000000000000e+02
2.865160000000000196e+02 1.000000000000000000e+02
2.866449999999999818e+02 1.000000000000000000e+02
2.869359999999999786e+02 5.000000000000000000e+02
2.876229999999999905e+02 8.000000000000000000e+02
2.877789999999999964e+02 2.700000000000000000e+02
2.877869999999999777e+02 5.300000000000000000e+02
2.881569999999999823e+02 1.000000000000000000e+02
2.884030000000000200e+02 5.700000000000000000e+02
2.889680000000000177e+02 2.800000000000000000e+02
2.890799999999999841e+02 6.000000000000000000e+04
2.898659999999999854e+02 4.700000000000000000e+02
2.900090000000000146e+02 4.000000000000000000e+02
2.909089999999999918e+02 4.700000000000000000e+02
2.911440000000000055e+02 6.700000000000000000e+02
2.912590000000000146e+02 4.700000000000000000e+02
2.928670000000000186e+02 1.100000000000000000e+03
2.932330000000000041e+02 1.100000000000000000e+02
2.938570000000000277e+02 5.000000000000000000e+01
2.942400000000000091e+02 8.700000000000000000e+02
2.946739999999999782e+02 1.100000000000000000e+02
2.946979999999999791e+02 1.100000000000000000e+02
2.947760000000000105e+02 1.100000000000000000e+02
2.951739999999999782e+02 1.100000000000000000e+03
2.973439999999999941e+02 4.000000000000000000e+02
2.974970000000000141e+02 3.200000000000000000e+02
2.978550000000000182e+02 2.100000000000000000e+02
2.982980000000000018e+02 2.000000000000000000e+02
2.991129999999999995e+02 3.300000000000000000e+02
2.995600000000000023e+02 4.700000000000000000e+02
3.002719999999999914e+02 8.000000000000000000e+01
3.025620000000000118e+02 1.400000000000000000e+02
3.029320000000000164e+02 3.500000000000000000e+02
3.033650000000000091e+02 3.000000000000000000e+02
3.045649999999999977e+02 1.000000000000000000e+02
3.048990000000000009e+02 1.500000000000000000e+02
3.053980000000000246e+02 1.100000000000000000e+02
3.056410000000000196e+02 1.000000000000000000e+02
3.065419999999999732e+02 2.200000000000000000e+02
3.070437999999999761e+02 1.000000000000000000e+05
3.070570000000000164e+02 1.100000000000000000e+02
3.071789999999999736e+02 1.000000000000000000e+02
3.072450000000000045e+02 1.100000000000000000e+02
3.074130000000000109e+02 1.000000000000000000e+02
3.077760000000000105e+02 4.000000000000000000e+02
3.081240000000000236e+02 1.100000000000000000e+02
3.081786999999999921e+02 8.000000000000000000e+05
3.090276999999999816e+02 4.000000000000000000e+04
3.095079999999999814e+02 1.800000000000000000e+03
3.100090000000000146e+02 1.400000000000000000e+02
3.100695000000000050e+02 1.750000000000000000e+05
3.107798000000000229e+02 5.000000000000000000e+04
3.112350000000000136e+02 1.500000000000000000e+02
3.116386999999999716e+02 4.000000000000000000e+04
3.122681999999999789e+02 5.000000000000000000e+04
3.128439999999999941e+02 2.700000000000000000e+02
3.131700000000000159e+02 1.500000000000000000e+03
3.139264999999999759e+02 7.500000000000000000e+04
3.143170000000000073e+02 8.000000000000000000e+01
3.146309999999999718e+02 3.900000000000000000e+02
3.152780000000000200e+02 1.400000000000000000e+02
3.161922000000000139e+02 2.000000000000000000e+05
3.162581999999999880e+02 3.000000000000000000e+05
3.164320000000000164e+02 1.200000000000000000e+03
3.176700000000000159e+02 1.500000000000000000e+02
3.181209999999999809e+02 3.900000000000000000e+02
3.183937999999999988e+02 4.000000000000000000e+04
3.188410000000000082e+02 2.000000000000000000e+02
3.192019999999999982e+02 3.000000000000000000e+02
3.192350000000000136e+02 1.500000000000000000e+02
3.195899999999999750e+02 1.000000000000000000e+03
3.202302999999999997e+02 6.000000000000000000e+04
3.204279999999999973e+02 1.200000000000000000e+02
3.207269999999999754e+02 3.000000000000000000e+02
3.216530000000000200e+02 3.900000000000000000e+02
3.221650000000000205e+02 4.000000000000000000e+03
3.226410000000000196e+02 8.000000000000000000e+02
3.230489999999999782e+02 1.400000000000000000e+02
3.230883000000000038e+02 1.500000000000000000e+05
3.237330000000000041e+02 4.000000000000000000e+02
3.248410000000000082e+02 2.000000000000000000e+02
3.249879999999999995e+02 1.200000000000000000e+02
3.250459999999999923e+02 1.600000000000000000e+02
3.255009999999999764e+02 3.200000000000000000e+02
3.261499999999999773e+02 2.300000000000000000e+02
3.264309999999999832e+02 1.600000000000000000e+02
3.265529999999999973e+02 1.600000000000000000e+02
3.267049999999999841e+02 6.000000000000000000e+01
3.270337999999999852e+02 5.000000000000000000e+04
3.271410000000000196e+02 1.200000000000000000e+02
3.271700000000000159e+02 1.000000000000000000e+02
3.273009999999999877e+02 2.000000000000000000e+02
3.273451000000000022e+02 3.000000000000000000e+05
3.278609999999999900e+02 1.600000000000000000e+02
3.281997999999999820e+02 1.000000000000000000e+05
3.284409999999999741e+02 2.000000000000000000e+02
3.286610000000000014e+02 2.300000000000000000e+02
3.288539999999999850e+02 2.000000000000000000e+02
3.288870000000000005e+02 1.600000000000000000e+02
3.289778999999999769e+02 3.000000000000000000e+04
3.290581999999999994e+02 1.250000000000000000e+05
3.291652000000000271e+02 2.000000000000000000e+05
3.292216999999999985e+02 5.000000000000000000e+04
3.292970000000000255e+02 1.600000000000000000e+02
3.296960000000000264e+02 3.200000000000000000e+02
3.300559999999999832e+02 1.600000000000000000e+02
3.305779999999999745e+02 1.200000000000000000e+02
3.308999999999999773e+02 1.200000000000000000e+02
3.311419999999999959e+02 1.200000000000000000e+02
3.313550000000000182e+02 4.000000000000000000e+02
3.316170000000000186e+02 2.000000000000000000e+02
3.316908000000000243e+02 7.500000000000000000e+04
3.319282000000000039e+02 2.500000000000000000e+05
3.319940000000000282e+02 2.000000000000000000e+02
3.320219999999999914e+02 1.200000000000000000e+02
3.320539999999999736e+02 1.200000000000000000e+02
3.322447000000000230e+02 1.000000000000000000e+04
3.323290999999999826e+02 1.250000000000000000e+05
3.324463999999999828e+02 9.000000000000000000e+04
3.325348999999999933e+02 2.500000000000000000e+04
3.326632999999999925e+02 1.000000000000000000e+04
3.327579999999999814e+02 2.400000000000000000e+02
3.330319999999999823e+02 1.700000000000000000e+02
3.333120000000000118e+02 1.100000000000000000e+02
3.342559999999999718e+02 1.300000000000000000e+02
3.342930000000000064e+02 1.300000000000000000e+03
3.344669999999999845e+02 1.300000000000000000e+03
3.346105999999999767e+02 1.000000000000000000e+05
3.347889999999999873e+02 1.300000000000000000e+02
3.349400999999999726e+02 2.000000000000000000e+05
3.349535000000000196e+02 9.000000000000000000e+04
3.350020000000000095e+02 1.700000000000000000e+03
3.350480000000000018e+02 4.200000000000000000e+02
3.355699999999999932e+02 3.400000000000000000e+02
3.356007999999999925e+02 1.000000000000000000e+04
3.358000000000000114e+02 1.300000000000000000e+02
3.359390000000000214e+02 1.700000000000000000e+03
3.366549999999999727e+02 1.300000000000000000e+02
3.367930000000000064e+02 3.400000000000000000e+02
3.370129999999999768e+02 1.300000000000000000e+02
3.372300000000000182e+02 1.700000000000000000e+02
3.375237000000000194e+02 2.250000000000000000e+05
3.375853999999999928e+02 2.000000000000000000e+05
3.375889999999999986e+02 3.500000000000000000e+02
3.381379999999999768e+02 2.700000000000000000e+02
3.381829999999999927e+02 1.300000000000000000e+02
3.387210000000000036e+02 1.700000000000000000e+02
3.388145999999999844e+02 1.000000000000000000e+04
3.393310000000000173e+02 3.500000000000000000e+02
3.396899999999999977e+02 1.700000000000000000e+02
3.397728999999999928e+02 3.500000000000000000e+05
3.398715000000000259e+02 4.500000000000000000e+05
3.398851000000000226e+02 4.000000000000000000e+05
3.399039000000000215e+02 9.000000000000000000e+04
3.400194000000000187e+02 3.000000000000000000e+04
3.400333999999999719e+02 3.250000000000000000e+05
3.400380000000000109e+02 1.200000000000000000e+02
3.404639999999999986e+02 9.000000000000000000e+05
3.406007999999999925e+02 8.000000000000000000e+03
3.406390000000000100e+02 2.300000000000000000e+02
3.407110000000000127e+02 1.300000000000000000e+02
3.409359999999999786e+02 2.700000000000000000e+02
3.409660000000000082e+02 2.300000000000000000e+02
3.410169999999999959e+02 1.800000000000000000e+02
3.411168999999999869e+02 5.000000000000000000e+04
3.411641000000000190e+02 4.000000000000000000e+05
3.412420000000000186e+02 1.000000000000000000e+05
3.413919999999999959e+02 2.300000000000000000e+02
3.416949999999999932e+02 1.800000000000000000e+02
3.421732999999999834e+02 6.000000000000000000e+04
3.423937999999999988e+02 3.000000000000000000e+04
3.424739999999999895e+02 1.800000000000000000e+02
3.426399999999999864e+02 2.300000000000000000e+02
3.426829999999999927e+02 1.300000000000000000e+02
3.427549999999999955e+02 2.300000000000000000e+02
3.428430000000000177e+02 2.300000000000000000e+02
3.430020000000000095e+02 1.300000000000000000e+02
3.433679999999999950e+02 1.800000000000000000e+02
3.434513999999999783e+02 2.000000000000000000e+05
3.441580000000000155e+02 1.800000000000000000e+02
3.446188000000000216e+02 1.250000000000000000e+05
3.446435999999999922e+02 3.500000000000000000e+04
3.447171000000000163e+02 8.000000000000000000e+04
3.451945999999999799e+02 2.000000000000000000e+05
3.458530999999999835e+02 3.500000000000000000e+05
3.464800000000000182e+02 1.700000000000000000e+02
3.466850000000000023e+02 1.800000000000000000e+02
3.467287999999999784e+02 3.500000000000000000e+04
3.468444000000000074e+02 1.000000000000000000e+05
3.470163999999999760e+02 7.000000000000000000e+04
3.470430000000000064e+02 1.300000000000000000e+02
3.471682999999999879e+02 1.000000000000000000e+05
3.472180000000000177e+02 1.000000000000000000e+02
3.474010000000000105e+02 1.400000000000000000e+02
3.475790999999999826e+02 4.000000000000000000e+05
3.477988000000000284e+02 3.500000000000000000e+04
3.479689999999999941e+02 2.900000000000000000e+02
3.480559999999999832e+02 2.000000000000000000e+02
3.480704000000000065e+02 3.500000000000000000e+04
3.482103000000000179e+02 2.500000000000000000e+04
3.483564000000000078e+02 8.000000000000000000e+04
3.485049999999999955e+02 1.000000000000000000e+02
3.491908999999999992e+02 1.500000000000000000e+05
3.492029999999999745e+02 2.300000000000000000e+02
3.492208999999999719e+02 3.000000000000000000e+04
3.494277999999999906e+02 1.400000000000000000e+06
3.495665999999999940e+02 1.750000000000000000e+05
3.498809999999999718e+02 2.000000000000000000e+02
3.499569000000000187e+02 5.000000000000000000e+04
3.499630000000000223e+02 5.000000000000000000e+02
3.502167999999999779e+02 2.000000000000000000e+06
3.505513000000000261e+02 1.500000000000000000e+05
3.508580999999999790e+02 1.500000000000000000e+04
3.508960000000000150e+02 4.600000000000000000e+02
3.511259999999999764e+02 2.000000000000000000e+02
3.513532000000000153e+02 2.000000000000000000e+05
3.514173999999999864e+02 4.000000000000000000e+04
3.516200000000000045e+02 6.000000000000000000e+04
3.516429999999999723e+02 2.000000000000000000e+02
3.518679999999999950e+02 2.000000000000000000e+02
3.521070000000000277e+02 2.000000000000000000e+02
3.521313999999999851e+02 9.000000000000000000e+04
3.523709000000000060e+02 1.500000000000000000e+04
3.527556000000000154e+02 3.500000000000000000e+04
3.534298999999999751e+02 7.000000000000000000e+05
3.536309999999999718e+02 2.000000000000000000e+03
3.538136000000000081e+02 8.000000000000000000e+04
3.538489999999999895e+02 1.300000000000000000e+03
3.541970000000000027e+02 2.500000000000000000e+02
3.542119000000000142e+02 2.500000000000000000e+04
3.543473999999999933e+02 8.000000000000000000e+04
3.545029999999999859e+02 5.000000000000000000e+02
3.545353000000000065e+02 2.000000000000000000e+04
3.545659999999999741e+02 2.500000000000000000e+02
3.550674000000000206e+02 2.000000000000000000e+04
3.551460000000000150e+02 3.000000000000000000e+02
3.552866999999999962e+02 2.000000000000000000e+05
3.553401000000000067e+02 3.000000000000000000e+04
3.555024000000000228e+02 1.750000000000000000e+05
3.555539999999999736e+02 2.500000000000000000e+02
3.555679999999999836e+02 1.000000000000000000e+03
3.558772000000000162e+02 1.250000000000000000e+05
3.562121000000000208e+02 8.000000000000000000e+03
3.562690999999999804e+02 1.200000000000000000e+06
3.564519999999999982e+02 6.300000000000000000e+02
3.564639999999999986e+02 6.300000000000000000e+02
3.570808999999999855e+02 4.500000000000000000e+04
3.571272999999999911e+02 2.500000000000000000e+05
3.576870000000000118e+02 1.500000000000000000e+03
3.577857999999999947e+02 3.500000000000000000e+04
3.578740000000000236e+02 2.000000000000000000e+02
3.581290000000000191e+02 5.000000000000000000e+03
3.584315000000000282e+02 1.500000000000000000e+06
3.584925999999999817e+02 4.000000000000000000e+04
3.585989999999999895e+02 5.000000000000000000e+02
3.586295000000000073e+02 1.000000000000000000e+05
3.587257999999999925e+02 2.000000000000000000e+04
3.590129999999999768e+02 7.500000000000000000e+02
3.590380000000000109e+02 5.000000000000000000e+02
3.592382999999999811e+02 3.500000000000000000e+04
3.593639000000000010e+02 2.500000000000000000e+04
3.594082999999999970e+02 3.000000000000000000e+03
3.595000000000000000e+02 5.000000000000000000e+02
3.603589999999999804e+02 5.000000000000000000e+02
3.604680000000000177e+02 5.000000000000000000e+04
3.606601999999999748e+02 1.000000000000000000e+05
3.609816000000000145e+02 1.750000000000000000e+05
3.616519999999999868e+02 4.000000000000000000e+04
3.616619999999999777e+02 1.500000000000000000e+04
3.617685000000000173e+02 1.500000000000000000e+06
3.618654999999999973e+02 3.000000000000000000e+05
3.620539999999999736e+02 3.000000000000000000e+02
3.622060000000000173e+02 2.000000000000000000e+02
3.627284000000000219e+02 1.000000000000000000e+04
3.640369999999999777e+02 2.000000000000000000e+02
3.646417000000000144e+02 6.000000000000000000e+05
3.650889999999999986e+02 4.200000000000000000e+02
3.651850000000000023e+02 2.500000000000000000e+02
3.652230000000000132e+02 4.000000000000000000e+02
3.652620999999999754e+02 4.000000000000000000e+04
3.654646000000000186e+02 4.500000000000000000e+04
3.660493999999999915e+02 5.000000000000000000e+05
3.660649999999999977e+02 2.000000000000000000e+02
3.661410000000000196e+02 6.300000000000000000e+02
3.663009000000000128e+02 5.000000000000000000e+04
3.665740000000000123e+02 9.000000000000000000e+02
3.670049999999999955e+02 2.200000000000000000e+02
3.671234999999999786e+02 2.500000000000000000e+06
3.672085999999999899e+02 5.000000000000000000e+05
3.675830000000000268e+02 2.700000000000000000e+02
3.679467000000000212e+02 1.200000000000000000e+04
3.680944000000000074e+02 1.500000000000000000e+04
3.687423999999999751e+02 7.500000000000000000e+04
3.694891000000000076e+02 5.000000000000000000e+04
3.698899999999999864e+02 1.500000000000000000e+03
3.700025999999999726e+02 1.500000000000000000e+05
3.706413999999999760e+02 2.500000000000000000e+04
3.712400000000000091e+02 3.300000000000000000e+02
3.712841999999999985e+02 8.000000000000000000e+05
3.714069999999999823e+02 3.300000000000000000e+03
3.714988999999999919e+02 2.000000000000000000e+04
3.715063000000000102e+02 1.000000000000000000e+05
3.717106999999999744e+02 2.500000000000000000e+04
3.718050000000000068e+02 4.800000000000000000e+02
3.721757999999999811e+02 1.000000000000000000e+04
3.723510999999999740e+02 2.300000000000000000e+06
3.727300000000000182e+02 2.700000000000000000e+03
3.729642000000000053e+02 7.500000000000000000e+04
3.731150999999999840e+02 2.500000000000000000e+04
3.732660000000000196e+02 8.000000000000000000e+03
3.739479999999999791e+02 2.700000000000000000e+02
3.740860000000000127e+02 2.700000000000000000e+03
3.741789999999999736e+02 6.700000000000000000e+02
3.742839999999999918e+02 2.700000000000000000e+02
3.743450000000000273e+02 1.700000000000000000e+03
3.754250000000000114e+02 2.500000000000000000e+02
3.756840000000000259e+02 2.100000000000000000e+02
3.757629000000000019e+02 2.000000000000000000e+05
3.762991000000000099e+02 7.500000000000000000e+04
3.764560000000000173e+02 5.300000000000000000e+02
3.766150000000000091e+02 3.500000000000000000e+02
3.766557000000000244e+02 5.000000000000000000e+04
3.767200000000000273e+02 2.500000000000000000e+02
3.771055999999999813e+02 8.000000000000000000e+03
3.772919999999999732e+02 5.300000000000000000e+02
3.782080000000000268e+02 8.700000000000000000e+02
3.788140000000000214e+02 1.700000000000000000e+03
3.791209000000000060e+02 2.500000000000000000e+04
3.791229999999999905e+02 1.300000000000000000e+03
3.792289999999999850e+02 3.500000000000000000e+03
3.799200000000000159e+02 2.700000000000000000e+03
3.800131999999999834e+02 2.000000000000000000e+04
3.802379999999999995e+02 2.700000000000000000e+02
3.803999999999999773e+02 2.700000000000000000e+03
3.804959999999999809e+02 6.700000000000000000e+02
3.805819999999999936e+02 5.300000000000000000e+02
3.811569999999999823e+02 6.700000000000000000e+02
3.812110000000000127e+02 5.300000000000000000e+02
3.816589999999999918e+02 5.300000000000000000e+02
3.819940000000000282e+02 2.100000000000000000e+02
3.820230000000000246e+02 2.100000000000000000e+02
3.825969999999999800e+02 6.700000000000000000e+02
3.826505999999999972e+02 5.000000000000000000e+03
3.826782999999999788e+02 2.000000000000000000e+05
3.826963000000000079e+02 2.500000000000000000e+05
3.832151999999999816e+02 1.500000000000000000e+04
3.836270000000000095e+02 3.500000000000000000e+02
3.837540000000000191e+02 2.500000000000000000e+02
3.846990000000000123e+02 2.100000000000000000e+02
3.853965999999999781e+02 6.000000000000000000e+04
3.856422999999999774e+02 1.000000000000000000e+04
3.860040000000000191e+02 2.900000000000000000e+02
3.864479999999999791e+02 3.500000000000000000e+02
3.869019999999999868e+02 2.700000000000000000e+02
3.870647999999999911e+02 8.000000000000000000e+03
3.876548000000000229e+02 1.000000000000000000e+05
3.878659999999999854e+02 5.300000000000000000e+02
3.879920000000000186e+02 8.700000000000000000e+02
3.883303000000000225e+02 6.000000000000000000e+04
3.884239999999999782e+02 6.700000000000000000e+02
3.886539999999999964e+02 1.100000000000000000e+03
3.886779999999999973e+02 6.700000000000000000e+02
3.887169999999999845e+02 2.100000000000000000e+02
3.892400000000000091e+02 5.800000000000000000e+02
3.899132000000000176e+02 1.000000000000000000e+05
3.901220000000000141e+02 2.500000000000000000e+04
3.910079999999999814e+02 2.100000000000000000e+02
3.915810000000000173e+02 6.700000000000000000e+02
3.918029000000000224e+02 8.000000000000000000e+03
3.921309999999999718e+02 5.300000000000000000e+02
3.922988000000000284e+02 5.000000000000000000e+03
3.938550000000000182e+02 6.700000000000000000e+02
3.941680000000000064e+02 2.500000000000000000e+04
3.944429000000000087e+02 2.000000000000000000e+04
3.944789999999999850e+02 5.200000000000000000e+02
3.966809999999999832e+02 2.500000000000000000e+02
3.967210000000000036e+02 9.100000000000000000e+02
3.972970000000000255e+02 2.100000000000000000e+02
3.986888999999999896e+02 5.000000000000000000e+03
4.002984000000000151e+02 4.000000000000000000e+03
4.033374000000000024e+02 4.000000000000000000e+04
4.033659999999999854e+02 1.100000000000000000e+03
4.040670000000000073e+02 2.500000000000000000e+02
4.051123000000000047e+02 1.000000000000000000e+04
4.053768999999999778e+02 1.500000000000000000e+04
4.060090000000000146e+02 1.600000000000000000e+04
4.060659999999999741e+02 2.100000000000000000e+02
4.061940000000000168e+02 3.500000000000000000e+02
4.064560999999999922e+02 2.000000000000000000e+05
4.065830000000000268e+02 1.000000000000000000e+04
4.069409999999999741e+02 2.100000000000000000e+02
4.080880000000000223e+02 1.200000000000000000e+04
4.086009999999999991e+02 2.700000000000000000e+02
4.097688999999999737e+02 7.000000000000000000e+03
4.101560000000000059e+02 4.400000000000000000e+02
4.102080000000000268e+02 6.700000000000000000e+03
4.118059999999999832e+02 3.100000000000000000e+02
4.124970000000000141e+02 5.300000000000000000e+03
4.130590000000000259e+02 6.700000000000000000e+02
4.131089999999999804e+02 7.700000000000000000e+02
4.138269999999999982e+02 2.300000000000000000e+03
4.140609999999999786e+02 4.400000000000000000e+02
4.140880000000000223e+02 2.700000000000000000e+03
4.144379999999999882e+02 3.500000000000000000e+02
4.151290000000000191e+02 8.700000000000000000e+02
4.153750000000000000e+02 4.400000000000000000e+03
4.164639999999999986e+02 8.700000000000000000e+02
4.164830000000000041e+02 4.400000000000000000e+03
4.165830000000000268e+02 4.000000000000000000e+03
4.169300000000000068e+02 3.500000000000000000e+03
4.185620000000000118e+02 3.100000000000000000e+02
4.192060000000000173e+02 1.200000000000000000e+03
4.193249999999999886e+02 8.700000000000000000e+02
4.196270000000000095e+02 8.700000000000000000e+02
4.196840000000000259e+02 1.300000000000000000e+03
4.199689999999999941e+02 3.100000000000000000e+02
4.202699999999999818e+02 3.500000000000000000e+02
4.206490000000000009e+02 8.700000000000000000e+02
4.215919999999999845e+02 3.500000000000000000e+02
4.219130000000000109e+02 4.200000000000000000e+02
4.230339999999999918e+02 4.200000000000000000e+02
4.256639999999999873e+02 2.500000000000000000e+02
4.263249999999999886e+02 7.700000000000000000e+02
4.267219999999999800e+02 4.200000000000000000e+02
4.271890000000000214e+02 2.900000000000000000e+02
4.288199999999999932e+02 4.000000000000000000e+02
4.300810000000000173e+02 5.800000000000000000e+02
4.302200000000000273e+02 5.800000000000000000e+02
4.310769999999999982e+02 1.200000000000000000e+02
4.312479999999999905e+02 3.900000000000000000e+02
4.313659999999999854e+02 1.200000000000000000e+02
4.327549999999999955e+02 3.500000000000000000e+02
4.328600000000000136e+02 1.200000000000000000e+02
4.332590000000000146e+02 3.900000000000000000e+02
4.344039999999999964e+02 1.400000000000000000e+02
4.349870000000000232e+02 1.400000000000000000e+02
4.350249999999999773e+02 1.100000000000000000e+02
4.352789999999999964e+02 2.900000000000000000e+02
4.369660000000000082e+02 2.100000000000000000e+02
4.379189999999999827e+02 1.400000000000000000e+02
4.389590000000000032e+02 1.300000000000000000e+02
4.393919999999999959e+02 1.600000000000000000e+02
4.411449999999999818e+02 3.300000000000000000e+02
4.420679999999999836e+02 1.900000000000000000e+02
4.438469999999999800e+02 2.300000000000000000e+02
4.448430000000000177e+02 2.900000000000000000e+02
4.458050000000000068e+02 1.400000000000000000e+02
4.458670000000000186e+02 1.400000000000000000e+02
4.470960000000000036e+02 1.400000000000000000e+02
4.472540000000000191e+02 1.400000000000000000e+02
4.473790000000000191e+02 1.400000000000000000e+02
4.504300000000000068e+02 1.500000000000000000e+02
4.524680000000000177e+02 5.300000000000000000e+02
4.548090000000000259e+02 4.800000000000000000e+02
4.565810000000000173e+02 3.700000000000000000e+02
4.574359999999999786e+02 7.200000000000000000e+02
4.582900000000000205e+02 4.800000000000000000e+02
4.608059999999999832e+02 1.200000000000000000e+03
4.617459999999999809e+02 1.700000000000000000e+02
4.631410000000000196e+02 4.500000000000000000e+02
4.650249999999999773e+02 4.500000000000000000e+02
4.650570000000000164e+02 1.100000000000000000e+02
4.665140000000000100e+02 4.500000000000000000e+02
4.667549999999999955e+02 3.400000000000000000e+02
4.668530000000000086e+02 2.400000000000000000e+02
4.673399999999999750e+02 5.800000000000000000e+02
4.676680000000000064e+02 5.300000000000000000e+02
4.679789999999999850e+02 1.100000000000000000e+02
4.686449999999999818e+02 3.200000000000000000e+02
4.707459999999999809e+02 1.300000000000000000e+02
4.709610000000000127e+02 2.600000000000000000e+02
4.714820000000000277e+02 1.500000000000000000e+02
4.735210000000000150e+02 1.100000000000000000e+02
4.751030000000000086e+02 2.200000000000000000e+02
4.817730000000000246e+02 1.100000000000000000e+02
4.849719999999999800e+02 1.100000000000000000e+02
4.969169999999999732e+02 1.300000000000000000e+02
4.974529999999999745e+02 1.100000000000000000e+02
4.990360000000000014e+02 1.900000000000000000e+02
5.002350000000000136e+02 8.500000000000000000e+01
5.003650000000000091e+02 6.500000000000000000e+01
5.014669999999999845e+02 4.000000000000000000e+01
5.019150000000000205e+02 2.300000000000000000e+02
5.020910000000000082e+02 4.000000000000000000e+01
5.027760000000000105e+02 1.500000000000000000e+02
5.031530000000000200e+02 4.000000000000000000e+01
5.040450000000000159e+02 2.100000000000000000e+02
5.049370000000000118e+02 4.000000000000000000e+01
5.059420000000000073e+02 1.700000000000000000e+02
5.060760000000000218e+02 6.500000000000000000e+01
5.066659999999999968e+02 1.300000000000000000e+02
5.078820000000000050e+02 4.000000000000000000e+01
5.080380000000000109e+02 7.500000000000000000e+02
5.095830000000000268e+02 4.000000000000000000e+01
5.096720000000000255e+02 4.200000000000000000e+02
5.101580000000000155e+02 1.700000000000000000e+02
5.121730000000000018e+02 1.700000000000000000e+02
5.123229999999999791e+02 8.500000000000000000e+01
5.129089999999999918e+02 8.500000000000000000e+01
5.134769999999999754e+02 4.000000000000000000e+01
5.136180000000000518e+02 2.100000000000000000e+02
5.142010000000000218e+02 7.500000000000000000e+01
5.148970000000000482e+02 7.500000000000000000e+01
5.152069999999999936e+02 4.000000000000000000e+01
5.154070000000000391e+02 7.500000000000000000e+01
5.161770000000000209e+02 2.500000000000000000e+02
5.165819999999999936e+02 2.500000000000000000e+02
5.181749999999999545e+02 2.300000000000000000e+02
5.188419999999999845e+02 1.100000000000000000e+02
5.190650000000000546e+02 1.900000000000000000e+02
5.194529999999999745e+02 1.700000000000000000e+02
5.197290000000000418e+02 1.500000000000000000e+02
5.204669999999999845e+02 6.500000000000000000e+01
5.206580000000000155e+02 3.500000000000000000e+01
5.220549999999999500e+02 8.500000000000000000e+01
5.226609999999999445e+02 6.500000000000000000e+01
5.234270000000000209e+02 1.500000000000000000e+02
5.238890000000000100e+02 8.500000000000000000e+01
5.241849999999999454e+02 2.900000000000000000e+01
5.253079999999999927e+02 1.500000000000000000e+02
5.253269999999999982e+02 0.000000000000000000e+00
5.254489999999999554e+02 7.500000000000000000e+01
5.255389999999999873e+02 8.500000000000000000e+01
5.271390000000000100e+02 5.000000000000000000e+01
5.272999999999999545e+02 2.700000000000000000e+02
5.273949999999999818e+02 2.500000000000000000e+01
5.277670000000000528e+02 1.300000000000000000e+02
5.280900000000000318e+02 2.900000000000000000e+01
5.286730000000000018e+02 5.000000000000000000e+01
5.297809999999999491e+02 3.500000000000000000e+01
5.317029999999999745e+02 5.000000000000000000e+01
5.318490000000000464e+02 1.700000000000000000e+01
5.320080000000000382e+02 2.500000000000000000e+02
5.320969999999999800e+02 5.000000000000000000e+01
5.336349999999999909e+02 7.500000000000000000e+01
5.338289999999999509e+02 2.500000000000000000e+01
5.342290000000000418e+02 5.000000000000000000e+01
5.345069999999999482e+02 2.500000000000000000e+01
5.345660000000000309e+02 4.600000000000000000e+02
5.352229999999999563e+02 3.400000000000000000e+02
5.354769999999999754e+02 4.000000000000000000e+01
5.356799999999999500e+02 2.500000000000000000e+01
5.357190000000000509e+02 4.000000000000000000e+01
5.360679999999999836e+02 2.900000000000000000e+01
5.363500000000000227e+02 1.700000000000000000e+01
5.376760000000000446e+02 4.000000000000000000e+01
5.382839999999999918e+02 4.000000000000000000e+01
5.389800000000000182e+02 1.700000000000000000e+01
5.397359999999999900e+02 2.100000000000000000e+01
5.397830000000000155e+02 2.900000000000000000e+01
5.412740000000000009e+02 2.900000000000000000e+01
5.417809999999999491e+02 2.100000000000000000e+01
5.423949999999999818e+02 6.500000000000000000e+01
5.432770000000000437e+02 2.100000000000000000e+01
5.438780000000000427e+02 1.100000000000000000e+02
5.449819999999999709e+02 1.900000000000000000e+01
5.457709999999999582e+02 1.900000000000000000e+01
5.459560000000000173e+02 4.000000000000000000e+01
5.469619999999999891e+02 1.900000000000000000e+01
5.482519999999999527e+02 4.000000000000000000e+01
5.484610000000000127e+02 1.300000000000000000e+01
5.485009999999999764e+02 1.900000000000000000e+01
5.492590000000000146e+02 1.300000000000000000e+01
5.501059999999999945e+02 1.700000000000000000e+01
5.506109999999999900e+02 4.000000000000000000e+01
5.510650000000000546e+02 1.700000000000000000e+01
5.514349999999999454e+02 3.500000000000000000e+01
5.518920000000000528e+02 1.700000000000000000e+01
5.525099999999999909e+02 5.000000000000000000e+01
5.543010000000000446e+02 2.500000000000000000e+01
5.552889999999999873e+02 8.500000000000000000e+01
5.564539999999999509e+02 2.900000000000000000e+01
5.572989999999999782e+02 1.700000000000000000e+01
5.577709999999999582e+02 3.500000000000000000e+01
5.579840000000000373e+02 3.500000000000000000e+01
5.588519999999999754e+02 5.000000000000000000e+01
5.592500000000000000e+02 1.700000000000000000e+01
5.596440000000000055e+02 1.300000000000000000e+01
5.601140000000000327e+02 1.700000000000000000e+01
5.605080000000000382e+02 4.000000000000000000e+01
5.605489999999999782e+02 1.300000000000000000e+01
5.629819999999999709e+02 2.500000000000000000e+01
5.630729999999999791e+02 6.500000000000000000e+01
5.636979999999999791e+02 3.500000000000000000e+01
5.643680000000000518e+02 1.700000000000000000e+02
5.646870000000000118e+02 3.500000000000000000e+01
5.655710000000000264e+02 1.700000000000000000e+01
5.666280000000000427e+02 1.300000000000000000e+02
5.667200000000000273e+02 1.700000000000000000e+02
5.668429999999999609e+02 1.700000000000000000e+01
5.672590000000000146e+02 6.500000000000000000e+01
5.673479999999999563e+02 8.500000000000000000e+01
5.679049999999999727e+02 2.500000000000000000e+01
5.694669999999999845e+02 2.500000000000000000e+01
5.699479999999999791e+02 3.500000000000000000e+01
5.699610000000000127e+02 0.000000000000000000e+00
5.707740000000000009e+02 4.000000000000000000e+01
5.708060000000000400e+02 8.500000000000000000e+01
5.710910000000000082e+02 2.900000000000000000e+01
5.717179999999999609e+02 1.700000000000000000e+01
5.717939999999999827e+02 6.500000000000000000e+01
5.727250000000000227e+02 2.500000000000000000e+01
5.730779999999999745e+02 1.300000000000000000e+02
5.738949999999999818e+02 2.100000000000000000e+01
5.739790000000000418e+02 1.300000000000000000e+01
5.753039999999999736e+02 8.500000000000000000e+01
5.761939999999999600e+02 1.100000000000000000e+02
5.766589999999999918e+02 6.500000000000000000e+01
5.772680000000000291e+02 2.900000000000000000e+01
5.777670000000000528e+02 5.000000000000000000e+01
5.781939999999999600e+02 1.700000000000000000e+01
5.789139999999999873e+02 8.500000000000000000e+01
5.791399999999999864e+02 1.700000000000000000e+01
5.795850000000000364e+02 5.000000000000000000e+01
5.805639999999999645e+02 5.000000000000000000e+01
5.816939999999999600e+02 2.900000000000000000e+01
5.821040000000000418e+02 1.100000000000000000e+02
5.822229999999999563e+02 3.500000000000000000e+01
5.836520000000000437e+02 7.500000000000000000e+01
5.839769999999999754e+02 2.500000000000000000e+01
5.840259999999999536e+02 1.300000000000000000e+02
5.844089999999999918e+02 5.000000000000000000e+01
5.847709999999999582e+02 1.700000000000000000e+01
5.868099999999999454e+02 6.500000000000000000e+01
5.876330000000000382e+02 3.500000000000000000e+01
5.879420000000000073e+02 1.700000000000000000e+01
5.895069999999999482e+02 4.000000000000000000e+01
5.902259999999999991e+02 1.900000000000000000e+02
5.905439999999999827e+02 4.000000000000000000e+01
5.929049999999999727e+02 2.900000000000000000e+01
5.935800000000000409e+02 4.000000000000000000e+01
5.959349999999999454e+02 4.000000000000000000e+01
5.984880000000000564e+02 1.500000000000000000e+02
5.987740000000000009e+02 6.500000000000000000e+01
5.999589999999999463e+02 8.500000000000000000e+01
6.031420000000000528e+02 5.000000000000000000e+01
6.033509999999999991e+02 5.000000000000000000e+01
6.047169999999999845e+02 5.000000000000000000e+01
6.050389999999999873e+02 2.500000000000000000e+01
6.058329999999999700e+02 2.900000000000000000e+01
6.109400000000000546e+02 2.900000000000000000e+01
6.144210000000000491e+02 4.000000000000000000e+01
6.149829999999999472e+02 5.000000000000000000e+01
6.166029999999999518e+02 5.000000000000000000e+01
6.214779999999999518e+02 2.900000000000000000e+01
6.223680000000000518e+02 7.500000000000000000e+01
6.253490000000000464e+02 4.000000000000000000e+01
6.262500000000000000e+02 2.100000000000000000e+01
6.432240000000000464e+02 8.500000000000000000e+01
6.435000000000000000e+02 5.000000000000000000e+01
6.499640000000000555e+02 1.700000000000000000e+01
6.546420000000000528e+02 6.500000000000000000e+01
6.576549999999999727e+02 1.500000000000000000e+01
6.592820000000000391e+02 1.900000000000000000e+01
6.607980000000000018e+02 1.900000000000000000e+01
6.609099999999999682e+02 1.900000000000000000e+01
6.615979999999999563e+02 3.500000000000000000e+01
6.628809999999999718e+02 1.900000000000000000e+01
6.662680000000000291e+02 2.100000000000000000e+02
6.679170000000000300e+02 1.500000000000000000e+02
6.703049999999999500e+02 6.500000000000000000e+01
6.725480000000000018e+02 1.300000000000000000e+02
6.741739999999999782e+02 7.500000000000000000e+01
6.797190000000000509e+02 2.500000000000000000e+01
6.829990000000000236e+02 8.500000000000000000e+01
6.851240000000000236e+02 2.500000000000000000e+01
6.872820000000000391e+02 1.900000000000000000e+01
6.878260000000000218e+02 4.000000000000000000e+01
6.904790000000000418e+02 2.500000000000000000e+01
6.909980000000000473e+02 3.500000000000000000e+01
6.920230000000000246e+02 4.000000000000000000e+01
6.947989999999999782e+02 1.700000000000000000e+01
6.974410000000000309e+02 1.700000000000000000e+01
6.988020000000000209e+02 2.500000000000000000e+01
6.992250000000000227e+02 8.500000000000000000e+01
6.998039999999999736e+02 1.700000000000000000e+01
7.025420000000000300e+02 2.100000000000000000e+01
7.039980000000000473e+02 1.700000000000000000e+01
7.048750000000000000e+02 1.900000000000000000e+02
7.068360000000000127e+02 8.000000000000000000e+00
7.077179999999999609e+02 8.000000000000000000e+00
7.100900000000000318e+02 4.000000000000000000e+01
7.103970000000000482e+02 1.700000000000000000e+01
7.121269999999999527e+02 1.900000000000000000e+01
7.124909999999999854e+02 1.500000000000000000e+01
7.128129999999999882e+02 3.500000000000000000e+01
7.132029999999999745e+02 1.700000000000000000e+01
7.161399999999999864e+02 1.300000000000000000e+02
7.193350000000000364e+02 1.700000000000000000e+01
7.210929999999999609e+02 1.900000000000000000e+01
7.254349999999999454e+02 5.000000000000000000e+01
7.276810000000000400e+02 1.500000000000000000e+01
7.319049999999999727e+02 1.300000000000000000e+01
7.325940000000000509e+02 1.700000000000000000e+01
7.330399999999999636e+02 2.900000000000000000e+01
7.355190000000000055e+02 6.500000000000000000e+01
7.374529999999999745e+02 1.900000000000000000e+02
7.421870000000000118e+02 1.300000000000000000e+01
7.438070000000000164e+02 1.500000000000000000e+01
7.480259999999999536e+02 1.900000000000000000e+01
7.517999999999999545e+02 6.500000000000000000e+01
7.521839999999999691e+02 2.900000000000000000e+01
7.576670000000000300e+02 1.700000000000000000e+02
7.585299999999999727e+02 1.700000000000000000e+01
7.641910000000000309e+02 1.300000000000000000e+01
7.649819999999999709e+02 1.300000000000000000e+01
7.705449999999999591e+02 2.500000000000000000e+01
7.728809999999999718e+02 7.500000000000000000e+01
7.759439999999999600e+02 2.500000000000000000e+01
7.789249999999999545e+02 6.000000000000000000e+00
7.875579999999999927e+02 1.300000000000000000e+01
7.887480000000000473e+02 3.500000000000000000e+01
7.941069999999999709e+02 2.500000000000000000e+01
7.956950000000000500e+02 8.000000000000000000e+00
8.137440000000000282e+02 4.000000000000000000e+01
8.242269999999999754e+02 1.300000000000000000e+01
8.323220000000000027e+02 2.900000000000000000e+01
8.348369999999999891e+02 2.900000000000000000e+01
8.352329999999999472e+02 1.000000000000000000e+01
8.442089999999999463e+02 1.700000000000000000e+01
8.478310000000000173e+02 1.700000000000000000e+01
8.529329999999999927e+02 2.500000000000000000e+01
8.549600000000000364e+02 1.300000000000000000e+01
8.562889999999999873e+02 1.700000000000000000e+01
8.578229999999999791e+02 1.700000000000000000e+01
8.699940000000000282e+02 2.100000000000000000e+01
8.743360000000000127e+02 2.100000000000000000e+01
8.770380000000000109e+02 2.100000000000000000e+01
8.817980000000000018e+02 2.900000000000000000e+01
8.908229999999999791e+02 3.500000000000000000e+01
