1.302999999999999992e-01 0.000000000000000000e+00
1.366999999999999882e-01 0.000000000000000000e+00
8.487000000000000099e-01 0.000000000000000000e+00
8.511999999999999567e-01 0.000000000000000000e+00
8.614000000000000545e-01 0.000000000000000000e+00
8.743999999999999551e-01 0.000000000000000000e+00
8.849000000000000199e-01 0.000000000000000000e+00
9.139000000000000457e-01 0.000000000000000000e+00
9.140000000000000346e-01 0.000000000000000000e+00
9.153000000000000025e-01 0.000000000000000000e+00
9.254000000000000004e-01 0.000000000000000000e+00
9.262000000000000233e-01 0.000000000000000000e+00
9.296999999999999709e-01 0.000000000000000000e+00
9.296999999999999709e-01 0.000000000000000000e+00
9.305999999999999828e-01 0.000000000000000000e+00
9.315999999999999837e-01 0.000000000000000000e+00
9.337999999999999634e-01 0.000000000000000000e+00
9.340000000000000524e-01 0.000000000000000000e+00
9.365999999999999881e-01 0.000000000000000000e+00
9.385000000000000009e-01 0.000000000000000000e+00
9.385000000000000009e-01 0.000000000000000000e+00
9.385000000000000009e-01 0.000000000000000000e+00
9.389999999999999458e-01 0.000000000000000000e+00
9.455000000000000071e-01 0.000000000000000000e+00
9.496999999999999886e-01 0.000000000000000000e+00
9.496999999999999886e-01 0.000000000000000000e+00
9.496999999999999886e-01 0.000000000000000000e+00
9.496999999999999886e-01 0.000000000000000000e+00
9.557999999999999829e-01 0.000000000000000000e+00
9.557999999999999829e-01 0.000000000000000000e+00
9.580999999999999517e-01 0.000000000000000000e+00
9.600999999999999535e-01 0.000000000000000000e+00
9.629999999999999671e-01 0.000000000000000000e+00
9.633000000000000451e-01 0.000000000000000000e+00
9.690999999999999615e-01 0.000000000000000000e+00
9.693000000000000504e-01 0.000000000000000000e+00
9.707000000000000073e-01 0.000000000000000000e+00
9.707000000000000073e-01 0.000000000000000000e+00
9.707000000000000073e-01 0.000000000000000000e+00
9.744000000000000439e-01 0.000000000000000000e+00
9.749999999999999778e-01 0.000000000000000000e+00
9.752999999999999448e-01 0.000000000000000000e+00
9.758999999999999897e-01 0.000000000000000000e+00
9.758999999999999897e-01 0.000000000000000000e+00
9.758999999999999897e-01 0.000000000000000000e+00
9.776000000000000245e-01 0.000000000000000000e+00
9.820999999999999730e-01 0.000000000000000000e+00
9.859999999999999876e-01 0.000000000000000000e+00
9.872999999999999554e-01 0.000000000000000000e+00
9.938000000000000167e-01 0.000000000000000000e+00
9.969999999999999973e-01 0.000000000000000000e+00
9.977000000000000313e-01 0.000000000000000000e+00
1.010999999999999899e+00 0.000000000000000000e+00
1.015700000000000047e+00 0.000000000000000000e+00
1.028299999999999992e+00 0.000000000000000000e+00
1.043299999999999894e+00 0.000000000000000000e+00
1.077199999999999935e+00 0.000000000000000000e+00
1.091800000000000104e+00 0.000000000000000000e+00
1.093599999999999905e+00 0.000000000000000000e+00
1.098200000000000065e+00 0.000000000000000000e+00
1.113799999999999901e+00 0.000000000000000000e+00
1.115799999999999903e+00 0.000000000000000000e+00
1.117599999999999927e+00 0.000000000000000000e+00
1.122600000000000042e+00 0.000000000000000000e+00
1.122600000000000042e+00 0.000000000000000000e+00
1.122600000000000042e+00 0.000000000000000000e+00
1.122900000000000009e+00 0.000000000000000000e+00
1.123899999999999899e+00 0.000000000000000000e+00
1.127199999999999980e+00 0.000000000000000000e+00
1.128200000000000092e+00 0.000000000000000000e+00
1.130200000000000093e+00 0.000000000000000000e+00
1.131799999999999917e+00 0.000000000000000000e+00
1.131799999999999917e+00 0.000000000000000000e+00
1.131799999999999917e+00 0.000000000000000000e+00
1.147799999999999931e+00 0.000000000000000000e+00
1.151699999999999946e+00 0.000000000000000000e+00
1.151699999999999946e+00 0.000000000000000000e+00
1.151699999999999946e+00 0.000000000000000000e+00
1.151699999999999946e+00 0.000000000000000000e+00
1.153899999999999926e+00 0.000000000000000000e+00
1.153899999999999926e+00 0.000000000000000000e+00
1.159899999999999931e+00 0.000000000000000000e+00
1.177899999999999947e+00 0.000000000000000000e+00
1.178700000000000081e+00 0.000000000000000000e+00
1.183200000000000029e+00 0.000000000000000000e+00
1.184600000000000097e+00 0.000000000000000000e+00
1.187400000000000011e+00 0.000000000000000000e+00
1.196099999999999941e+00 0.000000000000000000e+00
1.197400000000000020e+00 0.000000000000000000e+00
1.199100000000000055e+00 0.000000000000000000e+00
1.200599999999999890e+00 0.000000000000000000e+00
1.204199999999999937e+00 0.000000000000000000e+00
1.204199999999999937e+00 0.000000000000000000e+00
1.207899999999999974e+00 0.000000000000000000e+00
1.207899999999999974e+00 0.000000000000000000e+00
1.211200000000000054e+00 0.000000000000000000e+00
1.213000000000000078e+00 0.000000000000000000e+00
1.215700000000000003e+00 0.000000000000000000e+00
1.218099999999999961e+00 0.000000000000000000e+00
1.218099999999999961e+00 0.000000000000000000e+00
1.220800000000000107e+00 0.000000000000000000e+00
1.220900000000000096e+00 0.000000000000000000e+00
1.224499999999999922e+00 0.000000000000000000e+00
1.227700000000000014e+00 0.000000000000000000e+00
1.227700000000000014e+00 0.000000000000000000e+00
1.234499999999999931e+00 0.000000000000000000e+00
1.237000000000000099e+00 0.000000000000000000e+00
1.243500000000000050e+00 0.000000000000000000e+00
1.243500000000000050e+00 0.000000000000000000e+00
1.247200000000000086e+00 0.000000000000000000e+00
1.247200000000000086e+00 0.000000000000000000e+00
1.250199999999999978e+00 0.000000000000000000e+00
1.250199999999999978e+00 0.000000000000000000e+00
1.259200000000000097e+00 0.000000000000000000e+00
1.259200000000000097e+00 0.000000000000000000e+00
1.265600000000000058e+00 0.000000000000000000e+00
1.265600000000000058e+00 0.000000000000000000e+00
1.281199999999999894e+00 0.000000000000000000e+00
1.281199999999999894e+00 0.000000000000000000e+00
1.292699999999999960e+00 0.000000000000000000e+00
1.303199999999999914e+00 0.000000000000000000e+00
1.307500000000000107e+00 0.000000000000000000e+00
1.313499999999999890e+00 0.000000000000000000e+00
1.316100000000000048e+00 0.000000000000000000e+00
1.325599999999999890e+00 0.000000000000000000e+00
1.328200000000000047e+00 0.000000000000000000e+00
1.330899999999999972e+00 0.000000000000000000e+00
1.377899999999999903e+00 0.000000000000000000e+00
1.404300000000000104e+00 0.000000000000000000e+00
1.407699999999999951e+00 0.000000000000000000e+00
1.409999999999999920e+00 0.000000000000000000e+00
1.437000000000000055e+00 0.000000000000000000e+00
2.488100000000000200e+00 0.000000000000000000e+00
2.507000000000000117e+00 0.000000000000000000e+00
2.601999999999999869e+00 0.000000000000000000e+00
2.601999999999999869e+00 0.000000000000000000e+00
2.604600000000000026e+00 0.000000000000000000e+00
2.621799999999999908e+00 0.000000000000000000e+00
2.798000000000000043e+00 0.000000000000000000e+00
2.798200000000000021e+00 0.000000000000000000e+00
2.801800000000000068e+00 0.000000000000000000e+00
2.822000000000000064e+00 0.000000000000000000e+00
2.938299999999999912e+00 0.000000000000000000e+00
2.942200000000000149e+00 0.000000000000000000e+00
2.977899999999999991e+00 0.000000000000000000e+00
2.982899999999999885e+00 0.000000000000000000e+00
3.091000000000000192e+00 0.000000000000000000e+00
3.184499999999999886e+00 0.000000000000000000e+00
3.189000000000000057e+00 0.000000000000000000e+00
3.203399999999999803e+00 0.000000000000000000e+00
3.233999999999999986e+00 0.000000000000000000e+00
3.324899999999999967e+00 2.000000000000000000e+00
3.324899999999999967e+00 2.000000000000000000e+00
3.334000000000000075e+00 1.000000000000000000e+00
3.334000000000000075e+00 1.000000000000000000e+00
3.356700000000000017e+00 1.000000000000000000e+00
3.395999999999999908e+00 0.000000000000000000e+00
3.698999999999999844e+00 0.000000000000000000e+00
3.704899999999999860e+00 0.000000000000000000e+00
3.895999999999999908e+00 0.000000000000000000e+00
3.934600000000000097e+00 1.000000000000000000e+00
3.934600000000000097e+00 1.000000000000000000e+00
3.934600000000000097e+00 1.000000000000000000e+00
3.937300000000000022e+00 3.000000000000000000e+00
3.937300000000000022e+00 3.000000000000000000e+00
3.937300000000000022e+00 3.000000000000000000e+00
3.941500000000000004e+00 2.000000000000000000e+00
3.941500000000000004e+00 2.000000000000000000e+00
3.941500000000000004e+00 2.000000000000000000e+00
4.065000000000000391e+00 0.000000000000000000e+00
4.073100000000000165e+00 0.000000000000000000e+00
4.101499999999999702e+00 0.000000000000000000e+00
4.113199999999999967e+00 0.000000000000000000e+00
4.121800000000000352e+00 0.000000000000000000e+00
4.138499999999999623e+00 0.000000000000000000e+00
4.285499999999999865e+00 0.000000000000000000e+00
4.381400000000000183e+00 0.000000000000000000e+00
4.436499999999999666e+00 0.000000000000000000e+00
4.440500000000000114e+00 0.000000000000000000e+00
4.485000000000000320e+00 2.000000000000000000e+00
4.499500000000000277e+00 3.000000000000000000e+00
4.501800000000000246e+00 0.000000000000000000e+00
4.538199999999999790e+00 4.000000000000000000e+00
4.542399999999999771e+00 2.000000000000000000e+00
4.718399999999999928e+00 0.000000000000000000e+00
4.766300000000000203e+00 0.000000000000000000e+00
4.777199999999999669e+00 0.000000000000000000e+00
4.962600000000000122e+00 0.000000000000000000e+00
4.991399999999999615e+00 0.000000000000000000e+00
5.017199999999999882e+00 0.000000000000000000e+00
5.024899999999999700e+00 0.000000000000000000e+00
5.025299999999999656e+00 0.000000000000000000e+00
5.095799999999999663e+00 0.000000000000000000e+00
5.104199999999999626e+00 0.000000000000000000e+00
5.200000000000000178e+00 2.000000000000000000e+00
5.222400000000000375e+00 3.000000000000000000e+00
5.261400000000000077e+00 0.000000000000000000e+00
5.272100000000000009e+00 0.000000000000000000e+00
5.280100000000000016e+00 2.000000000000000000e+00
5.513600000000000279e+00 2.000000000000000000e+00
5.518600000000000172e+00 3.000000000000000000e+00
5.525800000000000267e+00 4.000000000000000000e+00
5.618000000000000327e+00 0.000000000000000000e+00
5.639000000000000234e+00 0.000000000000000000e+00
5.657000000000000028e+00 0.000000000000000000e+00
5.713700000000000223e+00 0.000000000000000000e+00
5.725699999999999790e+00 0.000000000000000000e+00
5.734899999999999665e+00 0.000000000000000000e+00
5.757900000000000240e+00 0.000000000000000000e+00
5.871000000000000441e+00 0.000000000000000000e+00
5.921700000000000408e+00 0.000000000000000000e+00
5.933600000000000207e+00 0.000000000000000000e+00
5.958000000000000185e+00 0.000000000000000000e+00
5.994699999999999918e+00 0.000000000000000000e+00
5.995000000000000107e+00 0.000000000000000000e+00
6.001999999999999780e+00 0.000000000000000000e+00
6.021200000000000330e+00 0.000000000000000000e+00
6.089000000000000412e+00 0.000000000000000000e+00
6.115199999999999747e+00 0.000000000000000000e+00
6.180900000000000283e+00 0.000000000000000000e+00
6.191499999999999559e+00 0.000000000000000000e+00
6.236900000000000333e+00 0.000000000000000000e+00
6.272999999999999687e+00 2.000000000000000000e+00
6.364099999999999646e+00 4.000000000000000000e+00
6.463499999999999801e+00 0.000000000000000000e+00
6.479000000000000092e+00 0.000000000000000000e+00
6.501000000000000334e+00 0.000000000000000000e+00
6.540000000000000036e+00 0.000000000000000000e+00
6.541500000000000092e+00 0.000000000000000000e+00
6.654200000000000337e+00 1.000000000000000000e+00
6.668700000000000294e+00 1.000000000000000000e+00
6.924999999999999822e+00 0.000000000000000000e+00
6.937000000000000277e+00 0.000000000000000000e+00
6.961999999999999744e+00 0.000000000000000000e+00
7.006999999999999673e+00 0.000000000000000000e+00
7.139999999999999680e+00 0.000000000000000000e+00
7.147999999999999687e+00 0.000000000000000000e+00
7.153999999999999915e+00 0.000000000000000000e+00
7.216999999999999638e+00 0.000000000000000000e+00
7.251999999999999780e+00 0.000000000000000000e+00
7.256999999999999673e+00 0.000000000000000000e+00
7.277000000000000135e+00 0.000000000000000000e+00
7.407000000000000028e+00 0.000000000000000000e+00
7.409699999999999953e+00 2.000000000000000000e+00
7.426599999999999646e+00 3.000000000000000000e+00
7.437000000000000277e+00 0.000000000000000000e+00
7.442999999999999616e+00 0.000000000000000000e+00
7.443999999999999950e+00 0.000000000000000000e+00
7.448999999999999844e+00 0.000000000000000000e+00
7.562000000000000277e+00 0.000000000000000000e+00
7.568999999999999950e+00 0.000000000000000000e+00
7.583000000000000185e+00 0.000000000000000000e+00
7.644999999999999574e+00 0.000000000000000000e+00
7.732000000000000206e+00 0.000000000000000000e+00
7.739300000000000068e+00 8.000000000000000000e+00
7.820999999999999730e+00 0.000000000000000000e+00
7.828000000000000291e+00 0.000000000000000000e+00
7.874399999999999622e+00 6.000000000000000000e+00
7.998999999999999666e+00 0.000000000000000000e+00
8.016000000000000014e+00 0.000000000000000000e+00
8.054999999999999716e+00 0.000000000000000000e+00
8.090999999999999304e+00 0.000000000000000000e+00
8.103999999999999204e+00 0.000000000000000000e+00
8.113799999999999457e+00 3.000000000000000000e+00
8.121299999999999741e+00 5.000000000000000000e+00
8.137800000000000367e+00 4.000000000000000000e+00
8.146800000000000708e+00 7.000000000000000000e+00
8.169000000000000483e+00 0.000000000000000000e+00
8.173199999999999577e+00 5.000000000000000000e+00
8.241699999999999804e+00 1.000000000000000000e+01
8.253000000000000114e+00 7.000000000000000000e+00
8.262499999999999289e+00 6.000000000000000000e+00
8.289199999999999235e+00 1.000000000000000000e+00
8.310800000000000409e+00 5.000000000000000000e+00
8.310800000000000409e+00 5.000000000000000000e+00
8.313900000000000290e+00 6.000000000000000000e+00
8.318500000000000227e+00 0.000000000000000000e+00
8.332599999999999341e+00 1.000000000000000000e+00
8.354599999999999582e+00 4.000000000000000000e+00
8.367599999999999483e+00 3.000000000000000000e+00
8.379799999999999471e+00 6.000000000000000000e+00
8.406000000000000583e+00 0.000000000000000000e+00
8.409200000000000230e+00 7.000000000000000000e+00
8.419399999999999551e+00 1.000000000000000000e+00
8.423999999999999488e+00 0.000000000000000000e+00
8.441800000000000637e+00 2.000000000000000000e+00
8.465899999999999537e+00 2.000000000000000000e+00
8.502000000000000668e+00 0.000000000000000000e+00
8.522600000000000620e+00 1.000000000000000000e+00
8.552300000000000679e+00 5.000000000000000000e+00
8.575300000000000367e+00 2.000000000000000000e+00
8.586000000000000298e+00 0.000000000000000000e+00
8.630000000000000782e+00 7.000000000000000000e+00
8.635999999999999233e+00 0.000000000000000000e+00
8.646399999999999864e+00 2.000000000000000000e+00
8.686500000000000554e+00 1.000000000000000000e+00
8.707700000000000884e+00 0.000000000000000000e+00
8.731700000000000017e+00 5.000000000000000000e+00
8.750000000000000000e+00 0.000000000000000000e+00
8.750000000000000000e+00 0.000000000000000000e+00
8.766000000000000014e+00 0.000000000000000000e+00
8.768000000000000682e+00 4.000000000000000000e+00
8.776999999999999247e+00 0.000000000000000000e+00
8.800000000000000711e+00 0.000000000000000000e+00
8.810999999999999943e+00 0.000000000000000000e+00
8.853999999999999204e+00 0.000000000000000000e+00
8.882600000000000051e+00 0.000000000000000000e+00
9.048999999999999488e+00 0.000000000000000000e+00
9.096000000000000085e+00 0.000000000000000000e+00
9.102000000000000313e+00 0.000000000000000000e+00
9.119999999999999218e+00 0.000000000000000000e+00
9.152699999999999392e+00 4.000000000000000000e+00
9.179000000000000270e+00 6.000000000000000000e+00
9.186500000000000554e+00 0.000000000000000000e+00
9.231999999999999318e+00 0.000000000000000000e+00
9.275000000000000355e+00 0.000000000000000000e+00
9.384999999999999787e+00 1.000000000000000000e+00
9.392599999999999838e+00 0.000000000000000000e+00
9.449199999999999378e+00 0.000000000000000000e+00
9.586600000000000676e+00 0.000000000000000000e+00
9.599500000000000810e+00 0.000000000000000000e+00
9.680300000000000793e+00 0.000000000000000000e+00
9.712999999999999190e+00 0.000000000000000000e+00
9.717000000000000526e+00 0.000000000000000000e+00
9.818500000000000227e+00 0.000000000000000000e+00
9.839000000000000412e+00 0.000000000000000000e+00
9.858000000000000540e+00 0.000000000000000000e+00
1.001200000000000045e+01 0.000000000000000000e+00
1.002410000000000068e+01 0.000000000000000000e+00
1.004199999999999982e+01 0.000000000000000000e+00
1.005000000000000071e+01 0.000000000000000000e+00
1.006119999999999948e+01 0.000000000000000000e+00
1.011299999999999955e+01 0.000000000000000000e+00
1.013100000000000023e+01 0.000000000000000000e+00
1.016569999999999929e+01 8.000000000000000000e+00
1.017009999999999970e+01 8.000000000000000000e+00
1.018459999999999965e+01 1.000000000000000000e+01
1.019319999999999915e+01 2.000000000000000000e+00
1.020410000000000039e+01 0.000000000000000000e+00
1.021149999999999913e+01 0.000000000000000000e+00
1.022830000000000084e+01 1.000000000000000000e+00
1.023399999999999999e+01 6.000000000000000000e+00
1.023639999999999972e+01 0.000000000000000000e+00
1.024799999999999933e+01 6.000000000000000000e+00
1.025000000000000000e+01 0.000000000000000000e+00
1.025389999999999979e+01 0.000000000000000000e+00
1.026019999999999932e+01 1.000000000000000000e+01
1.027100000000000080e+01 0.000000000000000000e+00
1.030700000000000038e+01 0.000000000000000000e+00
1.032440000000000069e+01 0.000000000000000000e+00
1.033259999999999934e+01 0.000000000000000000e+00
1.033999999999999986e+01 0.000000000000000000e+00
1.034280000000000044e+01 4.000000000000000000e+00
1.034299999999999997e+01 0.000000000000000000e+00
1.035459999999999958e+01 0.000000000000000000e+00
1.036200000000000010e+01 8.000000000000000000e+00
1.036700000000000088e+01 0.000000000000000000e+00
1.038710000000000022e+01 6.000000000000000000e+00
1.039259999999999984e+01 0.000000000000000000e+00
1.039809999999999945e+01 1.000000000000000000e+01
1.039930000000000021e+01 1.000000000000000000e+01
1.046260000000000012e+01 0.000000000000000000e+00
1.047000000000000064e+01 0.000000000000000000e+00
1.058799999999999919e+01 0.000000000000000000e+00
1.060640000000000072e+01 0.000000000000000000e+00
1.060640000000000072e+01 0.000000000000000000e+00
1.061599999999999966e+01 0.000000000000000000e+00
1.066799999999999926e+01 0.000000000000000000e+00
1.069999999999999929e+01 0.000000000000000000e+00
1.082699999999999996e+01 0.000000000000000000e+00
1.090300000000000047e+01 0.000000000000000000e+00
1.090600000000000058e+01 0.000000000000000000e+00
1.093030000000000079e+01 0.000000000000000000e+00
1.094400000000000084e+01 0.000000000000000000e+00
1.112299999999999933e+01 0.000000000000000000e+00
1.117800000000000082e+01 0.000000000000000000e+00
1.118599999999999994e+01 0.000000000000000000e+00
1.125500000000000078e+01 0.000000000000000000e+00
1.131400000000000006e+01 0.000000000000000000e+00
1.144500000000000028e+01 0.000000000000000000e+00
1.144599999999999973e+01 0.000000000000000000e+00
1.147400000000000020e+01 0.000000000000000000e+00
1.179330000000000034e+01 0.000000000000000000e+00
1.179860000000000042e+01 0.000000000000000000e+00
1.182099999999999973e+01 0.000000000000000000e+00
1.185529999999999973e+01 0.000000000000000000e+00
1.203299999999999947e+01 0.000000000000000000e+00
1.205300000000000082e+01 0.000000000000000000e+00
1.211500000000000021e+01 0.000000000000000000e+00
1.227200000000000024e+01 0.000000000000000000e+00
1.239600000000000080e+01 0.000000000000000000e+00
1.240399999999999991e+01 0.000000000000000000e+00
1.243099999999999916e+01 0.000000000000000000e+00
1.244800000000000040e+01 0.000000000000000000e+00
1.263199999999999967e+01 0.000000000000000000e+00
1.265399999999999991e+01 0.000000000000000000e+00
1.267300000000000004e+01 0.000000000000000000e+00
1.272100000000000009e+01 0.000000000000000000e+00
1.274600000000000044e+01 0.000000000000000000e+00
1.277800000000000047e+01 0.000000000000000000e+00
1.282729999999999926e+01 1.000000000000000000e+01
1.283000000000000007e+01 0.000000000000000000e+00
1.287959999999999994e+01 1.200000000000000000e+02
1.288499999999999979e+01 0.000000000000000000e+00
1.288700000000000045e+01 0.000000000000000000e+00
1.292580000000000062e+01 7.000000000000000000e+01
1.309900000000000020e+01 0.000000000000000000e+00
1.316000000000000014e+01 0.000000000000000000e+00
1.335399999999999920e+01 0.000000000000000000e+00
1.345299999999999940e+01 0.000000000000000000e+00
1.347300000000000075e+01 0.000000000000000000e+00
1.354700000000000060e+01 0.000000000000000000e+00
1.359500000000000064e+01 0.000000000000000000e+00
1.370100000000000051e+01 0.000000000000000000e+00
1.375500000000000078e+01 0.000000000000000000e+00
1.388000000000000078e+01 0.000000000000000000e+00
1.405419999999999980e+01 1.000000000000000000e+00
1.409169999999999945e+01 4.000000000000000000e+00
1.409169999999999945e+01 4.000000000000000000e+00
1.410019999999999918e+01 3.000000000000000000e+00
1.413560000000000016e+01 5.000000000000000000e+00
1.433000000000000007e+01 0.000000000000000000e+00
1.442159999999999975e+01 4.000000000000000000e+02
1.443229999999999968e+01 1.000000000000000000e+02
1.448799999999999955e+01 8.000000000000000000e+01
1.449879999999999924e+01 5.000000000000000000e+02
1.450609999999999999e+01 1.000000000000000000e+02
1.457329999999999970e+01 4.000000000000000000e+02
1.460810000000000031e+01 2.500000000000000000e+02
1.470129999999999981e+01 4.000000000000000000e+00
1.478470000000000084e+01 0.000000000000000000e+00
1.483769999999999989e+01 5.000000000000000000e+01
1.503200000000000003e+01 1.000000000000000000e+00
1.505739999999999945e+01 1.000000000000000000e+00
1.508360000000000056e+01 4.000000000000000000e+00
1.510219999999999985e+01 4.000000000000000000e+00
1.512809999999999988e+01 3.000000000000000000e+00
1.516999999999999993e+01 1.000000000000000000e+00
1.518999999999999950e+01 0.000000000000000000e+00
1.521509999999999962e+01 4.000000000000000000e+01
1.521529999999999916e+01 4.000000000000000000e+00
1.531739999999999924e+01 2.000000000000000000e+00
1.541709999999999958e+01 2.000000000000000000e+01
1.551200000000000045e+01 0.000000000000000000e+00
1.575319999999999965e+01 5.000000000000000000e+00
1.577319999999999922e+01 1.000000000000000000e+01
1.577950000000000053e+01 5.000000000000000000e+00
1.583769999999999989e+01 6.000000000000000000e+02
1.587700000000000067e+01 0.000000000000000000e+00
1.588400000000000034e+01 0.000000000000000000e+00
1.596899999999999942e+01 0.000000000000000000e+00
1.599699999999999989e+01 1.000000000000000000e+01
1.599699999999999989e+01 1.000000000000000000e+01
1.599770000000000003e+01 6.000000000000000000e+02
1.605559999999999832e+01 5.000000000000000000e+00
1.607939999999999969e+01 4.000000000000000000e+01
1.615469999999999828e+01 2.000000000000000000e+00
1.617520000000000024e+01 1.000000000000000000e+00
1.641460000000000008e+01 0.000000000000000000e+00
1.641720000000000113e+01 3.000000000000000000e+01
1.648000000000000043e+01 0.000000000000000000e+00
1.653600000000000136e+01 0.000000000000000000e+00
1.654060000000000130e+01 0.000000000000000000e+00
1.654360000000000142e+01 6.000000000000000000e+00
1.654360000000000142e+01 6.000000000000000000e+00
1.660790000000000077e+01 4.000000000000000000e+00
1.663060000000000116e+01 4.000000000000000000e+00
1.668799999999999883e+01 0.000000000000000000e+00
1.681200000000000117e+01 0.000000000000000000e+00
1.683699999999999974e+01 0.000000000000000000e+00
1.696900000000000119e+01 0.000000000000000000e+00
1.705000000000000071e+01 0.000000000000000000e+00
1.713700000000000045e+01 0.000000000000000000e+00
1.721600000000000108e+01 0.000000000000000000e+00
1.737239999999999895e+01 2.000000000000000000e+00
1.749899999999999878e+01 0.000000000000000000e+00
1.753989999999999938e+01 0.000000000000000000e+00
1.760099999999999909e+01 0.000000000000000000e+00
1.760999999999999943e+01 0.000000000000000000e+00
1.767409999999999926e+01 7.000000000000000000e+00
1.772800000000000153e+01 0.000000000000000000e+00
1.775600000000000023e+01 0.000000000000000000e+00
1.787790000000000035e+01 1.000000000000000000e+00
1.788899999999999935e+01 1.000000000000000000e+00
1.792729999999999890e+01 4.000000000000000000e+00
1.800600000000000023e+01 0.000000000000000000e+00
1.848839999999999861e+01 1.000000000000000000e+00
1.849370000000000047e+01 1.500000000000000000e+02
1.852509999999999835e+01 1.000000000000000000e+00
1.852830000000000155e+01 0.000000000000000000e+00
1.853890000000000171e+01 7.000000000000000000e+01
1.869760000000000133e+01 2.000000000000000000e+01
1.874040000000000106e+01 1.000000000000000000e+00
1.881299999999999883e+01 0.000000000000000000e+00
1.892099999999999937e+01 0.000000000000000000e+00
1.910549999999999926e+01 1.000000000000000000e+00
1.914859999999999829e+01 3.000000000000000000e+00
1.921869999999999834e+01 3.000000000000000000e+00
1.925989999999999824e+01 2.500000000000000000e+02
1.934120000000000061e+01 2.000000000000000000e+00
1.940459999999999852e+01 7.000000000000000000e+00
1.946679999999999922e+01 1.000000000000000000e+00
1.952659999999999840e+01 0.000000000000000000e+00
1.953910000000000124e+01 1.000000000000000000e+00
1.955199999999999960e+01 0.000000000000000000e+00
1.973039999999999949e+01 1.300000000000000000e+02
1.974050000000000082e+01 1.700000000000000000e+02
1.975150000000000006e+01 2.000000000000000000e+00
1.976139999999999830e+01 0.000000000000000000e+00
1.979090000000000060e+01 1.500000000000000000e+02
1.983909999999999840e+01 1.000000000000000000e+00
1.988439999999999941e+01 1.000000000000000000e+00
1.992099999999999937e+01 2.000000000000000000e+00
1.998730000000000118e+01 3.200000000000000000e+02
2.005460000000000065e+01 9.000000000000000000e+01
2.020459999999999923e+01 1.100000000000000000e+02
2.025570000000000093e+01 1.000000000000000000e+00
2.028999999999999915e+01 2.000000000000000000e+00
2.031200000000000117e+01 1.000000000000000000e+00
2.032799999999999940e+01 1.000000000000000000e+00
2.032999999999999829e+01 2.000000000000000000e+00
2.050799999999999912e+01 3.000000000000000000e+00
2.075179999999999936e+01 0.000000000000000000e+00
2.075189999999999912e+01 4.600000000000000000e+02
2.079299999999999926e+01 3.000000000000000000e+01
2.081180000000000163e+01 1.000000000000000000e+00
2.086530000000000129e+01 7.000000000000000000e+01
2.090080000000000027e+01 0.000000000000000000e+00
2.091799999999999926e+01 3.000000000000000000e+00
2.093370000000000175e+01 2.000000000000000000e+00
2.103750000000000142e+01 2.000000000000000000e+00
2.107039999999999935e+01 1.700000000000000000e+02
2.114280000000000115e+01 2.000000000000000000e+01
2.117099999999999937e+01 9.000000000000000000e+01
2.117150000000000176e+01 3.000000000000000000e+00
2.135800000000000054e+01 2.000000000000000000e+00
2.140790000000000148e+01 1.100000000000000000e+02
2.150140000000000029e+01 1.000000000000000000e+00
2.154129999999999967e+01 1.500000000000000000e+02
2.159049999999999869e+01 4.400000000000000000e+02
2.159250000000000114e+01 3.000000000000000000e+00
2.183759999999999835e+01 1.000000000000000000e+00
2.186080000000000112e+01 0.000000000000000000e+00
2.198570000000000135e+01 0.000000000000000000e+00
2.200000000000000000e+01 0.000000000000000000e+00
2.204240000000000066e+01 0.000000000000000000e+00
2.231169999999999831e+01 1.000000000000000000e+00
2.240569999999999951e+01 1.000000000000000000e+00
2.247119999999999962e+01 0.000000000000000000e+00
2.253399999999999892e+01 0.000000000000000000e+00
2.260930000000000106e+01 1.700000000000000000e+02
2.260930000000000106e+01 1.700000000000000000e+02
2.269129999999999825e+01 2.000000000000000000e+00
2.287600000000000122e+01 0.000000000000000000e+00
2.291280000000000072e+01 2.000000000000000000e+00
2.313670000000000115e+01 1.000000000000000000e+00
2.324840000000000018e+01 4.000000000000000000e+00
2.325159999999999982e+01 0.000000000000000000e+00
2.337590000000000146e+01 0.000000000000000000e+00
2.341519999999999868e+01 0.000000000000000000e+00
2.348999999999999844e+01 0.000000000000000000e+00
2.348999999999999844e+01 0.000000000000000000e+00
2.348999999999999844e+01 0.000000000000000000e+00
2.357760000000000034e+01 1.000000000000000000e+00
2.359410000000000096e+01 2.000000000000000000e+00
2.363340000000000174e+01 0.000000000000000000e+00
2.374699999999999989e+01 4.000000000000000000e+00
2.375199999999999889e+01 0.000000000000000000e+00
2.378640000000000043e+01 2.000000000000000000e+00
2.386990000000000123e+01 1.000000000000000000e+00
2.388200000000000145e+01 0.000000000000000000e+00
2.390549999999999997e+01 1.000000000000000000e+00
2.395080000000000098e+01 3.000000000000000000e+00
2.399040000000000106e+01 2.000000000000000000e+00
2.403999999999999915e+01 0.000000000000000000e+00
2.408999999999999986e+01 1.000000000000000000e+00
2.456500000000000128e+01 0.000000000000000000e+00
2.456500000000000128e+01 2.000000000000000000e+00
2.456709999999999994e+01 2.000000000000000000e+00
2.489959999999999951e+01 1.000000000000000000e+00
2.491890000000000072e+01 6.000000000000000000e+01
2.503900000000000148e+01 0.000000000000000000e+00
2.503900000000000148e+01 0.000000000000000000e+00
2.510879999999999868e+01 3.000000000000000000e+00
2.512999999999999901e+01 0.000000000000000000e+00
2.516090000000000160e+01 1.000000000000000000e+00
2.519490000000000052e+01 2.600000000000000000e+02
2.536809999999999832e+01 5.000000000000000000e+00
2.541000000000000014e+01 0.000000000000000000e+00
2.541000000000000014e+01 0.000000000000000000e+00
2.541390000000000171e+01 3.000000000000000000e+00
2.546280000000000143e+01 1.000000000000000000e+00
2.548509999999999920e+01 5.000000000000000000e+00
2.551640000000000086e+01 1.000000000000000000e+00
2.557410000000000139e+01 5.000000000000000000e+00
2.578419999999999845e+01 1.000000000000000000e+00
2.594699999999999918e+01 0.000000000000000000e+00
2.605199999999999960e+01 0.000000000000000000e+00
2.635790000000000077e+01 3.100000000000000000e+02
2.653600000000000136e+01 0.000000000000000000e+00
2.660620000000000118e+01 6.100000000000000000e+02
2.661899999999999977e+01 0.000000000000000000e+00
2.674680000000000035e+01 3.000000000000000000e+00
2.687020000000000053e+01 1.000000000000000000e+00
2.691179999999999950e+01 2.000000000000000000e+00
2.694170000000000087e+01 2.200000000000000000e+02
2.696450000000000102e+01 1.000000000000000000e+00
2.711100000000000065e+01 0.000000000000000000e+00
2.716379999999999839e+01 2.000000000000000000e+00
2.721000000000000085e+01 0.000000000000000000e+00
2.730930000000000035e+01 1.700000000000000000e+02
2.730999999999999872e+01 0.000000000000000000e+00
2.740800000000000125e+01 5.000000000000000000e+00
2.749670000000000059e+01 2.400000000000000000e+02
2.755499999999999972e+01 0.000000000000000000e+00
2.773799999999999955e+01 0.000000000000000000e+00
2.777749999999999986e+01 4.000000000000000000e+00
2.783859999999999957e+01 5.000000000000000000e+00
2.791199999999999903e+01 4.000000000000000000e+00
2.791629999999999967e+01 3.700000000000000000e+02
2.814679999999999893e+01 3.000000000000000000e+02
2.831220000000000070e+01 4.300000000000000000e+02
2.832999999999999829e+01 0.000000000000000000e+00
2.856190000000000140e+01 3.500000000000000000e+02
2.881490000000000151e+01 4.000000000000000000e+00
2.888939999999999841e+01 3.000000000000000000e+00
2.897429999999999950e+01 2.000000000000000000e+02
2.900039999999999907e+01 7.000000000000000000e+01
2.902319999999999922e+01 6.500000000000000000e+02
2.905740000000000123e+01 2.000000000000000000e+00
2.916969999999999885e+01 1.300000000000000000e+02
2.919849999999999923e+01 0.000000000000000000e+00
2.923989999999999867e+01 4.000000000000000000e+00
2.953209999999999980e+01 6.000000000000000000e+00
2.972299999999999898e+01 0.000000000000000000e+00
2.978999999999999915e+01 0.000000000000000000e+00
2.981500000000000128e+01 1.000000000000000000e+00
2.984199999999999875e+01 0.000000000000000000e+00
3.022640000000000171e+01 4.000000000000000000e+00
3.028440000000000154e+01 5.000000000000000000e+00
3.037999999999999901e+01 0.000000000000000000e+00
3.040200000000000102e+01 2.900000000000000000e+01
3.062999999999999901e+01 0.000000000000000000e+00
3.078999999999999915e+01 0.000000000000000000e+00
3.080489999999999995e+01 1.000000000000000000e+00
3.085419999999999874e+01 3.000000000000000000e+00
3.091959999999999908e+01 5.000000000000000000e+00
3.100159999999999982e+01 1.000000000000000000e+00
3.117559999999999931e+01 3.000000000000000000e+00
3.126599999999999824e+01 0.000000000000000000e+00
3.137239999999999895e+01 4.000000000000000000e+00
3.150100000000000122e+01 0.000000000000000000e+00
3.152400000000000091e+01 5.500000000000000000e+01
3.157100000000000151e+01 5.600000000000000000e+01
3.161129999999999995e+01 6.000000000000000000e+00
3.168110000000000070e+01 3.000000000000000000e+00
3.174749999999999872e+01 4.000000000000000000e+00
3.190630000000000166e+01 6.000000000000000000e+00
3.205579999999999785e+01 0.000000000000000000e+00
3.218809999999999860e+01 1.000000000000000000e+00
3.220329999999999870e+01 3.300000000000000000e+02
3.226700000000000301e+01 0.000000000000000000e+00
3.259700000000000131e+01 0.000000000000000000e+00
3.282399999999999807e+01 0.000000000000000000e+00
3.342999999999999972e+01 0.000000000000000000e+00
3.367900000000000205e+01 6.300000000000000000e+01
3.382050000000000267e+01 2.200000000000000000e+02
3.412299999999999756e+01 2.000000000000000000e+00
3.439300000000000068e+01 6.800000000000000000e+01
3.464300000000000068e+01 0.000000000000000000e+00
3.464999999999999858e+01 0.000000000000000000e+00
3.473400000000000176e+01 7.800000000000000000e+01
3.474600000000000222e+01 7.000000000000000000e+01
3.477199999999999847e+01 6.700000000000000000e+01
3.480499999999999972e+01 0.000000000000000000e+00
3.481000000000000227e+01 7.100000000000000000e+01
3.507699999999999818e+01 6.900000000000000000e+01
3.535900000000000176e+01 6.900000000000000000e+01
3.537729999999999819e+01 1.900000000000000000e+02
3.538199999999999790e+01 0.000000000000000000e+00
3.541799999999999926e+01 7.200000000000000000e+01
3.544200000000000017e+01 7.600000000000000000e+01
3.544899999999999807e+01 6.800000000000000000e+01
3.556099999999999994e+01 6.800000000000000000e+01
3.557800000000000296e+01 7.000000000000000000e+01
3.558859999999999957e+01 4.000000000000000000e+01
3.573700000000000188e+01 6.500000000000000000e+01
3.585699999999999932e+01 6.900000000000000000e+01
3.585799999999999699e+01 6.800000000000000000e+01
3.594700000000000273e+01 6.600000000000000000e+01
3.613199999999999790e+01 0.000000000000000000e+00
3.656199999999999761e+01 6.900000000000000000e+01
3.656300000000000239e+01 0.000000000000000000e+00
3.667999999999999972e+01 0.000000000000000000e+00
3.706199999999999761e+01 7.000000000000000000e+01
3.713100000000000023e+01 6.700000000000000000e+01
3.717600000000000193e+01 6.800000000000000000e+01
3.728329999999999700e+01 1.900000000000000000e+02
3.735999999999999943e+01 6.700000000000000000e+01
3.776800000000000068e+01 7.200000000000000000e+01
3.882399999999999807e+01 0.000000000000000000e+00
3.926800000000000068e+01 3.300000000000000000e+01
3.932399999999999807e+01 3.200000000000000000e+01
3.939099999999999824e+01 7.000000000000000000e+01
3.943099999999999739e+01 6.600000000000000000e+01
3.952400000000000091e+01 6.600000000000000000e+01
4.005899999999999750e+01 4.100000000000000000e+01
4.169200000000000017e+01 0.000000000000000000e+00
4.210199999999999676e+01 5.200000000000000000e+02
4.243999999999999773e+01 4.900000000000000000e+01
4.398599999999999710e+01 0.000000000000000000e+00
4.412890000000000157e+01 1.700000000000000000e+02
4.442099999999999937e+01 5.700000000000000000e+01
4.615149999999999864e+01 1.100000000000000000e+02
4.653999999999999915e+01 0.000000000000000000e+00
4.696699999999999875e+01 6.700000000000000000e+01
4.711500000000000199e+01 0.000000000000000000e+00
4.712400000000000233e+01 6.500000000000000000e+01
4.775999999999999801e+01 0.000000000000000000e+00
4.854200000000000159e+01 6.500000000000000000e+01
5.362800000000000011e+01 6.600000000000000000e+01
5.379599999999999937e+01 6.700000000000000000e+01
6.099000000000000199e+01 0.000000000000000000e+00
6.147999999999999687e+01 0.000000000000000000e+00
6.147999999999999687e+01 0.000000000000000000e+00
6.256799999999999784e+01 1.000000000000000000e+02
6.307099999999999795e+01 5.000000000000000000e+02
6.347999999999999687e+01 0.000000000000000000e+00
6.375399999999999778e+01 2.000000000000000000e+02
6.623699999999999477e+01 2.000000000000000000e+02
6.635699999999999932e+01 1.500000000000000000e+02
6.769400000000000261e+01 5.000000000000000000e+02
6.946399999999999864e+01 0.000000000000000000e+00
7.001699999999999591e+01 2.000000000000000000e+02
7.133299999999999841e+01 3.000000000000000000e+02
7.133799999999999386e+01 3.000000000000000000e+02
7.184799999999999898e+01 5.000000000000000000e+02
7.212600000000000477e+01 2.000000000000000000e+02
7.220900000000000318e+01 3.000000000000000000e+02
7.251999999999999602e+01 2.500000000000000000e+02
7.298199999999999932e+01 5.000000000000000000e+02
7.301099999999999568e+01 2.500000000000000000e+02
7.317000000000000171e+01 4.000000000000000000e+02
7.321599999999999397e+01 3.000000000000000000e+02
7.382599999999999341e+01 2.000000000000000000e+02
7.479900000000000659e+01 3.000000000000000000e+02
7.496800000000000352e+01 2.000000000000000000e+02
7.500499999999999545e+01 3.000000000000000000e+02
7.520199999999999818e+01 2.000000000000000000e+02
7.578000000000000114e+01 3.000000000000000000e+02
7.582699999999999818e+01 2.500000000000000000e+02
7.587300000000000466e+01 2.500000000000000000e+02
7.702200000000000557e+01 4.000000000000000000e+02
7.720399999999999352e+01 2.000000000000000000e+02
7.788100000000000023e+01 5.000000000000000000e+02
7.795000000000000284e+01 0.000000000000000000e+00
7.850199999999999534e+01 2.000000000000000000e+02
7.880400000000000205e+01 3.000000000000000000e+02
7.882999999999999829e+01 2.000000000000000000e+02
8.050100000000000477e+01 2.000000000000000000e+02
8.115699999999999648e+01 5.000000000000000000e+02
8.261400000000000432e+01 5.000000000000000000e+02
8.265000000000000568e+01 2.000000000000000000e+02
8.421399999999999864e+01 5.000000000000000000e+02
8.452400000000000091e+01 4.000000000000000000e+02
8.474299999999999500e+01 3.000000000000000000e+02
8.570900000000000318e+01 2.000000000000000000e+02
8.606399999999999295e+01 3.000000000000000000e+02
8.628799999999999670e+01 3.000000000000000000e+02
8.632200000000000273e+01 3.000000000000000000e+02
8.675100000000000477e+01 3.000000000000000000e+02
8.696999999999999886e+01 2.000000000000000000e+02
8.708400000000000318e+01 2.000000000000000000e+02
9.109999999999999432e+01 0.000000000000000000e+00
9.737900000000000489e+01 3.000000000000000000e+02
9.795900000000000318e+01 4.000000000000000000e+02
1.174719999999999942e+02 0.000000000000000000e+00
1.191099999999999994e+02 0.000000000000000000e+00
1.225049999999999955e+02 0.000000000000000000e+00
1.277229999999999990e+02 0.000000000000000000e+00
1.317220000000000084e+02 5.000000000000000000e+02
1.335200000000000102e+02 4.000000000000000000e+02
1.345720000000000027e+02 5.800000000000000000e+01
1.357069999999999936e+02 6.900000000000000000e+01
1.370140000000000100e+02 5.000000000000000000e+02
1.370519999999999925e+02 0.000000000000000000e+00
1.398189999999999884e+02 7.600000000000000000e+01
1.411450000000000102e+02 7.400000000000000000e+01
1.419579999999999984e+02 6.900000000000000000e+01
1.421220000000000141e+02 7.400000000000000000e+01
1.427450000000000045e+02 7.000000000000000000e+01
1.428870000000000005e+02 2.000000000000000000e+02
1.428930000000000007e+02 6.700000000000000000e+01
1.434310000000000116e+02 2.000000000000000000e+02
1.435240000000000009e+02 6.700000000000000000e+01
1.438820000000000050e+02 7.000000000000000000e+01
1.449010000000000105e+02 7.300000000000000000e+01
1.451500000000000057e+02 2.000000000000000000e+02
1.452220000000000084e+02 7.600000000000000000e+01
1.455420000000000016e+02 7.000000000000000000e+01
1.472630000000000052e+02 6.900000000000000000e+01
1.476819999999999879e+02 6.800000000000000000e+01
1.482249999999999943e+02 7.300000000000000000e+01
1.489530000000000030e+02 6.700000000000000000e+01
1.489830000000000041e+02 7.200000000000000000e+01
1.493009999999999877e+02 6.900000000000000000e+01
1.493669999999999902e+02 7.400000000000000000e+01
1.498710000000000093e+02 6.800000000000000000e+01
1.498770000000000095e+02 7.100000000000000000e+01
1.498899999999999864e+02 7.200000000000000000e+01
1.499970000000000141e+02 6.700000000000000000e+01
1.510509999999999877e+02 0.000000000000000000e+00
1.512740000000000009e+02 7.000000000000000000e+01
1.516659999999999968e+02 7.000000000000000000e+01
1.520629999999999882e+02 7.300000000000000000e+01
1.525310000000000059e+02 7.500000000000000000e+01
1.527680000000000007e+02 7.400000000000000000e+01
1.527800000000000011e+02 7.400000000000000000e+01
1.534710000000000036e+02 7.600000000000000000e+01
1.537249999999999943e+02 7.300000000000000000e+01
1.538930000000000007e+02 6.900000000000000000e+01
1.543410000000000082e+02 7.500000000000000000e+01
1.546229999999999905e+02 7.400000000000000000e+01
1.548040000000000020e+02 6.800000000000000000e+01
1.557280000000000086e+02 6.900000000000000000e+01
1.560180000000000007e+02 6.700000000000000000e+01
1.604540000000000077e+02 3.000000000000000000e+02
1.605929999999999893e+02 0.000000000000000000e+00
1.652870000000000061e+02 3.000000000000000000e+02
1.653120000000000118e+02 2.000000000000000000e+02
1.656129999999999995e+02 2.500000000000000000e+02
1.661790000000000020e+02 2.000000000000000000e+02
1.686740000000000066e+02 0.000000000000000000e+00
1.687899999999999920e+02 4.000000000000000000e+02
1.692510000000000048e+02 1.000000000000000000e+03
1.707350000000000136e+02 2.000000000000000000e+02
1.707429999999999950e+02 2.000000000000000000e+02
1.709900000000000091e+02 8.000000000000000000e+02
1.715300000000000011e+02 6.500000000000000000e+02
1.717419999999999902e+02 0.000000000000000000e+00
1.719459999999999980e+02 5.000000000000000000e+02
1.721260000000000048e+02 2.000000000000000000e+02
1.722280000000000086e+02 4.000000000000000000e+02
1.733129999999999882e+02 2.500000000000000000e+02
1.738249999999999886e+02 5.000000000000000000e+02
1.739780000000000086e+02 3.000000000000000000e+02
1.741550000000000011e+02 1.000000000000000000e+03
1.741959999999999980e+02 3.000000000000000000e+02
1.747009999999999934e+02 5.500000000000000000e+02
1.748280000000000030e+02 5.000000000000000000e+02
1.752429999999999950e+02 3.000000000000000000e+02
1.753009999999999877e+02 4.000000000000000000e+02
1.764689999999999941e+02 8.000000000000000000e+02
1.767940000000000111e+02 5.000000000000000000e+02
1.769639999999999986e+02 2.000000000000000000e+03
1.776069999999999993e+02 4.000000000000000000e+02
1.788300000000000125e+02 2.000000000000000000e+02
1.790399999999999920e+02 2.500000000000000000e+02
1.790929999999999893e+02 2.000000000000000000e+02
1.791639999999999873e+02 2.000000000000000000e+02
1.794900000000000091e+02 2.000000000000000000e+02
1.807239999999999895e+02 3.000000000000000000e+02
1.811690000000000111e+02 2.000000000000000000e+02
1.819279999999999973e+02 3.000000000000000000e+02
1.823060000000000116e+02 8.000000000000000000e+02
1.830010000000000048e+02 4.000000000000000000e+02
1.830080000000000098e+02 2.000000000000000000e+02
1.847280000000000086e+02 6.500000000000000000e+02
1.854149999999999920e+02 8.000000000000000000e+02
1.858750000000000000e+02 3.000000000000000000e+02
1.866750000000000114e+02 0.000000000000000000e+00
1.866750000000000114e+02 0.000000000000000000e+00
1.917470000000000141e+02 0.000000000000000000e+00
1.928880000000000052e+02 0.000000000000000000e+00
1.930430000000000064e+02 2.000000000000000000e+02
1.952539999999999907e+02 2.000000000000000000e+02
2.000999999999999943e+02 0.000000000000000000e+00
2.086169999999999902e+02 0.000000000000000000e+00
2.126169999999999902e+02 0.000000000000000000e+00
2.166229999999999905e+02 1.000000000000000000e+03
2.169780000000000086e+02 2.000000000000000000e+03
2.175349999999999966e+02 2.000000000000000000e+03
2.175829999999999984e+02 1.500000000000000000e+03
2.177769999999999868e+02 5.000000000000000000e+02
2.178040000000000020e+02 4.000000000000000000e+02
2.180029999999999859e+02 4.000000000000000000e+02
2.181150000000000091e+02 8.000000000000000000e+02
2.184939999999999998e+02 0.000000000000000000e+00
2.184939999999999998e+02 0.000000000000000000e+00
2.185279999999999916e+02 8.000000000000000000e+02
2.186179999999999950e+02 2.500000000000000000e+03
2.192779999999999916e+02 3.000000000000000000e+03
2.202100000000000080e+02 6.000000000000000000e+02
2.206239999999999952e+02 5.000000000000000000e+03
2.207410000000000139e+02 4.000000000000000000e+03
2.217170000000000130e+02 6.000000000000000000e+03
2.221090000000000089e+02 8.000000000000000000e+02
2.221750000000000114e+02 5.000000000000000000e+02
2.223650000000000091e+02 9.000000000000000000e+02
2.243379999999999939e+02 5.000000000000000000e+02
2.254550000000000125e+02 5.000000000000000000e+02
2.265159999999999911e+02 1.000000000000000000e+03
2.270910000000000082e+02 2.000000000000000000e+03
2.277980000000000018e+02 8.000000000000000000e+02
2.279019999999999868e+02 4.000000000000000000e+02
2.279470000000000027e+02 8.000000000000000000e+02
2.288360000000000127e+02 5.000000000000000000e+02
2.290689999999999884e+02 1.600000000000000000e+03
2.297259999999999991e+02 4.000000000000000000e+02
2.297849999999999966e+02 4.000000000000000000e+02
2.301490000000000009e+02 6.300000000000000000e+02
2.303710000000000093e+02 1.000000000000000000e+03
2.311670000000000016e+02 2.000000000000000000e+03
2.313050000000000068e+02 1.700000000000000000e+03
2.314370000000000118e+02 1.400000000000000000e+03
2.314689999999999941e+02 1.400000000000000000e+03
2.316750000000000114e+02 1.000000000000000000e+03
2.317870000000000061e+02 1.400000000000000000e+03
2.320459999999999923e+02 5.000000000000000000e+02
2.320740000000000123e+02 2.600000000000000000e+03
2.322090000000000032e+02 1.900000000000000000e+03
2.323389999999999986e+02 2.400000000000000000e+02
2.326500000000000057e+02 1.400000000000000000e+03
2.330670000000000073e+02 9.400000000000000000e+02
2.335300000000000011e+02 5.000000000000000000e+02
2.338209999999999980e+02 4.600000000000000000e+02
2.338540000000000134e+02 1.600000000000000000e+02
2.341920000000000073e+02 5.000000000000000000e+02
2.346260000000000048e+02 1.200000000000000000e+03
2.347350000000000136e+02 1.900000000000000000e+02
2.348240000000000123e+02 4.000000000000000000e+02
2.361349999999999909e+02 1.600000000000000000e+02
2.362779999999999916e+02 2.000000000000000000e+02
2.376150000000000091e+02 1.000000000000000000e+03
2.387309999999999945e+02 2.400000000000000000e+02
2.395250000000000057e+02 1.000000000000000000e+03
2.416860000000000070e+02 2.000000000000000000e+03
2.420049999999999955e+02 2.400000000000000000e+02
2.421970000000000027e+02 8.500000000000000000e+01
2.424070000000000107e+02 7.000000000000000000e+01
2.424399999999999977e+02 7.000000000000000000e+01
2.424770000000000039e+02 7.000000000000000000e+01
2.438629999999999995e+02 5.000000000000000000e+02
2.454730000000000132e+02 8.500000000000000000e+01
2.472810000000000059e+02 1.600000000000000000e+02
2.477620000000000005e+02 8.500000000000000000e+01
2.511630000000000109e+02 5.000000000000000000e+02
2.566689999999999827e+02 5.000000000000000000e+02
2.607040000000000077e+02 5.000000000000000000e+02
2.610720000000000027e+02 5.000000000000000000e+02
2.615840000000000032e+02 5.000000000000000000e+02
2.697289999999999850e+02 4.500000000000000000e+01
2.799470000000000027e+02 1.500000000000000000e+02
2.819350000000000023e+02 0.000000000000000000e+00
2.822119999999999891e+02 2.500000000000000000e+02
2.864859999999999900e+02 5.000000000000000000e+02
2.866340000000000146e+02 5.000000000000000000e+01
2.908310000000000173e+02 6.000000000000000000e+01
2.914859999999999900e+02 2.500000000000000000e+01
2.944769999999999754e+02 5.000000000000000000e+02
2.982520000000000095e+02 5.700000000000000000e+02
2.985000000000000000e+02 2.500000000000000000e+02
2.993469999999999800e+02 5.000000000000000000e+02
2.995330000000000155e+02 1.000000000000000000e+03
3.003369999999999891e+02 4.000000000000000000e+03
3.004510000000000218e+02 2.200000000000000000e+03
3.012880000000000109e+02 3.700000000000000000e+03
3.020020000000000095e+02 3.500000000000000000e+02
3.032749999999999773e+02 1.200000000000000000e+02
3.038820000000000050e+02 1.700000000000000000e+03
3.045899999999999750e+02 1.500000000000000000e+02
3.051709999999999923e+02 3.500000000000000000e+03
3.055210000000000150e+02 1.500000000000000000e+03
3.058530000000000086e+02 1.900000000000000000e+03
3.065509999999999877e+02 5.000000000000000000e+02
3.081650000000000205e+02 4.200000000000000000e+02
3.098020000000000209e+02 2.600000000000000000e+02
3.100020000000000095e+02 2.100000000000000000e+02
3.102450000000000045e+02 2.600000000000000000e+03
3.102780000000000200e+02 1.300000000000000000e+03
3.106370000000000005e+02 2.200000000000000000e+02
3.115020000000000095e+02 2.700000000000000000e+02
3.135020000000000095e+02 2.900000000000000000e+03
3.146630000000000109e+02 5.500000000000000000e+01
3.167900000000000205e+02 0.000000000000000000e+00
3.182660000000000196e+02 5.500000000000000000e+01
3.185289999999999964e+02 1.000000000000000000e+02
3.196490000000000009e+02 5.500000000000000000e+01
3.198029999999999973e+02 1.500000000000000000e+02
3.203070000000000164e+02 5.500000000000000000e+01
3.214990000000000236e+02 1.800000000000000000e+02
3.218759999999999764e+02 1.800000000000000000e+02
3.222200000000000273e+02 1.000000000000000000e+02
3.222579999999999814e+02 1.500000000000000000e+02
3.225950000000000273e+02 2.100000000000000000e+02
3.233890000000000100e+02 1.100000000000000000e+03
3.235579999999999927e+02 2.900000000000000000e+02
3.243999999999999773e+02 6.000000000000000000e+02
3.249399999999999977e+02 1.000000000000000000e+02
3.251680000000000064e+02 1.200000000000000000e+02
3.272060000000000173e+02 1.000000000000000000e+02
3.283650000000000091e+02 1.200000000000000000e+02
3.293820000000000050e+02 4.000000000000000000e+02
3.298550000000000182e+02 5.000000000000000000e+02
3.306659999999999968e+02 4.000000000000000000e+02
3.316610000000000014e+02 6.600000000000000000e+02
3.321220000000000141e+02 3.300000000000000000e+02
3.323269999999999982e+02 3.100000000000000000e+02
3.332839999999999918e+02 2.000000000000000000e+03
3.336600000000000250e+02 4.000000000000000000e+02
3.339049999999999727e+02 5.000000000000000000e+02
3.339499999999999886e+02 0.000000000000000000e+00
3.349800000000000182e+02 5.000000000000000000e+02
3.350199999999999818e+02 5.000000000000000000e+02
3.359649999999999750e+02 6.000000000000000000e+02
3.362529999999999859e+02 3.300000000000000000e+02
3.364420000000000073e+02 5.000000000000000000e+02
3.366739999999999782e+02 3.300000000000000000e+02
3.367139999999999986e+02 3.300000000000000000e+02
3.367780000000000200e+02 6.500000000000000000e+01
3.368860000000000241e+02 6.500000000000000000e+01
3.370539999999999736e+02 2.900000000000000000e+03
3.372959999999999923e+02 4.000000000000000000e+02
3.375190000000000055e+02 2.600000000000000000e+02
3.375609999999999786e+02 1.300000000000000000e+02
3.379940000000000282e+02 5.000000000000000000e+02
3.381539999999999964e+02 3.300000000000000000e+03
3.381820000000000164e+02 2.400000000000000000e+02
3.392019999999999982e+02 1.300000000000000000e+03
3.393960000000000150e+02 3.300000000000000000e+03
3.402029999999999745e+02 5.000000000000000000e+02
3.410559999999999832e+02 1.300000000000000000e+02
3.414460000000000264e+02 3.300000000000000000e+02
3.414920000000000186e+02 3.300000000000000000e+02
3.415740000000000123e+02 8.200000000000000000e+03
3.424689999999999941e+02 1.600000000000000000e+03
3.434540000000000077e+02 2.600000000000000000e+03
3.438269999999999982e+02 9.900000000000000000e+02
3.447250000000000227e+02 4.800000000000000000e+03
3.453879999999999768e+02 1.300000000000000000e+03
3.459460000000000264e+02 5.000000000000000000e+03
3.462640000000000100e+02 5.000000000000000000e+03
3.468489999999999895e+02 2.000000000000000000e+02
3.470480000000000018e+02 2.400000000000000000e+02
3.473530000000000086e+02 1.600000000000000000e+03
3.484769999999999754e+02 5.500000000000000000e+02
3.486890000000000214e+02 1.300000000000000000e+02
3.493960000000000150e+02 5.500000000000000000e+03
3.501850000000000023e+02 6.600000000000000000e+02
3.503600000000000136e+02 6.500000000000000000e+01
3.508690000000000282e+02 5.500000000000000000e+01
3.511340000000000146e+02 2.600000000000000000e+03
3.514929999999999950e+02 2.600000000000000000e+02
3.516059999999999945e+02 6.600000000000000000e+03
3.520779999999999745e+02 6.600000000000000000e+02
3.525550000000000068e+02 8.200000000000000000e+03
3.528990000000000009e+02 1.100000000000000000e+02
3.549189999999999827e+02 3.300000000000000000e+02
3.552540000000000191e+02 5.500000000000000000e+01
3.562769999999999868e+02 6.500000000000000000e+01
3.567389999999999759e+02 5.000000000000000000e+03
3.572889999999999873e+02 9.900000000000000000e+02
3.588949999999999818e+02 1.300000000000000000e+02
3.598729999999999905e+02 1.300000000000000000e+03
3.602259999999999991e+02 0.000000000000000000e+00
3.602259999999999991e+02 0.000000000000000000e+00
3.611490000000000009e+02 1.300000000000000000e+03
3.613770000000000095e+02 5.300000000000000000e+02
3.620419999999999732e+02 6.600000000000000000e+03
3.625760000000000218e+02 1.300000000000000000e+02
3.665140000000000100e+02 2.000000000000000000e+02
3.670280000000000200e+02 1.300000000000000000e+02
3.671480000000000246e+02 1.800000000000000000e+02
3.675199999999999818e+02 2.600000000000000000e+02
3.689470000000000027e+02 1.600000000000000000e+02
3.694979999999999905e+02 8.000000000000000000e+01
3.723539999999999850e+02 1.200000000000000000e+02
3.737869999999999777e+02 1.500000000000000000e+02
3.740289999999999964e+02 6.000000000000000000e+01
3.776639999999999873e+02 6.000000000000000000e+02
3.784599999999999795e+02 7.000000000000000000e+02
3.808220000000000027e+02 7.000000000000000000e+02
3.832780000000000200e+02 1.100000000000000000e+02
3.859390000000000214e+02 1.200000000000000000e+03
3.890769999999999982e+02 3.000000000000000000e+01
3.973290000000000077e+02 3.500000000000000000e+01
3.974680000000000177e+02 1.100000000000000000e+02
4.232400000000000091e+02 0.000000000000000000e+00
4.402789999999999964e+02 1.100000000000000000e+02
4.460289999999999964e+02 8.500000000000000000e+01
4.463709999999999809e+02 1.800000000000000000e+01
4.471730000000000018e+02 5.500000000000000000e+01
4.593820000000000050e+02 3.500000000000000000e+01
4.601659999999999968e+02 1.800000000000000000e+01
4.606290000000000191e+02 6.500000000000000000e+01
4.607520000000000095e+02 1.800000000000000000e+01
4.649959999999999809e+02 7.500000000000000000e+01
4.687529999999999859e+02 2.300000000000000000e+01
4.715740000000000123e+02 1.100000000000000000e+02
4.717099999999999795e+02 2.200000000000000000e+01
4.745000000000000000e+02 0.000000000000000000e+00
4.757850000000000250e+02 3.000000000000000000e+01
4.765280000000000200e+02 1.500000000000000000e+01
4.787880000000000109e+02 4.500000000000000000e+01
4.808340000000000032e+02 2.200000000000000000e+01
4.830380000000000109e+02 2.200000000000000000e+01
4.832529999999999859e+02 1.900000000000000000e+01
4.856770000000000209e+02 4.500000000000000000e+01
4.867629999999999768e+02 3.000000000000000000e+01
4.874800000000000182e+02 1.700000000000000000e+01
4.905779999999999745e+02 4.000000000000000000e+01
4.919730000000000132e+02 2.200000000000000000e+01
4.937210000000000036e+02 1.600000000000000000e+01
4.981549999999999727e+02 4.500000000000000000e+01
4.985520000000000209e+02 4.500000000000000000e+01
4.993410000000000082e+02 5.000000000000000000e+02
5.001730000000000018e+02 1.600000000000000000e+01
5.013860000000000241e+02 1.800000000000000000e+01
5.018990000000000009e+02 5.000000000000000000e+01
5.036770000000000209e+02 1.000000000000000000e+02
5.050260000000000105e+02 1.600000000000000000e+01
5.081940000000000168e+02 1.000000000000000000e+02
5.082529999999999859e+02 6.500000000000000000e+01
5.085500000000000114e+02 2.600000000000000000e+01
5.100740000000000123e+02 1.800000000000000000e+01
5.101370000000000005e+02 2.600000000000000000e+01
5.116829999999999927e+02 2.100000000000000000e+01
5.117200000000000273e+02 0.000000000000000000e+00
5.117200000000000273e+02 0.000000000000000000e+00
5.130810000000000173e+02 1.800000000000000000e+01
5.138509999999999991e+02 2.300000000000000000e+01
5.144199999999999591e+02 2.300000000000000000e+01
5.147910000000000537e+02 4.000000000000000000e+01
5.157200000000000273e+02 4.000000000000000000e+01
5.170099999999999909e+02 1.600000000000000000e+01
5.177999999999999545e+02 1.300000000000000000e+01
5.437380000000000564e+02 8.000000000000000000e+00
5.478429999999999609e+02 1.800000000000000000e+02
5.511530000000000200e+02 6.000000000000000000e+00
5.580280000000000200e+02 6.000000000000000000e+00
5.589410000000000309e+02 9.000000000000000000e+00
5.593830000000000382e+02 1.300000000000000000e+01
5.616349999999999909e+02 9.000000000000000000e+00
5.626889999999999645e+02 5.000000000000000000e+00
5.651269999999999527e+02 4.000000000000000000e+00
5.665589999999999691e+02 5.000000000000000000e+00
5.683780000000000427e+02 1.200000000000000000e+01
5.696580000000000155e+02 8.000000000000000000e+00
5.711140000000000327e+02 2.300000000000000000e+01
5.713479999999999563e+02 1.000000000000000000e+01
5.716680000000000064e+02 1.000000000000000000e+01
5.756280000000000427e+02 1.600000000000000000e+01
5.762450000000000045e+02 8.000000000000000000e+00
5.859379999999999882e+02 1.000000000000000000e+01
5.894510000000000218e+02 1.000000000000000000e+01
6.109809999999999945e+02 1.000000000000000000e+01
6.178519999999999754e+02 1.000000000000000000e+01
6.192889999999999873e+02 1.000000000000000000e+01
6.258089999999999691e+02 1.300000000000000000e+01
6.316409999999999627e+02 1.000000000000000000e+01
6.645470000000000255e+02 1.600000000000000000e+01
6.703600000000000136e+02 0.000000000000000000e+00
6.769640000000000555e+02 2.200000000000000000e+01
6.774189999999999827e+02 9.000000000000000000e+00
6.916470000000000482e+02 1.000000000000000000e+01
7.112859999999999445e+02 5.000000000000000000e+00
7.124160000000000537e+02 2.600000000000000000e+01
7.143899999999999864e+02 0.000000000000000000e+00
7.183980000000000246e+02 6.000000000000000000e+00
7.198999999999999773e+02 5.000000000000000000e+00
7.263930000000000291e+02 5.000000000000000000e+00
7.293460000000000036e+02 5.000000000000000000e+00
7.387269999999999754e+02 4.000000000000000000e+00
7.395639999999999645e+02 1.600000000000000000e+01
7.411390000000000100e+02 1.600000000000000000e+01
7.416549999999999727e+02 5.000000000000000000e+00
7.424320000000000164e+02 2.300000000000000000e+01
7.524829999999999472e+02 1.300000000000000000e+01
7.527190000000000509e+02 9.000000000000000000e+00
7.557680000000000291e+02 1.900000000000000000e+01
7.576140000000000327e+02 8.000000000000000000e+00
7.619099999999999682e+02 2.300000000000000000e+01
7.621309999999999718e+02 9.000000000000000000e+00
7.716440000000000055e+02 1.600000000000000000e+01
7.717699999999999818e+02 5.000000000000000000e+00
7.729740000000000464e+02 1.900000000000000000e+01
7.751019999999999754e+02 1.900000000000000000e+01
7.791079999999999472e+02 1.000000000000000000e+01
7.799740000000000464e+02 1.300000000000000000e+01
7.919619999999999891e+02 2.000000000000000000e+00
8.026299999999999955e+02 0.000000000000000000e+00
8.098980000000000246e+02 1.000000000000000000e+03
8.116440000000000055e+02 5.000000000000000000e+02
8.123709999999999809e+02 7.000000000000000000e+02
8.811839999999999691e+02 2.000000000000000000e+00
8.864980000000000473e+02 9.000000000000000000e+00
9.903630000000000564e+02 5.000000000000000000e+02
