9.572511000000000081e+01 8.000000000000000000e+00
9.699954999999999927e+01 9.000000000000000000e+00
9.838342000000000098e+01 1.700000000000000000e+01
9.889471000000000345e+01 1.500000000000000000e+01
9.941472000000000264e+01 7.000000000000000000e+00
9.962636000000000536e+01 3.300000000000000000e+01
9.977029000000000281e+01 5.000000000000000000e+00
1.000588699999999989e+02 8.000000000000000000e+00
1.008524000000000029e+02 5.800000000000000000e+01
1.015162899999999979e+02 2.200000000000000000e+01
1.015665300000000002e+02 7.590000000000000000e+02
1.019922200000000032e+02 2.000000000000000000e+01
1.022028099999999995e+02 1.900000000000000000e+01
1.022555100000000010e+02 1.000000000000000000e+01
1.022593899999999962e+02 1.300000000000000000e+01
1.023101099999999946e+02 3.100000000000000000e+01
1.023244200000000035e+02 7.090000000000000000e+02
1.023450500000000005e+02 2.300000000000000000e+01
1.029705900000000014e+02 5.810000000000000000e+02
1.030244000000000000e+02 3.800000000000000000e+01
1.031035700000000048e+02 1.490000000000000000e+02
1.033626699999999943e+02 1.260000000000000000e+02
1.034084200000000067e+02 1.670000000000000000e+02
1.034755799999999937e+02 7.000000000000000000e+01
1.037245499999999936e+02 1.400000000000000000e+01
1.039850600000000043e+02 3.100000000000000000e+01
1.042613599999999963e+02 4.700000000000000000e+01
1.044052400000000063e+02 6.900000000000000000e+01
1.044730899999999991e+02 1.690000000000000000e+02
1.045724799999999988e+02 5.000000000000000000e+01
1.047828099999999978e+02 4.200000000000000000e+01
1.048060300000000069e+02 1.180000000000000000e+02
1.048548300000000069e+02 8.300000000000000000e+01
1.048627400000000023e+02 7.300000000000000000e+01
1.049510599999999982e+02 1.570000000000000000e+02
1.052061800000000034e+02 2.600000000000000000e+01
1.053152400000000029e+02 3.600000000000000000e+01
1.053435900000000061e+02 7.200000000000000000e+01
1.053749499999999983e+02 3.300000000000000000e+02
1.054140900000000016e+02 1.450000000000000000e+02
1.054580200000000048e+02 3.500000000000000000e+01
1.057607699999999937e+02 7.300000000000000000e+01
1.057638800000000003e+02 9.600000000000000000e+01
1.058541500000000042e+02 3.900000000000000000e+01
1.061011599999999930e+02 1.100000000000000000e+02
1.061375400000000013e+02 8.100000000000000000e+01
1.061489299999999929e+02 1.400000000000000000e+01
1.061602599999999939e+02 2.500000000000000000e+01
1.062572700000000054e+02 2.460000000000000000e+02
1.063298000000000059e+02 5.000000000000000000e+01
1.065755900000000054e+02 2.100000000000000000e+01
1.069329000000000036e+02 1.000000000000000000e+01
1.069655300000000011e+02 1.330000000000000000e+02
1.069903000000000048e+02 3.600000000000000000e+01
1.071222499999999940e+02 1.600000000000000000e+01
1.071543999999999954e+02 1.500000000000000000e+02
1.072072399999999988e+02 2.850000000000000000e+02
1.073168699999999944e+02 1.160000000000000000e+02
1.074067799999999977e+02 1.280000000000000000e+02
1.074134499999999974e+02 2.600000000000000000e+01
1.075288500000000056e+02 1.480000000000000000e+02
1.075288500000000056e+02 1.480000000000000000e+02
1.075728799999999978e+02 2.300000000000000000e+01
1.077929400000000015e+02 4.600000000000000000e+01
1.078894800000000060e+02 6.420000000000000000e+02
1.080258599999999944e+02 2.480000000000000000e+02
1.080463500000000039e+02 1.800000000000000000e+01
1.080571699999999993e+02 1.300000000000000000e+02
1.080666999999999973e+02 1.080000000000000000e+02
1.081016999999999939e+02 1.350000000000000000e+02
1.081317999999999984e+02 2.410000000000000000e+02
1.082366700000000037e+02 5.250000000000000000e+02
1.082791799999999967e+02 4.450000000000000000e+02
1.084440599999999932e+02 5.270000000000000000e+02
1.085313900000000018e+02 2.350000000000000000e+02
1.089013800000000032e+02 1.160000000000000000e+02
1.092442099999999954e+02 2.100000000000000000e+01
1.093322500000000019e+02 1.700000000000000000e+01
1.093494799999999998e+02 3.780000000000000000e+02
1.094438300000000055e+02 4.070000000000000000e+02
1.095162499999999994e+02 3.480000000000000000e+02
1.096307099999999934e+02 5.300000000000000000e+01
1.096460600000000056e+02 1.840000000000000000e+02
1.097680000000000007e+02 4.000000000000000000e+01
1.098195900000000051e+02 2.520000000000000000e+02
1.098297500000000042e+02 3.510000000000000000e+02
1.098646999999999991e+02 1.300000000000000000e+01
1.098743500000000068e+02 5.500000000000000000e+01
1.098828900000000033e+02 1.000000000000000000e+02
1.099879499999999979e+02 1.730000000000000000e+02
1.100488100000000031e+02 7.100000000000000000e+01
1.100790300000000030e+02 1.080000000000000000e+02
1.100858099999999951e+02 1.700000000000000000e+01
1.101783099999999962e+02 5.890000000000000000e+02
1.101863400000000013e+02 2.700000000000000000e+01
1.102621599999999944e+02 3.200000000000000000e+02
1.103143199999999950e+02 4.780000000000000000e+02
1.103534499999999952e+02 1.920000000000000000e+02
1.103579500000000024e+02 5.400000000000000000e+01
1.103943299999999965e+02 2.120000000000000000e+02
1.105300000000000011e+02 1.400000000000000000e+01
1.105890299999999939e+02 2.900000000000000000e+01
1.106721799999999973e+02 7.620000000000000000e+02
1.106817000000000064e+02 1.310000000000000000e+02
1.107150900000000036e+02 5.800000000000000000e+02
1.107618599999999986e+02 1.400000000000000000e+01
1.109105700000000070e+02 1.560000000000000000e+02
1.109273299999999978e+02 1.730000000000000000e+02
1.111085499999999939e+02 5.600000000000000000e+01
1.111620300000000015e+02 1.380000000000000000e+02
1.112462299999999971e+02 6.000000000000000000e+01
1.113606699999999989e+02 7.400000000000000000e+01
1.114196500000000043e+02 1.190000000000000000e+02
1.114677400000000063e+02 1.500000000000000000e+02
1.115354700000000037e+02 2.300000000000000000e+01
1.115518699999999939e+02 1.950000000000000000e+02
1.115983999999999980e+02 2.840000000000000000e+02
1.115983999999999980e+02 2.840000000000000000e+02
1.119395499999999970e+02 6.500000000000000000e+01
1.119746300000000048e+02 1.500000000000000000e+01
1.120723899999999986e+02 1.130000000000000000e+02
1.121257999999999981e+02 3.210000000000000000e+02
1.121721399999999988e+02 1.110000000000000000e+02
1.122242499999999978e+02 6.390000000000000000e+02
1.122361599999999981e+02 1.860000000000000000e+02
1.122424400000000020e+02 4.350000000000000000e+02
1.122851900000000001e+02 1.260000000000000000e+02
1.123325300000000055e+02 9.600000000000000000e+01
1.123534400000000062e+02 2.570000000000000000e+02
1.125070599999999956e+02 5.670000000000000000e+02
1.125638900000000007e+02 8.170000000000000000e+02
1.126804400000000044e+02 5.410000000000000000e+02
1.127127299999999934e+02 3.300000000000000000e+01
1.130123799999999932e+02 1.900000000000000000e+01
1.130929299999999955e+02 1.200000000000000000e+01
1.130968000000000018e+02 9.800000000000000000e+01
1.131229000000000013e+02 3.630000000000000000e+02
1.131319699999999955e+02 6.440000000000000000e+02
1.132047100000000057e+02 2.980000000000000000e+02
1.134958599999999933e+02 5.630000000000000000e+02
1.136349199999999939e+02 1.070000000000000000e+02
1.136941699999999997e+02 9.400000000000000000e+01
1.137576499999999982e+02 3.870000000000000000e+02
1.137765299999999939e+02 3.530000000000000000e+02
1.139885500000000036e+02 8.500000000000000000e+01
1.140377500000000026e+02 2.400000000000000000e+01
1.140725500000000068e+02 3.100000000000000000e+02
1.142694400000000030e+02 3.190000000000000000e+02
1.142740299999999962e+02 3.240000000000000000e+02
1.143560999999999979e+02 1.040000000000000000e+02
1.145394900000000007e+02 1.400000000000000000e+02
1.147433999999999941e+02 7.800000000000000000e+01
1.148378900000000016e+02 2.780000000000000000e+02
1.149886099999999942e+02 2.600000000000000000e+01
1.150254800000000017e+02 1.100000000000000000e+02
1.150416599999999931e+02 8.100000000000000000e+02
1.150679700000000025e+02 1.480000000000000000e+02
1.151135100000000051e+02 5.760000000000000000e+02
1.151288100000000014e+02 5.500000000000000000e+01
1.152200799999999958e+02 4.150000000000000000e+02
1.152492199999999940e+02 2.210000000000000000e+02
1.153048500000000018e+02 5.200000000000000000e+01
1.153929899999999975e+02 1.000000000000000000e+01
1.154787000000000035e+02 4.410000000000000000e+02
1.154871399999999966e+02 1.890000000000000000e+02
1.155473800000000040e+02 2.650000000000000000e+02
1.155721499999999935e+02 4.200000000000000000e+01
1.155969300000000004e+02 4.400000000000000000e+01
1.158141700000000043e+02 2.900000000000000000e+01
1.159089100000000059e+02 7.700000000000000000e+02
1.159089100000000059e+02 7.700000000000000000e+02
1.159197800000000029e+02 1.600000000000000000e+01
1.159300700000000006e+02 3.400000000000000000e+01
1.159374499999999983e+02 6.710000000000000000e+02
1.160311300000000045e+02 5.800000000000000000e+01
1.160701799999999935e+02 3.940000000000000000e+02
1.161180599999999998e+02 5.720000000000000000e+02
1.161277900000000045e+02 3.920000000000000000e+02
1.161706899999999933e+02 1.010000000000000000e+02
1.163142600000000044e+02 9.510000000000000000e+02
1.163190000000000026e+02 2.000000000000000000e+02
1.163261099999999999e+02 2.460000000000000000e+02
1.164655599999999964e+02 4.790000000000000000e+02
1.164900599999999997e+02 5.300000000000000000e+01
1.165113800000000026e+02 1.350000000000000000e+02
1.165608299999999957e+02 1.140000000000000000e+02
1.165827500000000043e+02 3.770000000000000000e+02
1.166173600000000050e+02 9.200000000000000000e+01
1.167120800000000003e+02 8.740000000000000000e+02
1.167377400000000023e+02 2.090000000000000000e+02
1.168468100000000049e+02 1.410000000000000000e+02
1.168796799999999934e+02 2.950000000000000000e+02
1.168878100000000018e+02 2.100000000000000000e+02
1.169440799999999996e+02 2.570000000000000000e+02
1.170850099999999969e+02 1.330000000000000000e+02
1.171188999999999965e+02 6.200000000000000000e+01
1.171518700000000024e+02 1.150000000000000000e+02
1.171701900000000052e+02 3.700000000000000000e+01
1.171778300000000002e+02 8.900000000000000000e+01
1.172035900000000055e+02 1.160000000000000000e+02
1.173447199999999953e+02 7.890000000000000000e+02
1.174463200000000001e+02 2.500000000000000000e+01
1.176636500000000041e+02 8.650000000000000000e+02
1.177564500000000010e+02 7.500000000000000000e+01
1.177993799999999993e+02 3.440000000000000000e+02
1.178746299999999962e+02 5.750000000000000000e+02
1.178834999999999980e+02 3.100000000000000000e+01
1.179114299999999957e+02 4.300000000000000000e+01
1.179187600000000060e+02 4.250000000000000000e+02
1.179772799999999933e+02 6.070000000000000000e+02
1.180682599999999951e+02 1.660000000000000000e+02
1.181448599999999942e+02 1.010000000000000000e+02
1.181536700000000053e+02 2.000000000000000000e+01
1.181747000000000014e+02 1.960000000000000000e+02
1.182449900000000014e+02 6.700000000000000000e+01
1.182919200000000046e+02 4.800000000000000000e+01
1.183413999999999930e+02 2.950000000000000000e+02
1.184616599999999949e+02 2.000000000000000000e+01
1.184789200000000022e+02 3.600000000000000000e+02
1.185182099999999963e+02 7.100000000000000000e+01
1.186170800000000014e+02 2.550000000000000000e+02
1.186643600000000021e+02 1.510000000000000000e+02
1.186762899999999945e+02 6.100000000000000000e+01
1.187315200000000033e+02 1.071000000000000000e+03
1.187520099999999985e+02 3.800000000000000000e+01
1.189668599999999969e+02 3.900000000000000000e+01
1.189751600000000025e+02 4.570000000000000000e+02
1.191518200000000007e+02 1.650000000000000000e+02
1.192374599999999987e+02 4.230000000000000000e+02
1.192601999999999975e+02 6.450000000000000000e+02
1.193646600000000007e+02 2.300000000000000000e+01
1.194931899999999985e+02 2.500000000000000000e+01
1.195117099999999937e+02 3.000000000000000000e+01
1.195160500000000070e+02 1.320000000000000000e+02
1.195272899999999936e+02 2.200000000000000000e+01
1.195381100000000032e+02 2.330000000000000000e+02
1.195527500000000032e+02 8.500000000000000000e+01
1.195973400000000026e+02 1.890000000000000000e+02
1.196533799999999985e+02 2.100000000000000000e+01
1.197329199999999929e+02 8.450000000000000000e+02
1.198101800000000026e+02 2.400000000000000000e+01
1.198170999999999964e+02 5.400000000000000000e+01
1.198391500000000036e+02 1.600000000000000000e+01
1.200160400000000038e+02 1.058000000000000000e+03
1.201238599999999934e+02 1.570000000000000000e+02
1.201443199999999933e+02 4.900000000000000000e+01
1.201765800000000013e+02 7.000000000000000000e+02
1.203552999999999997e+02 1.900000000000000000e+01
1.204694300000000027e+02 1.630000000000000000e+02
1.204850200000000058e+02 7.380000000000000000e+02
1.204850200000000058e+02 7.380000000000000000e+02
1.205202299999999980e+02 3.710000000000000000e+02
1.205347299999999962e+02 1.500000000000000000e+01
1.205454199999999929e+02 9.400000000000000000e+01
1.206734900000000010e+02 6.500000000000000000e+01
1.207340499999999963e+02 6.100000000000000000e+01
1.208022799999999961e+02 3.000000000000000000e+01
1.208814299999999946e+02 9.700000000000000000e+01
1.209005099999999970e+02 1.440000000000000000e+02
1.209369200000000006e+02 6.200000000000000000e+01
1.209885799999999989e+02 5.500000000000000000e+01
1.210695300000000003e+02 6.300000000000000000e+01
1.211393699999999995e+02 8.400000000000000000e+01
1.211417600000000050e+02 3.000000000000000000e+01
1.212425900000000070e+02 1.900000000000000000e+01
1.213104699999999951e+02 3.280000000000000000e+02
1.214131100000000032e+02 3.200000000000000000e+01
1.214296700000000016e+02 2.170000000000000000e+02
1.214676500000000061e+02 5.620000000000000000e+02
1.215067700000000031e+02 3.300000000000000000e+01
1.215230999999999995e+02 3.300000000000000000e+01
1.216229299999999967e+02 1.200000000000000000e+02
1.216377300000000048e+02 9.400000000000000000e+01
1.216693999999999960e+02 8.800000000000000000e+01
1.217460399999999936e+02 4.110000000000000000e+02
1.217659100000000052e+02 3.170000000000000000e+02
1.217873600000000067e+02 2.940000000000000000e+02
1.218225000000000051e+02 3.400000000000000000e+01
1.218649699999999996e+02 9.280000000000000000e+02
1.219062299999999937e+02 4.600000000000000000e+01
1.219297899999999970e+02 6.590000000000000000e+02
1.220950100000000020e+02 1.660000000000000000e+02
1.221735599999999948e+02 5.400000000000000000e+01
1.222739399999999961e+02 1.690000000000000000e+02
1.223470200000000006e+02 1.090000000000000000e+02
1.223657100000000071e+02 1.360000000000000000e+02
1.223796200000000027e+02 3.440000000000000000e+02
1.225448099999999982e+02 1.060000000000000000e+02
1.228012400000000071e+02 3.700000000000000000e+01
1.228522300000000058e+02 1.540000000000000000e+02
1.228564999999999969e+02 4.510000000000000000e+02
1.228754799999999960e+02 3.360000000000000000e+02
1.230037800000000061e+02 1.060000000000000000e+02
1.230497900000000016e+02 7.600000000000000000e+02
1.230497900000000016e+02 7.600000000000000000e+02
1.231548800000000057e+02 1.088000000000000000e+03
1.231766599999999983e+02 2.300000000000000000e+01
1.232160400000000067e+02 3.800000000000000000e+01
1.233813600000000008e+02 1.900000000000000000e+01
1.234670500000000004e+02 3.220000000000000000e+02
1.235288999999999930e+02 7.000000000000000000e+01
1.235874500000000040e+02 3.800000000000000000e+01
1.236062100000000044e+02 7.000000000000000000e+01
1.236269199999999984e+02 3.750000000000000000e+02
1.237478600000000029e+02 2.600000000000000000e+01
1.238503400000000028e+02 5.400000000000000000e+01
1.240367499999999978e+02 2.000000000000000000e+01
1.242303600000000046e+02 3.200000000000000000e+01
1.242811499999999967e+02 4.170000000000000000e+02
1.243209999999999980e+02 2.500000000000000000e+01
1.243316499999999962e+02 1.200000000000000000e+01
1.243870399999999989e+02 6.180000000000000000e+02
1.245903500000000008e+02 1.000000000000000000e+01
1.246907800000000037e+02 2.020000000000000000e+02
1.246907800000000037e+02 2.020000000000000000e+02
1.247633299999999963e+02 2.360000000000000000e+02
1.248250900000000030e+02 3.500000000000000000e+01
1.249725799999999936e+02 9.180000000000000000e+02
1.250448800000000062e+02 2.400000000000000000e+01
1.250875800000000027e+02 4.500000000000000000e+01
1.254220899999999972e+02 1.200000000000000000e+01
1.255705399999999941e+02 3.400000000000000000e+01
1.256681300000000050e+02 3.500000000000000000e+01
1.256990799999999950e+02 1.900000000000000000e+01
1.257213500000000010e+02 9.700000000000000000e+01
1.257351100000000059e+02 2.300000000000000000e+01
1.258295200000000023e+02 1.730000000000000000e+02
1.258614400000000018e+02 1.290000000000000000e+02
1.260108400000000017e+02 1.500000000000000000e+02
1.260576499999999953e+02 1.790000000000000000e+02
1.261874200000000030e+02 4.000000000000000000e+01
1.263567599999999942e+02 2.000000000000000000e+01
1.263934100000000029e+02 2.000000000000000000e+02
1.268420899999999989e+02 3.400000000000000000e+01
1.269442700000000031e+02 1.250000000000000000e+02
1.269720300000000037e+02 3.400000000000000000e+01
1.269943300000000050e+02 2.690000000000000000e+02
1.270236400000000003e+02 1.270000000000000000e+02
1.270236400000000003e+02 1.270000000000000000e+02
1.274135500000000008e+02 2.900000000000000000e+01
1.274384199999999936e+02 8.900000000000000000e+01
1.277783400000000000e+02 3.300000000000000000e+01
1.278229900000000043e+02 6.500000000000000000e+01
1.278839300000000065e+02 2.300000000000000000e+01
1.282131200000000035e+02 1.900000000000000000e+01
1.282869599999999934e+02 2.900000000000000000e+01
1.283390300000000082e+02 5.990000000000000000e+02
1.284064199999999971e+02 3.000000000000000000e+01
1.284915100000000052e+02 2.800000000000000000e+01
1.284997799999999870e+02 3.900000000000000000e+01
1.285527299999999968e+02 2.500000000000000000e+02
1.285558699999999988e+02 7.620000000000000000e+02
1.286871899999999869e+02 6.300000000000000000e+01
1.287556399999999996e+02 8.240000000000000000e+02
1.288804199999999867e+02 2.800000000000000000e+01
1.291165599999999927e+02 3.500000000000000000e+01
1.291713300000000118e+02 2.800000000000000000e+01
1.292851699999999937e+02 3.300000000000000000e+01
1.293090200000000038e+02 4.200000000000000000e+01
1.294755499999999984e+02 3.300000000000000000e+01
1.295044800000000009e+02 9.900000000000000000e+01
1.295629000000000133e+02 2.600000000000000000e+01
1.297021599999999921e+02 1.900000000000000000e+01
1.297999900000000082e+02 1.900000000000000000e+01
1.300266000000000020e+02 3.890000000000000000e+02
1.300266000000000020e+02 3.890000000000000000e+02
1.302577200000000062e+02 1.500000000000000000e+02
1.303281599999999969e+02 2.000000000000000000e+02
1.305046299999999917e+02 5.500000000000000000e+01
1.305132199999999898e+02 7.910000000000000000e+02
1.306504600000000096e+02 6.800000000000000000e+01
1.307490099999999984e+02 5.400000000000000000e+01
1.308654999999999973e+02 3.700000000000000000e+01
1.309347199999999987e+02 9.500000000000000000e+01
1.309800999999999931e+02 1.240000000000000000e+02
1.310600000000000023e+02 3.200000000000000000e+01
1.312214899999999886e+02 1.820000000000000000e+02
1.312903499999999894e+02 3.300000000000000000e+01
1.315070900000000051e+02 5.200000000000000000e+01
1.315369100000000060e+02 1.240000000000000000e+02
1.316356100000000140e+02 2.700000000000000000e+01
1.316897199999999941e+02 3.300000000000000000e+02
1.317085199999999929e+02 6.500000000000000000e+01
1.317472899999999925e+02 2.000000000000000000e+01
1.317887100000000089e+02 6.100000000000000000e+01
1.321374600000000044e+02 6.200000000000000000e+01
1.322283500000000060e+02 1.500000000000000000e+01
1.324164900000000102e+02 1.200000000000000000e+01
1.325571199999999976e+02 3.400000000000000000e+01
1.326775900000000092e+02 3.300000000000000000e+01
1.327135900000000106e+02 1.400000000000000000e+01
1.328818200000000047e+02 9.900000000000000000e+01
1.329896999999999991e+02 2.700000000000000000e+01
1.330352599999999939e+02 9.700000000000000000e+01
1.330500299999999925e+02 1.000000000000000000e+01
1.331610799999999983e+02 6.600000000000000000e+01
1.332500599999999906e+02 3.600000000000000000e+01
1.333673100000000034e+02 2.100000000000000000e+01
1.339463199999999858e+02 6.000000000000000000e+01
1.339758099999999956e+02 3.800000000000000000e+01
1.340918499999999938e+02 6.000000000000000000e+01
1.342091299999999876e+02 2.100000000000000000e+01
1.342313900000000046e+02 2.600000000000000000e+01
1.343530199999999866e+02 3.500000000000000000e+01
1.343559999999999945e+02 3.500000000000000000e+01
1.343925900000000127e+02 2.500000000000000000e+01
1.344740400000000022e+02 1.620000000000000000e+02
1.346430200000000070e+02 2.500000000000000000e+01
1.347785800000000052e+02 3.320000000000000000e+02
1.348226500000000101e+02 6.910000000000000000e+02
1.353997099999999989e+02 2.700000000000000000e+01
1.354091300000000047e+02 2.100000000000000000e+02
1.356008799999999894e+02 6.900000000000000000e+01
1.356214699999999880e+02 1.700000000000000000e+01
1.357049299999999903e+02 2.910000000000000000e+02
1.358557199999999909e+02 2.700000000000000000e+01
1.359815900000000113e+02 5.500000000000000000e+01
1.363845599999999934e+02 4.800000000000000000e+01
1.364739800000000116e+02 3.600000000000000000e+01
1.366980700000000013e+02 3.000000000000000000e+01
1.367678600000000131e+02 1.200000000000000000e+01
1.369432899999999904e+02 3.400000000000000000e+01
1.369992799999999988e+02 1.500000000000000000e+01
1.370799199999999871e+02 9.300000000000000000e+01
1.371885499999999922e+02 3.640000000000000000e+02
1.372691299999999899e+02 2.100000000000000000e+01
1.372831500000000062e+02 5.200000000000000000e+01
1.380996900000000096e+02 5.500000000000000000e+01
1.381697299999999871e+02 1.120000000000000000e+02
1.381813799999999901e+02 2.000000000000000000e+01
1.383179100000000119e+02 2.200000000000000000e+01
1.383536300000000097e+02 1.300000000000000000e+01
1.385403599999999926e+02 1.900000000000000000e+01
1.386754799999999932e+02 4.600000000000000000e+01
1.387376999999999896e+02 2.400000000000000000e+01
1.387960400000000050e+02 2.900000000000000000e+01
1.388065899999999999e+02 1.540000000000000000e+02
1.389749300000000005e+02 1.600000000000000000e+01
1.390673500000000047e+02 1.700000000000000000e+01
1.392549099999999953e+02 2.000000000000000000e+01
1.394925000000000068e+02 5.100000000000000000e+01
1.396162199999999984e+02 9.100000000000000000e+02
1.398977899999999863e+02 6.970000000000000000e+02
1.402233099999999979e+02 1.200000000000000000e+01
1.403648499999999899e+02 8.900000000000000000e+01
1.403729399999999998e+02 2.400000000000000000e+01
1.409651100000000099e+02 5.800000000000000000e+01
1.410467199999999934e+02 1.800000000000000000e+01
1.411578000000000088e+02 5.300000000000000000e+01
1.411762200000000007e+02 4.890000000000000000e+02
1.412143000000000086e+02 1.200000000000000000e+01
1.413294899999999927e+02 2.300000000000000000e+01
1.413748099999999965e+02 2.400000000000000000e+01
1.417218499999999892e+02 3.250000000000000000e+02
1.417218499999999892e+02 3.250000000000000000e+02
1.417552100000000053e+02 5.600000000000000000e+01
1.418213599999999985e+02 6.000000000000000000e+01
1.418645600000000115e+02 1.100000000000000000e+01
1.419130000000000109e+02 3.700000000000000000e+01
1.419462000000000046e+02 3.200000000000000000e+01
1.423140699999999867e+02 2.900000000000000000e+01
1.423916299999999922e+02 2.300000000000000000e+01
1.425046800000000076e+02 2.400000000000000000e+01
1.425560700000000054e+02 3.000000000000000000e+01
1.426940999999999917e+02 5.200000000000000000e+01
1.427774799999999971e+02 2.980000000000000000e+02
1.428723500000000115e+02 5.600000000000000000e+01
1.428866199999999935e+02 1.200000000000000000e+01
1.429275900000000092e+02 3.000000000000000000e+01
1.429749700000000132e+02 3.900000000000000000e+01
1.430757099999999866e+02 6.600000000000000000e+01
1.432088599999999872e+02 3.400000000000000000e+01
1.432587100000000078e+02 7.000000000000000000e+00
1.433121299999999962e+02 8.200000000000000000e+01
1.436320800000000020e+02 3.000000000000000000e+01
1.436913099999999872e+02 1.972000000000000000e+03
1.436913099999999872e+02 1.972000000000000000e+03
1.438155199999999923e+02 1.400000000000000000e+02
1.438832700000000102e+02 1.008000000000000000e+03
1.439249700000000018e+02 2.800000000000000000e+01
1.439475799999999879e+02 4.500000000000000000e+01
1.439885600000000068e+02 7.780000000000000000e+02
1.441106299999999862e+02 4.030000000000000000e+02
1.442151100000000099e+02 1.800000000000000000e+01
1.442598700000000065e+02 1.260000000000000000e+02
1.443435800000000029e+02 6.500000000000000000e+01
1.444729600000000005e+02 2.600000000000000000e+01
1.445642100000000028e+02 1.390000000000000000e+02
1.446600300000000061e+02 2.300000000000000000e+01
1.448911200000000008e+02 4.000000000000000000e+01
1.449569999999999936e+02 8.400000000000000000e+01
1.451366500000000030e+02 2.090000000000000000e+02
1.452119700000000080e+02 1.640000000000000000e+02
1.452641600000000039e+02 8.300000000000000000e+01
1.453038999999999987e+02 3.100000000000000000e+01
1.453939399999999864e+02 9.060000000000000000e+02
1.454681699999999864e+02 9.600000000000000000e+01
1.454919999999999902e+02 4.200000000000000000e+01
1.455117199999999968e+02 2.230000000000000000e+02
1.455620199999999897e+02 9.600000000000000000e+01
1.455834600000000023e+02 1.020000000000000000e+02
1.457382900000000063e+02 1.038000000000000000e+03
1.457472199999999987e+02 8.300000000000000000e+01
1.457941299999999956e+02 4.400000000000000000e+01
1.458726599999999962e+02 5.900000000000000000e+01
1.459542800000000113e+02 2.400000000000000000e+01
1.460166399999999953e+02 1.740000000000000000e+02
1.462605100000000107e+02 3.700000000000000000e+01
1.464871300000000076e+02 2.600000000000000000e+01
1.466727400000000046e+02 7.300000000000000000e+01
1.467520600000000002e+02 1.310000000000000000e+02
1.468519499999999880e+02 2.300000000000000000e+01
1.469600499999999954e+02 1.800000000000000000e+01
1.470089299999999923e+02 2.600000000000000000e+01
1.471012299999999868e+02 4.900000000000000000e+01
1.472256299999999953e+02 3.000000000000000000e+01
1.473348799999999983e+02 1.510000000000000000e+02
1.473403099999999881e+02 1.530000000000000000e+02
1.473532099999999900e+02 1.090000000000000000e+02
1.473953300000000013e+02 1.240000000000000000e+02
1.474454700000000003e+02 4.550000000000000000e+02
1.476082000000000107e+02 9.180000000000000000e+02
1.477153800000000103e+02 5.500000000000000000e+01
1.478055300000000045e+02 1.700000000000000000e+01
1.480194799999999873e+02 2.300000000000000000e+01
1.480564099999999996e+02 1.860000000000000000e+02
1.481418799999999862e+02 1.760000000000000000e+02
1.481880099999999914e+02 7.900000000000000000e+01
1.482272199999999884e+02 6.000000000000000000e+01
1.482538900000000126e+02 3.200000000000000000e+01
1.483943899999999871e+02 3.400000000000000000e+01
1.486136600000000101e+02 5.000000000000000000e+01
1.487293200000000013e+02 6.200000000000000000e+01
1.489462399999999889e+02 5.000000000000000000e+01
1.490671399999999949e+02 2.800000000000000000e+01
1.491162600000000111e+02 6.700000000000000000e+01
1.494015699999999924e+02 4.400000000000000000e+01
1.495005500000000040e+02 1.200000000000000000e+02
1.495225100000000111e+02 1.380000000000000000e+02
1.495635200000000111e+02 2.200000000000000000e+01
1.496531799999999919e+02 2.300000000000000000e+01
1.497241899999999930e+02 8.400000000000000000e+01
1.498027500000000032e+02 3.620000000000000000e+02
1.498097699999999861e+02 4.090000000000000000e+02
1.498984499999999969e+02 1.789000000000000000e+03
1.501013000000000090e+02 1.070000000000000000e+02
1.501322700000000054e+02 9.400000000000000000e+01
1.502928499999999872e+02 2.400000000000000000e+02
1.503842099999999959e+02 1.700000000000000000e+01
1.504837599999999895e+02 2.600000000000000000e+01
1.506330399999999941e+02 1.590000000000000000e+02
1.509449899999999900e+02 3.700000000000000000e+01
1.511099199999999882e+02 9.000000000000000000e+01
1.511459199999999896e+02 1.850000000000000000e+02
1.512024600000000021e+02 3.600000000000000000e+01
1.512094700000000103e+02 1.390000000000000000e+02
1.512330399999999884e+02 3.400000000000000000e+02
1.515008799999999951e+02 4.900000000000000000e+01
1.515116999999999905e+02 3.700000000000000000e+01
1.515326100000000054e+02 2.000000000000000000e+01
1.515554300000000012e+02 2.080000000000000000e+03
1.515680399999999963e+02 2.340000000000000000e+02
1.516666400000000010e+02 3.000000000000000000e+01
1.517164799999999900e+02 2.030000000000000000e+02
1.518664699999999925e+02 1.061000000000000000e+03
1.518915499999999952e+02 1.330000000000000000e+02
1.519074899999999957e+02 1.270000000000000000e+02
1.519167199999999980e+02 9.400000000000000000e+01
1.520503500000000088e+02 1.420000000000000000e+02
1.525041300000000035e+02 6.700000000000000000e+01
1.525263799999999890e+02 1.260000000000000000e+02
1.527859599999999887e+02 9.400000000000000000e+01
1.528445399999999950e+02 2.500000000000000000e+02
1.530570099999999911e+02 2.220000000000000000e+02
1.531026599999999860e+02 4.100000000000000000e+01
1.531561499999999967e+02 3.700000000000000000e+01
1.531635599999999897e+02 3.800000000000000000e+01
1.532916400000000010e+02 2.400000000000000000e+01
1.533296699999999930e+02 5.000000000000000000e+01
1.535960800000000006e+02 5.200000000000000000e+01
1.536390199999999879e+02 5.100000000000000000e+01
1.536520500000000027e+02 1.700000000000000000e+02
1.536835199999999872e+02 3.700000000000000000e+01
1.539040999999999997e+02 1.227000000000000000e+03
1.541209399999999903e+02 9.400000000000000000e+01
1.542254499999999950e+02 1.033000000000000000e+03
1.542602799999999945e+02 1.114000000000000000e+03
1.542658099999999877e+02 1.500000000000000000e+02
1.542978400000000079e+02 2.000000000000000000e+02
1.543134599999999921e+02 5.210000000000000000e+02
1.543206700000000069e+02 5.830000000000000000e+02
1.543522299999999916e+02 1.200000000000000000e+02
1.544518600000000106e+02 1.368000000000000000e+03
1.545580999999999960e+02 3.030000000000000000e+02
1.545971600000000024e+02 4.990000000000000000e+02
1.546337100000000078e+02 9.800000000000000000e+01
1.549680099999999925e+02 3.000000000000000000e+01
1.550380199999999888e+02 6.600000000000000000e+01
1.550436899999999980e+02 1.520000000000000000e+02
1.551696900000000028e+02 7.600000000000000000e+01
1.552309700000000134e+02 9.510000000000000000e+02
1.553706699999999898e+02 7.600000000000000000e+01
1.554319399999999973e+02 3.000000000000000000e+02
1.554563200000000052e+02 5.000000000000000000e+01
1.554604699999999866e+02 6.000000000000000000e+02
1.556208799999999997e+02 1.000000000000000000e+02
1.556879399999999976e+02 1.800000000000000000e+01
1.556956399999999974e+02 1.000000000000000000e+02
1.558234400000000051e+02 9.200000000000000000e+01
1.558288599999999917e+02 2.000000000000000000e+01
1.560062299999999880e+02 2.800000000000000000e+01
1.560524699999999996e+02 4.000000000000000000e+01
1.560955099999999902e+02 1.540000000000000000e+03
1.561279399999999953e+02 8.190000000000000000e+02
1.561769400000000019e+02 7.700000000000000000e+01
1.562851799999999969e+02 1.641000000000000000e+03
1.562851799999999969e+02 1.641000000000000000e+03
1.563148899999999912e+02 7.000000000000000000e+01
1.563305900000000008e+02 2.200000000000000000e+01
1.565090600000000052e+02 3.790000000000000000e+02
1.565176999999999907e+02 3.900000000000000000e+01
1.566784499999999980e+02 1.443000000000000000e+03
1.567177900000000079e+02 7.000000000000000000e+01
1.568700699999999983e+02 2.450000000000000000e+02
1.569975000000000023e+02 1.045000000000000000e+03
1.570577000000000112e+02 3.500000000000000000e+01
1.571151900000000126e+02 1.551000000000000000e+03
1.572815999999999974e+02 1.010000000000000000e+02
1.575674199999999985e+02 6.030000000000000000e+02
1.576763300000000072e+02 3.880000000000000000e+02
1.577196600000000046e+02 6.260000000000000000e+02
1.579508700000000090e+02 1.345000000000000000e+03
1.580130299999999863e+02 2.890000000000000000e+02
1.580889599999999859e+02 1.600000000000000000e+02
1.581232200000000034e+02 1.036000000000000000e+03
1.582372300000000109e+02 2.250000000000000000e+02
1.582742700000000013e+02 3.000000000000000000e+01
1.583599100000000135e+02 3.400000000000000000e+01
1.584338899999999910e+02 3.000000000000000000e+01
1.584809099999999944e+02 1.105000000000000000e+03
1.585160600000000102e+02 1.900000000000000000e+01
1.585388100000000122e+02 5.000000000000000000e+01
1.585449299999999937e+02 4.930000000000000000e+02
1.585779200000000060e+02 7.000000000000000000e+01
1.586101899999999887e+02 6.370000000000000000e+02
1.586179199999999980e+02 3.700000000000000000e+01
1.586660699999999906e+02 3.930000000000000000e+02
1.587206600000000094e+02 5.300000000000000000e+01
1.587611200000000053e+02 5.530000000000000000e+02
1.588637600000000134e+02 1.028000000000000000e+03
1.588894400000000076e+02 3.200000000000000000e+01
1.589314400000000091e+02 1.035000000000000000e+03
1.590772800000000018e+02 6.810000000000000000e+02
1.591073700000000031e+02 5.310000000000000000e+02
1.592456699999999898e+02 3.330000000000000000e+02
1.592456699999999898e+02 3.330000000000000000e+02
1.593069600000000037e+02 7.600000000000000000e+01
1.594173900000000117e+02 6.580000000000000000e+02
1.595038000000000125e+02 6.600000000000000000e+02
1.595313299999999970e+02 4.500000000000000000e+01
1.595919100000000128e+02 1.234000000000000000e+03
1.596881700000000137e+02 1.190000000000000000e+02
1.597238800000000083e+02 1.155000000000000000e+03
1.598542899999999918e+02 1.078000000000000000e+03
1.602408399999999915e+02 1.042000000000000000e+03
1.603991599999999949e+02 5.500000000000000000e+01
1.604210199999999986e+02 1.900000000000000000e+01
1.604421199999999885e+02 1.238000000000000000e+03
1.605295299999999941e+02 2.780000000000000000e+02
1.606443999999999903e+02 1.155000000000000000e+03
1.606478899999999896e+02 1.496000000000000000e+03
1.606728999999999985e+02 4.290000000000000000e+02
1.606806200000000047e+02 9.290000000000000000e+02
1.607865199999999959e+02 2.300000000000000000e+02
1.609054500000000019e+02 3.820000000000000000e+02
1.609105199999999911e+02 3.000000000000000000e+01
1.609333599999999933e+02 9.400000000000000000e+02
1.611359600000000114e+02 4.430000000000000000e+02
1.612795000000000130e+02 2.000000000000000000e+01
1.613681200000000047e+02 1.333000000000000000e+03
1.614924900000000036e+02 8.470000000000000000e+02
1.615438200000000109e+02 1.300000000000000000e+02
1.615523599999999931e+02 1.915000000000000000e+03
1.616153500000000065e+02 5.240000000000000000e+02
1.618137000000000114e+02 2.700000000000000000e+01
1.620865400000000136e+02 1.343000000000000000e+03
1.621140100000000075e+02 5.680000000000000000e+02
1.621252000000000066e+02 8.100000000000000000e+01
1.621953599999999938e+02 1.610000000000000000e+02
1.622057900000000075e+02 1.180000000000000000e+02
1.622560599999999909e+02 2.500000000000000000e+01
1.622892699999999877e+02 1.477000000000000000e+03
1.623359399999999937e+02 1.750000000000000000e+03
1.623513199999999870e+02 4.700000000000000000e+01
1.626061599999999885e+02 6.400000000000000000e+02
1.627519200000000126e+02 7.500000000000000000e+01
1.627621599999999944e+02 4.060000000000000000e+02
1.630322500000000048e+02 2.570000000000000000e+02
1.633038400000000081e+02 4.820000000000000000e+02
1.633224800000000130e+02 1.220000000000000000e+03
1.633442900000000009e+02 1.151000000000000000e+03
1.634637299999999982e+02 7.400000000000000000e+02
1.634924000000000035e+02 3.700000000000000000e+01
1.635123700000000042e+02 4.400000000000000000e+01
1.635345800000000054e+02 8.500000000000000000e+01
1.636618799999999965e+02 1.990000000000000000e+02
1.636841400000000135e+02 4.030000000000000000e+02
1.638509400000000085e+02 3.000000000000000000e+01
1.640191900000000089e+02 1.700000000000000000e+01
1.643788999999999874e+02 3.200000000000000000e+01
1.645444200000000023e+02 2.750000000000000000e+02
1.646409299999999973e+02 1.554000000000000000e+03
1.646849599999999896e+02 4.390000000000000000e+02
1.647673000000000059e+02 9.790000000000000000e+02
1.647999100000000112e+02 9.900000000000000000e+02
1.649084400000000130e+02 5.100000000000000000e+01
1.650803699999999878e+02 1.503000000000000000e+03
1.651802299999999946e+02 6.400000000000000000e+01
1.652089100000000030e+02 3.800000000000000000e+01
1.655465499999999963e+02 2.000000000000000000e+02
1.656032199999999932e+02 3.780000000000000000e+02
1.657315299999999922e+02 9.000000000000000000e+02
1.657841099999999983e+02 4.500000000000000000e+02
1.660144699999999887e+02 1.440000000000000000e+02
1.662141399999999862e+02 2.250000000000000000e+02
1.663024499999999932e+02 1.500000000000000000e+01
1.664649699999999939e+02 8.890000000000000000e+02
1.665606999999999971e+02 6.410000000000000000e+02
1.668050000000000068e+02 2.500000000000000000e+02
1.670325599999999895e+02 1.440000000000000000e+02
1.671412699999999916e+02 3.920000000000000000e+02
1.672181300000000022e+02 4.130000000000000000e+02
1.673272900000000050e+02 2.430000000000000000e+02
1.673837599999999952e+02 4.900000000000000000e+01
1.674101599999999905e+02 6.400000000000000000e+01
1.675832800000000020e+02 1.160000000000000000e+02
1.676565799999999911e+02 3.890000000000000000e+02
1.677231700000000103e+02 2.000000000000000000e+02
1.677405899999999974e+02 2.000000000000000000e+02
1.678296599999999899e+02 7.600000000000000000e+01
1.679833000000000141e+02 1.155000000000000000e+03
1.679833000000000141e+02 1.155000000000000000e+03
1.680294800000000066e+02 3.330000000000000000e+02
1.680704700000000003e+02 1.370000000000000000e+02
1.681138200000000040e+02 2.100000000000000000e+01
1.681210299999999904e+02 4.700000000000000000e+01
1.683680200000000013e+02 9.980000000000000000e+02
1.684346199999999953e+02 2.200000000000000000e+01
1.685157900000000097e+02 2.390000000000000000e+02
1.685498100000000079e+02 3.000000000000000000e+01
1.686658600000000092e+02 4.400000000000000000e+01
1.689066400000000101e+02 4.400000000000000000e+02
1.689420299999999884e+02 7.150000000000000000e+02
1.689499600000000044e+02 3.900000000000000000e+01
1.689649100000000033e+02 2.220000000000000000e+02
1.690232200000000091e+02 2.500000000000000000e+01
1.691177500000000009e+02 1.311000000000000000e+03
1.691517499999999927e+02 1.000000000000000000e+01
1.692230500000000006e+02 1.830000000000000000e+02
1.693021699999999896e+02 1.800000000000000000e+01
1.693149799999999914e+02 6.200000000000000000e+01
1.693657300000000134e+02 8.900000000000000000e+01
1.693743800000000022e+02 5.430000000000000000e+02
1.695681700000000092e+02 3.270000000000000000e+02
1.698331300000000113e+02 5.800000000000000000e+01
1.699012099999999919e+02 4.270000000000000000e+02
1.699694100000000105e+02 1.160000000000000000e+03
1.701279800000000080e+02 5.200000000000000000e+01
1.703454000000000121e+02 4.500000000000000000e+01
1.704643900000000087e+02 1.900000000000000000e+02
1.704871699999999919e+02 4.900000000000000000e+02
1.704978199999999902e+02 6.900000000000000000e+01
1.707605299999999886e+02 1.380000000000000000e+02
1.710789499999999919e+02 6.440000000000000000e+02
1.712098100000000045e+02 1.750000000000000000e+02
1.712223799999999869e+02 4.590000000000000000e+02
1.712280000000000086e+02 1.000000000000000000e+02
1.712301199999999994e+02 1.000000000000000000e+02
1.712555099999999868e+02 6.000000000000000000e+01
1.714913099999999986e+02 4.800000000000000000e+01
1.718337500000000091e+02 2.300000000000000000e+01
1.718447299999999984e+02 1.900000000000000000e+01
1.719191700000000083e+02 1.190000000000000000e+02
1.719956699999999898e+02 2.500000000000000000e+01
1.720500700000000052e+02 3.900000000000000000e+01
1.720802300000000002e+02 1.000000000000000000e+01
1.722112899999999911e+02 4.500000000000000000e+01
1.722271100000000104e+02 3.040000000000000000e+02
1.722518699999999967e+02 9.600000000000000000e+01
1.722864999999999895e+02 4.190000000000000000e+02
1.723958499999999958e+02 3.000000000000000000e+01
1.724270400000000052e+02 1.920000000000000000e+02
1.724843199999999968e+02 7.530000000000000000e+02
1.726628800000000012e+02 2.010000000000000000e+02
1.727286200000000065e+02 5.250000000000000000e+02
1.728717900000000043e+02 1.415000000000000000e+03
1.728950499999999977e+02 1.830000000000000000e+02
1.730168299999999988e+02 4.760000000000000000e+02
1.730487099999999998e+02 1.410000000000000000e+02
1.731149000000000058e+02 3.800000000000000000e+01
1.733287799999999947e+02 5.400000000000000000e+01
1.735659499999999866e+02 4.930000000000000000e+02
1.736134600000000034e+02 5.800000000000000000e+01
1.737972300000000132e+02 2.300000000000000000e+02
1.738036999999999921e+02 3.800000000000000000e+01
1.738202300000000093e+02 5.000000000000000000e+01
1.740199100000000101e+02 5.500000000000000000e+01
1.740299200000000042e+02 3.000000000000000000e+01
1.741110500000000059e+02 6.590000000000000000e+02
1.742342700000000093e+02 2.400000000000000000e+01
1.742588499999999954e+02 7.630000000000000000e+02
1.744141999999999939e+02 8.270000000000000000e+02
1.748440899999999942e+02 9.800000000000000000e+01
1.750207399999999893e+02 2.500000000000000000e+01
1.750784299999999973e+02 1.455000000000000000e+03
1.752272900000000107e+02 7.340000000000000000e+02
1.752977400000000046e+02 1.200000000000000000e+03
1.754409200000000055e+02 4.000000000000000000e+01
1.758912799999999947e+02 6.400000000000000000e+01
1.764215199999999868e+02 1.500000000000000000e+02
1.766244900000000086e+02 1.180000000000000000e+02
1.768011099999999942e+02 7.230000000000000000e+02
1.768565000000000111e+02 1.500000000000000000e+01
1.768735100000000102e+02 1.000000000000000000e+01
1.769151200000000017e+02 7.800000000000000000e+01
1.769200400000000002e+02 2.800000000000000000e+01
1.771166399999999896e+02 3.100000000000000000e+01
1.772454700000000116e+02 3.400000000000000000e+01
1.773945200000000000e+02 1.500000000000000000e+02
1.773986299999999972e+02 2.410000000000000000e+02
1.774980899999999906e+02 1.041000000000000000e+03
1.775096499999999935e+02 8.000000000000000000e+01
1.776662699999999973e+02 2.200000000000000000e+01
1.779575900000000104e+02 7.100000000000000000e+01
1.780349899999999934e+02 1.271000000000000000e+03
1.781780899999999974e+02 1.600000000000000000e+01
1.783439500000000066e+02 5.700000000000000000e+02
1.783737600000000043e+02 7.000000000000000000e+01
1.783779999999999859e+02 4.000000000000000000e+01
1.784929300000000012e+02 3.900000000000000000e+02
1.785240000000000009e+02 1.012000000000000000e+03
1.787142800000000022e+02 4.740000000000000000e+02
1.788259400000000028e+02 5.900000000000000000e+01
1.790003600000000006e+02 1.830000000000000000e+02
1.790528400000000033e+02 4.000000000000000000e+01
1.790703599999999938e+02 4.410000000000000000e+02
1.791099800000000073e+02 1.000000000000000000e+01
1.791479300000000023e+02 3.300000000000000000e+01
1.792129400000000032e+02 2.400000000000000000e+01
1.792885400000000118e+02 2.250000000000000000e+02
1.793725300000000118e+02 2.000000000000000000e+01
1.794002199999999903e+02 2.170000000000000000e+02
1.795262400000000014e+02 1.220000000000000000e+02
1.799011500000000012e+02 1.319000000000000000e+03
1.801125600000000020e+02 6.110000000000000000e+02
1.802301999999999964e+02 7.200000000000000000e+01
1.803547100000000114e+02 1.600000000000000000e+01
1.803765099999999961e+02 1.703000000000000000e+03
1.805163300000000106e+02 4.270000000000000000e+02
1.806036900000000003e+02 2.800000000000000000e+01
1.807295100000000048e+02 3.000000000000000000e+02
1.811697000000000060e+02 2.900000000000000000e+01
1.813258600000000058e+02 1.056000000000000000e+03
1.816484600000000000e+02 3.580000000000000000e+02
1.816624099999999942e+02 1.161000000000000000e+03
1.821476000000000113e+02 7.100000000000000000e+01
1.822296100000000081e+02 4.440000000000000000e+02
1.825281300000000044e+02 3.800000000000000000e+01
1.825449700000000064e+02 9.880000000000000000e+02
1.826764400000000137e+02 3.880000000000000000e+02
1.828689099999999996e+02 8.000000000000000000e+01
1.829752200000000073e+02 8.900000000000000000e+01
1.829932399999999859e+02 2.500000000000000000e+01
1.830133299999999963e+02 1.065000000000000000e+03
1.830838899999999967e+02 1.328000000000000000e+03
1.830953199999999867e+02 3.000000000000000000e+01
1.831560800000000029e+02 8.800000000000000000e+02
1.833370099999999923e+02 2.600000000000000000e+02
1.834590900000000033e+02 8.000000000000000000e+01
1.834809899999999914e+02 7.740000000000000000e+02
1.835533399999999915e+02 1.250000000000000000e+02
1.836729599999999891e+02 2.300000000000000000e+01
1.838325700000000040e+02 2.190000000000000000e+02
1.839011700000000076e+02 1.400000000000000000e+01
1.840262700000000109e+02 2.720000000000000000e+02
1.840672999999999888e+02 6.100000000000000000e+01
1.842036200000000008e+02 2.600000000000000000e+01
1.843300800000000095e+02 1.300000000000000000e+01
1.845309000000000026e+02 4.700000000000000000e+01
1.848454800000000091e+02 5.300000000000000000e+01
1.850273899999999969e+02 1.130000000000000000e+02
1.851793099999999868e+02 2.500000000000000000e+01
1.852488999999999919e+02 1.210000000000000000e+02
1.853967600000000004e+02 3.100000000000000000e+02
1.854550399999999968e+02 3.500000000000000000e+02
1.855059799999999939e+02 2.190000000000000000e+02
1.855317900000000009e+02 3.160000000000000000e+02
1.856784800000000075e+02 8.860000000000000000e+02
1.857349100000000135e+02 1.900000000000000000e+01
1.858851899999999944e+02 6.500000000000000000e+01
1.859878799999999899e+02 7.700000000000000000e+01
1.863169100000000071e+02 4.070000000000000000e+02
1.863509999999999991e+02 1.210000000000000000e+02
1.863680699999999888e+02 5.900000000000000000e+01
1.865811600000000112e+02 7.510000000000000000e+02
1.865918599999999969e+02 2.700000000000000000e+01
1.866679000000000030e+02 9.800000000000000000e+01
1.867034400000000005e+02 3.300000000000000000e+01
1.869141999999999939e+02 9.700000000000000000e+01
1.870328900000000090e+02 1.400000000000000000e+01
1.872848299999999995e+02 1.900000000000000000e+01
1.874736300000000142e+02 1.280000000000000000e+02
1.875407999999999902e+02 1.270000000000000000e+03
1.875711599999999919e+02 1.590000000000000000e+02
1.876805999999999983e+02 2.300000000000000000e+01
1.877191899999999976e+02 2.700000000000000000e+01
1.877708399999999926e+02 1.080000000000000000e+02
1.878782600000000116e+02 7.830000000000000000e+02
1.880369799999999998e+02 6.300000000000000000e+01
1.880654999999999859e+02 8.700000000000000000e+01
1.882659400000000005e+02 9.530000000000000000e+02
1.884441400000000044e+02 2.000000000000000000e+01
1.885534100000000137e+02 5.100000000000000000e+02
1.886432200000000137e+02 2.500000000000000000e+01
1.886659400000000062e+02 5.350000000000000000e+02
1.890170999999999992e+02 7.400000000000000000e+01
1.891207400000000121e+02 3.500000000000000000e+01
1.892267899999999941e+02 7.200000000000000000e+01
1.895555400000000077e+02 9.260000000000000000e+02
1.897512600000000020e+02 9.180000000000000000e+02
1.898815999999999917e+02 4.400000000000000000e+01
1.899798800000000085e+02 1.900000000000000000e+01
1.900982700000000136e+02 1.080000000000000000e+02
1.902253100000000074e+02 1.257000000000000000e+03
1.902794299999999907e+02 1.640000000000000000e+02
1.903852799999999945e+02 9.420000000000000000e+02
1.904484199999999987e+02 2.500000000000000000e+01
1.904613600000000133e+02 9.500000000000000000e+02
1.906314999999999884e+02 3.740000000000000000e+02
1.907404999999999973e+02 2.200000000000000000e+01
1.908045500000000061e+02 1.090000000000000000e+02
1.908435399999999902e+02 4.800000000000000000e+01
1.908894400000000076e+02 2.230000000000000000e+02
1.910048700000000110e+02 9.330000000000000000e+02
1.911806500000000142e+02 4.610000000000000000e+02
1.911962200000000109e+02 1.300000000000000000e+02
1.912595300000000123e+02 4.300000000000000000e+01
1.913831999999999880e+02 8.810000000000000000e+02
1.915319900000000075e+02 9.500000000000000000e+01
1.915857599999999934e+02 2.890000000000000000e+02
1.916213899999999910e+02 1.344000000000000000e+03
1.916938399999999945e+02 1.435000000000000000e+03
1.919110499999999888e+02 8.480000000000000000e+02
1.919716799999999921e+02 9.500000000000000000e+01
1.920278800000000103e+02 1.600000000000000000e+01
1.920446900000000028e+02 1.600000000000000000e+01
1.921011799999999994e+02 2.000000000000000000e+01
1.921980299999999886e+02 5.750000000000000000e+02
1.923663899999999956e+02 1.084000000000000000e+03
1.925461999999999989e+02 4.400000000000000000e+01
1.926591200000000015e+02 4.600000000000000000e+01
1.927912300000000130e+02 1.273000000000000000e+03
1.929308800000000019e+02 2.500000000000000000e+01
1.930409199999999998e+02 2.860000000000000000e+02
1.931700400000000002e+02 9.450000000000000000e+02
1.934300399999999911e+02 1.200000000000000000e+02
1.936083000000000141e+02 2.660000000000000000e+02
1.937357800000000054e+02 2.790000000000000000e+02
1.937633999999999901e+02 2.000000000000000000e+01
1.941553399999999954e+02 4.300000000000000000e+02
1.942671799999999962e+02 2.900000000000000000e+01
1.943598599999999976e+02 6.110000000000000000e+02
1.943598599999999976e+02 6.110000000000000000e+02
1.946413100000000043e+02 5.350000000000000000e+02
1.946789400000000114e+02 1.900000000000000000e+01
1.949095700000000022e+02 2.200000000000000000e+01
1.952243300000000090e+02 9.230000000000000000e+02
1.952931499999999971e+02 2.000000000000000000e+01
1.953028099999999938e+02 2.300000000000000000e+01
1.957234300000000076e+02 1.410000000000000000e+02
1.957865700000000118e+02 2.300000000000000000e+01
1.959294099999999901e+02 4.150000000000000000e+02
1.960030999999999892e+02 3.200000000000000000e+01
1.964576999999999884e+02 1.570000000000000000e+02
1.967354400000000112e+02 2.390000000000000000e+02
1.968379300000000001e+02 1.800000000000000000e+01
1.968714600000000132e+02 8.300000000000000000e+01
1.970389199999999903e+02 2.200000000000000000e+01
1.971640099999999904e+02 2.390000000000000000e+02
1.972979400000000112e+02 8.060000000000000000e+02
1.976592599999999891e+02 3.600000000000000000e+01
1.977234300000000076e+02 2.470000000000000000e+02
1.978076800000000048e+02 2.000000000000000000e+01
1.979120599999999968e+02 3.600000000000000000e+01
1.980105900000000076e+02 5.550000000000000000e+02
1.980422700000000020e+02 5.310000000000000000e+02
1.981590899999999920e+02 4.350000000000000000e+02
1.987795700000000068e+02 1.500000000000000000e+01
1.989499600000000044e+02 1.000000000000000000e+02
1.992011099999999999e+02 2.100000000000000000e+01
1.994650100000000066e+02 8.300000000000000000e+01
1.996424599999999998e+02 7.110000000000000000e+02
1.997196700000000078e+02 1.800000000000000000e+01
2.001792100000000119e+02 2.320000000000000000e+02
2.002100000000000080e+02 9.600000000000000000e+03
2.003061199999999928e+02 4.640000000000000000e+02
2.004379999999999882e+02 1.300000000000000000e+04
2.005346000000000117e+02 8.810000000000000000e+02
2.006096599999999910e+02 1.500000000000000000e+01
2.007373299999999858e+02 3.200000000000000000e+01
2.010341600000000142e+02 4.810000000000000000e+02
2.010800000000000125e+02 1.700000000000000000e+04
2.014690200000000004e+02 4.600000000000000000e+01
2.014690200000000004e+02 4.600000000000000000e+01
2.017795000000000130e+02 2.100000000000000000e+01
2.018599700000000041e+02 3.670000000000000000e+02
2.018660900000000140e+02 8.300000000000000000e+01
2.018789999999999907e+02 2.900000000000000000e+04
2.020361800000000017e+02 4.300000000000000000e+01
2.022255600000000015e+02 2.510000000000000000e+02
2.022564999999999884e+02 1.400000000000000000e+01
2.023410000000000082e+02 1.400000000000000000e+04
2.025139000000000067e+02 1.900000000000000000e+01
2.028880000000000052e+02 1.400000000000000000e+04
2.028893700000000138e+02 2.000000000000000000e+01
2.035089999999999861e+02 1.800000000000000000e+04
2.037260300000000086e+02 1.940000000000000000e+02
2.038357699999999966e+02 6.400000000000000000e+01
2.039129299999999887e+02 4.100000000000000000e+01
2.042274700000000109e+02 2.850000000000000000e+02
2.044655099999999948e+02 1.040000000000000000e+02
2.045195600000000127e+02 1.400000000000000000e+01
2.046020000000000039e+02 2.600000000000000000e+04
2.059350000000000023e+02 8.600000000000000000e+03
2.059439999999999884e+02 0.000000000000000000e+00
2.062350000000000136e+02 1.300000000000000000e+04
2.065680199999999900e+02 2.900000000000000000e+01
2.067870000000000061e+02 7.800000000000000000e+03
2.071330000000000098e+02 4.200000000000000000e+03
2.071938399999999945e+02 6.200000000000000000e+01
2.073157999999999959e+02 9.500000000000000000e+01
2.077609999999999957e+02 7.200000000000000000e+03
2.080629999999999882e+02 1.400000000000000000e+04
2.083199999999999932e+02 2.900000000000000000e+03
2.089689999999999941e+02 2.900000000000000000e+03
2.089869999999999948e+02 2.900000000000000000e+03
2.098269999999999982e+02 6.000000000000000000e+03
2.101299999999999955e+02 5.300000000000000000e+03
2.118329999999999984e+02 2.100000000000000000e+03
2.118629999999999995e+02 4.800000000000000000e+03
2.124509999999999934e+02 1.900000000000000000e+03
2.137779999999999916e+02 5.300000000000000000e+03
2.155269999999999868e+02 2.600000000000000000e+03
2.158520000000000039e+02 1.300000000000000000e+03
2.159209999999999923e+02 1.200000000000000000e+03
2.167580000000000098e+02 3.100000000000000000e+03
2.168429999999999893e+02 1.100000000000000000e+03
2.172330000000000041e+02 2.100000000000000000e+03
2.185360000000000014e+02 9.600000000000000000e+02
2.195080000000000098e+02 8.400000000000000000e+02
2.203180000000000121e+02 7.600000000000000000e+02
2.228669999999999902e+02 6.000000000000000000e+02
2.235300000000000011e+02 1.100000000000000000e+03
2.252849999999999966e+02 1.300000000000000000e+03
2.256550000000000011e+02 2.000000000000000000e+03
2.265300000000000011e+02 1.400000000000000000e+03
2.268979999999999961e+02 3.600000000000000000e+02
2.270869999999999891e+02 9.600000000000000000e+02
2.282959999999999923e+02 1.400000000000000000e+03
2.284370000000000118e+02 8.400000000000000000e+02
2.290029999999999859e+02 5.700000000000000000e+02
2.298019999999999925e+02 3.800000000000000000e+02
2.309019999999999868e+02 6.600000000000000000e+02
2.314459999999999980e+02 1.900000000000000000e+02
2.320889999999999986e+02 5.500000000000000000e+02
2.324689999999999941e+02 3.100000000000000000e+02
2.324950000000000045e+02 6.600000000000000000e+02
2.327700000000000102e+02 3.300000000000000000e+02
2.335279999999999916e+02 3.100000000000000000e+02
2.337520000000000095e+02 7.200000000000000000e+02
2.339350000000000023e+02 4.300000000000000000e+02
2.341409999999999911e+02 2.900000000000000000e+02
2.344459999999999980e+02 4.300000000000000000e+02
2.346469999999999914e+02 2.600000000000000000e+02
2.348100000000000023e+02 4.300000000000000000e+02
2.350949999999999989e+02 2.300000000000000000e+02
2.353710000000000093e+02 3.600000000000000000e+02
2.355999999999999943e+02 1.200000000000000000e+02
2.357640000000000100e+02 2.400000000000000000e+02
2.357969999999999970e+02 2.400000000000000000e+02
2.363129999999999882e+02 3.100000000000000000e+02
2.363489999999999895e+02 9.000000000000000000e+02
2.368069999999999879e+02 5.000000000000000000e+02
2.369960000000000093e+02 2.900000000000000000e+02
2.371419999999999959e+02 5.000000000000000000e+02
2.371899999999999977e+02 4.800000000000000000e+02
2.375780000000000030e+02 9.500000000000000000e+01
2.377760000000000105e+02 2.600000000000000000e+03
2.378340000000000032e+02 2.600000000000000000e+02
2.380120000000000005e+02 9.000000000000000000e+02
2.385349999999999966e+02 2.400000000000000000e+02
2.388019999999999925e+02 1.700000000000000000e+03
2.395020000000000095e+02 3.300000000000000000e+02
2.396119999999999948e+02 2.900000000000000000e+02
2.396610000000000014e+02 1.100000000000000000e+03
2.397510000000000048e+02 2.200000000000000000e+02
2.401860000000000070e+02 9.600000000000000000e+02
2.402959999999999923e+02 2.600000000000000000e+02
2.404269999999999925e+02 2.000000000000000000e+02
2.404579999999999984e+02 3.300000000000000000e+02
2.405809999999999889e+02 9.500000000000000000e+01
2.406179999999999950e+02 2.900000000000000000e+02
2.406690000000000111e+02 2.000000000000000000e+02
2.409399999999999977e+02 3.600000000000000000e+02
2.411709999999999923e+02 2.400000000000000000e+02
2.415250000000000057e+02 2.900000000000000000e+02
2.418720000000000141e+02 5.300000000000000000e+02
2.419259999999999877e+02 5.300000000000000000e+02
2.420759999999999934e+02 9.500000000000000000e+01
2.423810000000000002e+02 2.000000000000000000e+02
2.424759999999999991e+02 7.000000000000000000e+01
2.425300000000000011e+02 5.000000000000000000e+02
2.425709999999999980e+02 1.400000000000000000e+03
2.427549999999999955e+02 2.400000000000000000e+02
2.428640000000000043e+02 7.000000000000000000e+01
2.431930000000000121e+02 3.800000000000000000e+02
2.432350000000000136e+02 3.800000000000000000e+02
2.446759999999999877e+02 3.600000000000000000e+02
2.451479999999999961e+02 9.000000000000000000e+02
2.452470000000000141e+02 5.300000000000000000e+02
2.454639999999999986e+02 5.300000000000000000e+02
2.455649999999999977e+02 1.100000000000000000e+02
2.457199999999999989e+02 5.300000000000000000e+02
2.462160000000000082e+02 1.800000000000000000e+03
2.469650000000000034e+02 1.100000000000000000e+02
2.473029999999999973e+02 2.900000000000000000e+02
2.475529999999999973e+02 2.900000000000000000e+02
2.477589999999999861e+02 9.000000000000000000e+02
2.483180000000000121e+02 3.600000000000000000e+02
2.486990000000000123e+02 5.300000000000000000e+02
2.489300000000000068e+02 4.500000000000000000e+03
2.491769999999999925e+02 2.900000000000000000e+02
2.492439999999999998e+02 2.900000000000000000e+02
2.493170000000000073e+02 3.600000000000000000e+02
2.499159999999999968e+02 2.600000000000000000e+03
2.500670000000000073e+02 3.300000000000000000e+02
2.503040000000000020e+02 3.300000000000000000e+02
2.505140000000000100e+02 5.000000000000000000e+02
2.505260000000000105e+02 2.600000000000000000e+02
2.507940000000000111e+02 3.500000000000000000e+01
2.510469999999999970e+02 7.000000000000000000e+01
2.513629999999999995e+02 6.600000000000000000e+02
2.514010000000000105e+02 2.400000000000000000e+03
2.515800000000000125e+02 6.600000000000000000e+02
2.518679999999999950e+02 5.000000000000000000e+02
2.519199999999999875e+02 6.600000000000000000e+02
2.520049999999999955e+02 2.000000000000000000e+02
2.520550000000000068e+02 3.300000000000000000e+02
2.533199999999999932e+02 2.000000000000000000e+02
2.538760000000000048e+02 7.800000000000000000e+02
2.538859999999999957e+02 2.400000000000000000e+02
2.543269999999999982e+02 1.000000000000000000e+03
2.549600000000000080e+02 3.000000000000000000e+01
2.555229999999999961e+02 3.100000000000000000e+02
2.563929999999999723e+02 1.900000000000000000e+02
2.567259999999999991e+02 6.000000000000000000e+02
2.567649999999999864e+02 2.900000000000000000e+02
2.569599999999999795e+02 4.800000000000000000e+02
2.572549999999999955e+02 3.400000000000000000e+02
2.579089999999999918e+02 1.500000000000000000e+02
2.580799999999999841e+02 1.300000000000000000e+02
2.581820000000000164e+02 3.600000000000000000e+02
2.582730000000000246e+02 7.400000000000000000e+02
2.591530000000000200e+02 1.000000000000000000e+03
2.592760000000000105e+02 2.000000000000000000e+02
2.596779999999999973e+02 1.700000000000000000e+02
2.609979999999999905e+02 2.100000000000000000e+02
2.610339999999999918e+02 3.800000000000000000e+02
2.611560000000000059e+02 4.000000000000000000e+02
2.613410000000000082e+02 4.700000000000000000e+02
2.613840000000000146e+02 1.800000000000000000e+03
2.620720000000000027e+02 8.000000000000000000e+02
2.621399999999999864e+02 2.300000000000000000e+02
2.622599999999999909e+02 5.300000000000000000e+02
2.629259999999999877e+02 3.800000000000000000e+02
2.631999999999999886e+02 2.700000000000000000e+01
2.637919999999999732e+02 3.800000000000000000e+03
2.644900000000000091e+02 1.900000000000000000e+03
2.647679999999999723e+02 3.400000000000000000e+02
2.648519999999999754e+02 3.800000000000000000e+02
2.650129999999999768e+02 3.800000000000000000e+02
2.657470000000000141e+02 4.900000000000000000e+02
2.659390000000000214e+02 1.900000000000000000e+03
2.660620000000000118e+02 6.400000000000000000e+02
2.661970000000000027e+02 3.800000000000000000e+02
2.665079999999999814e+02 4.000000000000000000e+01
2.675360000000000014e+02 5.800000000000000000e+02
2.675670000000000073e+02 4.000000000000000000e+02
2.690620000000000118e+02 2.100000000000000000e+03
2.700389999999999873e+02 5.100000000000000000e+02
2.707500000000000000e+02 5.800000000000000000e+02
2.715439999999999827e+02 3.000000000000000000e+03
2.716159999999999854e+02 5.800000000000000000e+02
2.720849999999999795e+02 1.300000000000000000e+03
2.722669999999999959e+02 8.500000000000000000e+02
2.731419999999999959e+02 5.800000000000000000e+02
2.732169999999999845e+02 4.000000000000000000e+01
2.733609999999999900e+02 5.800000000000000000e+02
2.762239999999999895e+02 6.900000000000000000e+02
2.764089999999999918e+02 4.700000000000000000e+02
2.765860000000000127e+02 3.400000000000000000e+02
2.771530000000000200e+02 9.600000000000000000e+02
2.777730000000000246e+02 3.000000000000000000e+02
2.783369999999999891e+02 7.400000000000000000e+02
2.784700000000000273e+02 4.000000000000000000e+01
2.787130000000000223e+02 6.400000000000000000e+02
2.794809999999999945e+02 2.300000000000000000e+02
2.795009999999999764e+02 2.300000000000000000e+02
2.797549999999999955e+02 5.300000000000000000e+02
2.804900000000000091e+02 3.200000000000000000e+02
2.807740000000000009e+02 2.800000000000000000e+03
2.809769999999999754e+02 4.700000000000000000e+02
2.814669999999999845e+02 4.200000000000000000e+02
2.815029999999999859e+02 7.400000000000000000e+02
2.816610000000000014e+02 3.000000000000000000e+02
2.830099999999999909e+02 4.200000000000000000e+02
2.838249999999999886e+02 2.300000000000000000e+02
2.838999999999999773e+02 4.700000000000000000e+02
2.839460000000000264e+02 5.100000000000000000e+03
2.842440000000000282e+02 7.400000000000000000e+02
2.845240000000000009e+02 2.300000000000000000e+03
2.847230000000000132e+02 4.200000000000000000e+02
2.849089999999999918e+02 4.200000000000000000e+02
2.851600000000000250e+02 1.500000000000000000e+03
2.861800000000000068e+02 1.500000000000000000e+03
2.864209999999999923e+02 3.500000000000000000e+01
2.875799999999999841e+02 3.600000000000000000e+02
2.879239999999999782e+02 3.000000000000000000e+02
2.880230000000000246e+02 3.500000000000000000e+01
2.881039999999999850e+02 3.000000000000000000e+01
2.896909999999999741e+02 2.600000000000000000e+02
2.909909999999999854e+02 9.600000000000000000e+03
2.913179999999999836e+02 2.100000000000000000e+03
2.918109999999999786e+02 5.300000000000000000e+02
2.920640000000000214e+02 2.100000000000000000e+03
2.926429999999999723e+02 3.000000000000000000e+02
2.930369999999999777e+02 3.600000000000000000e+02
2.932139999999999986e+02 5.100000000000000000e+02
2.935500000000000114e+02 2.600000000000000000e+02
2.943709999999999809e+02 2.000000000000000000e+02
2.949089999999999918e+02 1.100000000000000000e+03
2.950389999999999873e+02 1.400000000000000000e+03
2.950670000000000073e+02 2.100000000000000000e+02
2.961870000000000118e+02 3.000000000000000000e+02
2.963020000000000209e+02 5.300000000000000000e+02
2.964929999999999950e+02 4.500000000000000000e+02
2.971840000000000259e+02 7.400000000000000000e+02
2.978509999999999991e+02 4.500000000000000000e+02
2.983770000000000095e+02 5.100000000000000000e+02
2.998519999999999754e+02 2.600000000000000000e+02
3.013949999999999818e+02 3.300000000000000000e+02
3.018129999999999882e+02 5.700000000000000000e+02
3.018919999999999959e+02 4.400000000000000000e+03
3.020260000000000105e+02 4.800000000000000000e+02
3.031580000000000155e+02 1.100000000000000000e+03
3.041779999999999973e+02 2.900000000000000000e+03
3.043629999999999995e+02 1.200000000000000000e+02
3.044390000000000214e+02 2.100000000000000000e+02
3.050350000000000250e+02 2.300000000000000000e+02
3.051279999999999859e+02 2.100000000000000000e+02
3.059549999999999841e+02 8.600000000000000000e+03
3.061190000000000282e+02 2.900000000000000000e+02
3.063079999999999927e+02 5.700000000000000000e+02
3.070830000000000268e+02 2.100000000000000000e+02
3.074970000000000141e+02 3.600000000000000000e+02
3.075849999999999795e+02 2.900000000000000000e+02
3.078330000000000268e+02 2.900000000000000000e+02
3.078609999999999900e+02 1.100000000000000000e+03
3.078999999999999773e+02 3.600000000000000000e+02
3.079270000000000209e+02 2.300000000000000000e+02
3.090980000000000132e+02 2.300000000000000000e+02
3.094490000000000123e+02 2.700000000000000000e+02
3.102429999999999950e+02 3.100000000000000000e+02
3.106890000000000214e+02 3.600000000000000000e+02
3.109879999999999995e+02 3.100000000000000000e+02
3.110280000000000200e+02 6.200000000000000000e+02
3.111990000000000123e+02 2.500000000000000000e+02
3.119230000000000018e+02 3.100000000000000000e+02
3.132029999999999745e+02 4.800000000000000000e+02
3.153580000000000041e+02 2.500000000000000000e+02
3.154519999999999982e+02 2.900000000000000000e+02
3.157160000000000082e+02 3.100000000000000000e+03
3.157690000000000055e+02 2.500000000000000000e+02
3.167429999999999950e+02 3.100000000000000000e+02
3.174850000000000136e+02 1.800000000000000000e+02
3.178980000000000246e+02 4.200000000000000000e+02
3.182799999999999727e+02 2.300000000000000000e+02
3.186250000000000000e+02 2.300000000000000000e+02
3.187900000000000205e+02 3.100000000000000000e+02
3.190380000000000109e+02 3.100000000000000000e+02
3.195149999999999864e+02 3.100000000000000000e+02
3.214239999999999782e+02 1.500000000000000000e+02
3.232989999999999782e+02 1.900000000000000000e+03
3.239560000000000173e+02 2.900000000000000000e+02
3.241979999999999791e+02 1.900000000000000000e+02
3.248940000000000055e+02 1.200000000000000000e+02
3.255849999999999795e+02 1.900000000000000000e+02
3.257860000000000014e+02 1.900000000000000000e+02
3.261240000000000236e+02 1.900000000000000000e+02
3.263229999999999791e+02 3.100000000000000000e+03
3.263690000000000282e+02 3.800000000000000000e+02
3.268879999999999768e+02 3.100000000000000000e+03
3.270149999999999864e+02 6.200000000000000000e+02
3.273100000000000023e+02 1.900000000000000000e+02
3.276139999999999759e+02 5.300000000000000000e+02
3.278910000000000196e+02 3.300000000000000000e+02
3.289789999999999850e+02 1.900000000000000000e+02
3.291209999999999809e+02 1.200000000000000000e+03
3.302509999999999764e+02 7.600000000000000000e+03
3.307180000000000177e+02 2.500000000000000000e+02
3.311859999999999786e+02 6.200000000000000000e+02
3.316370000000000005e+02 1.200000000000000000e+02
3.325289999999999964e+02 2.500000000000000000e+02
3.328380000000000223e+02 3.100000000000000000e+02
3.337110000000000127e+02 9.600000000000000000e+02
3.352699999999999818e+02 1.100000000000000000e+02
3.358929999999999723e+02 2.300000000000000000e+02
3.362119999999999891e+02 2.500000000000000000e+02
3.365090000000000146e+02 1.900000000000000000e+02
3.371170000000000186e+02 1.200000000000000000e+02
3.371560000000000059e+02 9.600000000000000000e+02
3.373050000000000068e+02 1.600000000000000000e+02
3.379649999999999750e+02 1.200000000000000000e+02
3.384970000000000141e+02 3.100000000000000000e+02
3.386909999999999741e+02 1.900000000000000000e+02
3.388809999999999718e+02 6.200000000000000000e+02
3.402149999999999750e+02 1.200000000000000000e+02
3.402839999999999918e+02 6.200000000000000000e+02
3.403489999999999895e+02 2.500000000000000000e+02
3.409739999999999895e+02 1.200000000000000000e+02
3.413720000000000141e+02 1.200000000000000000e+02
3.422669999999999959e+02 1.200000000000000000e+02
3.428650000000000091e+02 1.500000000000000000e+02
3.441589999999999918e+02 2.500000000000000000e+02
3.445450000000000159e+02 1.200000000000000000e+02
3.446539999999999964e+02 1.600000000000000000e+02
3.450190000000000055e+02 3.100000000000000000e+02
3.459370000000000118e+02 1.200000000000000000e+02
3.466429999999999723e+02 1.200000000000000000e+02
3.479529999999999745e+02 1.200000000000000000e+02
3.483109999999999786e+02 1.200000000000000000e+02
3.488460000000000036e+02 1.200000000000000000e+02
3.499540000000000077e+02 1.600000000000000000e+02
3.502160000000000082e+02 2.500000000000000000e+02
3.505659999999999741e+02 6.200000000000000000e+02
3.513990000000000009e+02 4.400000000000000000e+02
3.519730000000000132e+02 3.100000000000000000e+02
3.521009999999999991e+02 1.200000000000000000e+02
3.524649999999999750e+02 4.800000000000000000e+02
3.527049999999999841e+02 1.200000000000000000e+02
3.529610000000000127e+02 1.200000000000000000e+03
3.531070000000000277e+02 2.300000000000000000e+02
3.533809999999999718e+02 2.300000000000000000e+02
3.534420000000000073e+02 1.200000000000000000e+02
3.543720000000000141e+02 2.300000000000000000e+02
3.560810000000000173e+02 9.600000000000000000e+02
3.561879999999999882e+02 1.200000000000000000e+03
3.563360000000000127e+02 1.200000000000000000e+02
3.570799999999999841e+02 3.100000000000000000e+02
3.575099999999999909e+02 1.200000000000000000e+02
3.588340000000000032e+02 1.200000000000000000e+02
3.599139999999999873e+02 6.200000000000000000e+02
3.602860000000000014e+02 1.900000000000000000e+02
3.605509999999999877e+02 9.500000000000000000e+01
3.617599999999999909e+02 2.500000000000000000e+02
3.620459999999999923e+02 1.200000000000000000e+02
3.641370000000000005e+02 4.500000000000000000e+02
3.655529999999999973e+02 2.300000000000000000e+02
3.657939999999999827e+02 3.300000000000000000e+02
3.667350000000000136e+02 1.200000000000000000e+02
3.671940000000000168e+02 4.800000000000000000e+02
3.676499999999999773e+02 1.200000000000000000e+02
3.690110000000000241e+02 2.500000000000000000e+02
3.704300000000000068e+02 1.900000000000000000e+02
3.707610000000000241e+02 1.200000000000000000e+02
3.710199999999999818e+02 1.200000000000000000e+02
3.714789999999999850e+02 2.300000000000000000e+02
3.720579999999999927e+02 2.100000000000000000e+02
3.721190000000000282e+02 2.300000000000000000e+02
3.747529999999999859e+02 1.800000000000000000e+02
3.753589999999999804e+02 3.700000000000000000e+03
3.758190000000000168e+02 1.000000000000000000e+02
3.767370000000000232e+02 1.300000000000000000e+02
3.769209999999999923e+02 1.200000000000000000e+02
3.775470000000000255e+02 1.200000000000000000e+02
3.775690000000000168e+02 1.100000000000000000e+02
3.777320000000000277e+02 1.200000000000000000e+02
3.778059999999999832e+02 2.900000000000000000e+02
3.783269999999999982e+02 2.100000000000000000e+03
3.791220000000000141e+02 6.200000000000000000e+02
3.791809999999999832e+02 1.800000000000000000e+02
3.794990000000000236e+02 3.700000000000000000e+02
3.837149999999999750e+02 2.500000000000000000e+02
3.841390000000000100e+02 1.500000000000000000e+02
3.842379999999999995e+02 1.500000000000000000e+02
3.851030000000000086e+02 1.900000000000000000e+02
3.858179999999999836e+02 2.300000000000000000e+02
3.866569999999999823e+02 2.300000000000000000e+02
3.877869999999999777e+02 7.300000000000000000e+02
3.882959999999999923e+02 2.500000000000000000e+02
3.901490000000000009e+02 1.400000000000000000e+02
3.902819999999999823e+02 1.900000000000000000e+02
3.931109999999999900e+02 1.000000000000000000e+02
3.939700000000000273e+02 2.500000000000000000e+02
3.950899999999999750e+02 1.000000000000000000e+02
3.962139999999999986e+02 2.000000000000000000e+02
3.964750000000000227e+02 1.000000000000000000e+03
3.966080000000000041e+02 1.000000000000000000e+02
3.970790000000000077e+02 1.500000000000000000e+02
3.976560000000000059e+02 1.100000000000000000e+02
3.978360000000000127e+02 7.300000000000000000e+02
3.989309999999999832e+02 1.000000000000000000e+02
4.004610000000000127e+02 1.500000000000000000e+02
4.005149999999999864e+02 1.000000000000000000e+02
4.006290000000000191e+02 1.500000000000000000e+02
4.019399999999999977e+02 1.600000000000000000e+02
4.038980000000000246e+02 1.000000000000000000e+02
4.043059999999999832e+02 2.800000000000000000e+02
4.049189999999999827e+02 1.600000000000000000e+02
4.067839999999999918e+02 9.600000000000000000e+02
4.072010000000000218e+02 2.500000000000000000e+02
4.072710000000000150e+02 1.900000000000000000e+02
4.075830000000000268e+02 2.300000000000000000e+02
4.092970000000000255e+02 4.900000000000000000e+02
4.101460000000000150e+02 1.200000000000000000e+02
4.113179999999999836e+02 1.200000000000000000e+03
4.125760000000000218e+02 1.800000000000000000e+02
4.130120000000000005e+02 1.800000000000000000e+02
4.136949999999999932e+02 2.500000000000000000e+03
4.139010000000000105e+02 1.500000000000000000e+02
4.173750000000000000e+02 1.800000000000000000e+02
4.174409999999999741e+02 1.200000000000000000e+03
4.176809999999999832e+02 6.200000000000000000e+02
4.185310000000000059e+02 1.200000000000000000e+02
4.191089999999999804e+02 3.200000000000000000e+02
4.202629999999999768e+02 1.800000000000000000e+02
4.203240000000000123e+02 2.500000000000000000e+02
4.213050000000000068e+02 1.200000000000000000e+03
4.215049999999999955e+02 1.200000000000000000e+02
4.216349999999999909e+02 1.000000000000000000e+02
4.234649999999999750e+02 1.700000000000000000e+02
4.262049999999999841e+02 4.900000000000000000e+03
4.265950000000000273e+02 1.000000000000000000e+02
4.270810000000000173e+02 1.200000000000000000e+02
4.287110000000000127e+02 1.000000000000000000e+02
4.295160000000000196e+02 5.600000000000000000e+02
4.312610000000000241e+02 5.600000000000000000e+02
4.327470000000000141e+02 1.100000000000000000e+02
4.329900000000000091e+02 3.400000000000000000e+02
4.339970000000000141e+02 1.000000000000000000e+02
4.352749999999999773e+02 1.000000000000000000e+02
4.366899999999999977e+02 2.100000000000000000e+02
4.371890000000000214e+02 1.100000000000000000e+02
4.396089999999999804e+02 5.200000000000000000e+02
4.398500000000000227e+02 1.600000000000000000e+02
4.403980000000000246e+02 1.600000000000000000e+02
4.421709999999999923e+02 4.900000000000000000e+03
4.433650000000000091e+02 1.000000000000000000e+02
4.437570000000000050e+02 2.900000000000000000e+02
4.440889999999999986e+02 1.000000000000000000e+02
4.448600000000000136e+02 2.300000000000000000e+02
4.486019999999999754e+02 1.200000000000000000e+02
4.549940000000000282e+02 1.100000000000000000e+02
4.551689999999999827e+02 5.400000000000000000e+02
4.552579999999999814e+02 1.400000000000000000e+02
4.618070000000000164e+02 1.700000000000000000e+02
4.633129999999999882e+02 1.700000000000000000e+02
4.665129999999999768e+02 1.400000000000000000e+02
4.795330000000000155e+02 6.700000000000000000e+02
4.866960000000000264e+02 1.100000000000000000e+02
5.033229999999999791e+02 5.500000000000000000e+01
5.040529999999999973e+02 4.500000000000000000e+01
5.074289999999999736e+02 3.500000000000000000e+01
5.076179999999999950e+02 3.500000000000000000e+01
5.080509999999999877e+02 3.500000000000000000e+01
5.104920000000000186e+02 9.000000000000000000e+01
5.112230000000000132e+02 5.500000000000000000e+01
5.123659999999999854e+02 2.200000000000000000e+01
5.146970000000000027e+02 2.200000000000000000e+01
5.151169999999999618e+02 1.400000000000000000e+02
5.153450000000000273e+02 2.800000000000000000e+01
5.170420000000000300e+02 2.800000000000000000e+01
5.194969999999999573e+02 4.000000000000000000e+01
5.204080000000000155e+02 2.700000000000000000e+02
5.204679999999999609e+02 3.500000000000000000e+01
5.257279999999999518e+02 4.500000000000000000e+01
5.266620000000000346e+02 5.500000000000000000e+01
5.285359999999999445e+02 2.000000000000000000e+01
5.297119999999999891e+02 2.000000000000000000e+01
5.300249999999999773e+02 4.000000000000000000e+01
5.304059999999999491e+02 1.300000000000000000e+01
5.337709999999999582e+02 1.800000000000000000e+01
5.347519999999999527e+02 1.100000000000000000e+01
5.353740000000000236e+02 1.300000000000000000e+01
5.378289999999999509e+02 1.100000000000000000e+02
5.404930000000000518e+02 1.600000000000000000e+01
5.413640000000000327e+02 1.300000000000000000e+01
5.417849999999999682e+02 1.200000000000000000e+02
5.418200000000000500e+02 4.500000000000000000e+01
5.419020000000000437e+02 2.800000000000000000e+01
5.443329999999999700e+02 1.600000000000000000e+01
5.444819999999999709e+02 5.500000000000000000e+01
5.448440000000000509e+02 2.200000000000000000e+01
5.449270000000000209e+02 1.100000000000000000e+01
5.450879999999999654e+02 2.000000000000000000e+01
5.454919999999999618e+02 2.000000000000000000e+01
5.458819999999999482e+02 2.200000000000000000e+01
5.471520000000000437e+02 2.800000000000000000e+01
5.476100000000000136e+02 1.300000000000000000e+01
5.476649999999999636e+02 1.300000000000000000e+01
5.478790000000000191e+02 9.000000000000000000e+00
5.483369999999999891e+02 1.600000000000000000e+01
5.510860000000000127e+02 2.200000000000000000e+01
5.517540000000000191e+02 9.000000000000000000e+00
5.525059999999999718e+02 2.700000000000000000e+02
5.548360000000000127e+02 2.200000000000000000e+01
5.551330000000000382e+02 9.000000000000000000e+00
5.554420000000000073e+02 1.300000000000000000e+01
5.562160000000000082e+02 1.100000000000000000e+01
5.582210000000000036e+02 1.600000000000000000e+01
5.585990000000000464e+02 8.000000000000000000e+01
5.602050000000000409e+02 8.000000000000000000e+00
5.621639999999999873e+02 3.500000000000000000e+01
5.638970000000000482e+02 9.000000000000000000e+00
5.644130000000000109e+02 2.200000000000000000e+01
5.646820000000000164e+02 2.800000000000000000e+01
5.650549999999999500e+02 7.000000000000000000e+00
5.661779999999999973e+02 9.000000000000000000e+00
5.675950000000000273e+02 7.000000000000000000e+00
5.682459999999999809e+02 2.800000000000000000e+01
5.710950000000000273e+02 1.100000000000000000e+01
5.723519999999999754e+02 1.700000000000000000e+02
5.739479999999999791e+02 8.000000000000000000e+00
5.741309999999999718e+02 8.000000000000000000e+00
5.766649999999999636e+02 2.200000000000000000e+01
5.782419999999999618e+02 1.700000000000000000e+02
5.802210000000000036e+02 4.000000000000000000e+01
5.844109999999999445e+02 8.000000000000000000e+00
5.859379999999999882e+02 1.100000000000000000e+02
5.862259999999999991e+02 2.800000000000000000e+01
5.884550000000000409e+02 1.100000000000000000e+01
5.905620000000000118e+02 1.100000000000000000e+01
5.908479999999999563e+02 1.100000000000000000e+01
5.910589999999999691e+02 7.000000000000000000e+00
5.983020000000000209e+02 7.000000000000000000e+00
5.984880000000000564e+02 1.100000000000000000e+01
5.997659999999999627e+02 6.500000000000000000e+01
6.017459999999999809e+02 2.000000000000000000e+01
6.056309999999999718e+02 7.000000000000000000e+00
6.146230000000000473e+02 2.000000000000000000e+01
6.159729999999999563e+02 1.100000000000000000e+01
6.229420000000000073e+02 3.500000000000000000e+01
6.243429999999999609e+02 7.000000000000000000e+00
6.271140000000000327e+02 2.200000000000000000e+01
6.276680000000000064e+02 1.100000000000000000e+01
6.288569999999999709e+02 1.100000000000000000e+01
6.400629999999999882e+02 9.000000000000000000e+00
6.404919999999999618e+02 2.200000000000000000e+01
6.449909999999999854e+02 9.000000000000000000e+00
6.522649999999999864e+02 6.000000000000000000e+00
6.530670000000000073e+02 7.000000000000000000e+00
6.534940000000000282e+02 7.000000000000000000e+00
6.540109999999999673e+02 1.100000000000000000e+01
6.578650000000000091e+02 1.100000000000000000e+01
6.616390000000000100e+02 8.000000000000000000e+00
6.617259999999999991e+02 4.000000000000000000e+00
6.663650000000000091e+02 7.000000000000000000e+00
6.731420000000000528e+02 2.700000000000000000e+01
6.793400000000000318e+02 1.800000000000000000e+01
6.808490000000000464e+02 1.400000000000000000e+01
6.880599999999999454e+02 5.000000000000000000e+00
6.903479999999999563e+02 4.000000000000000000e+00
6.957939999999999827e+02 1.100000000000000000e+01
6.986879999999999882e+02 6.000000000000000000e+00
7.062619999999999436e+02 1.500000000000000000e+01
7.147509999999999764e+02 2.200000000000000000e+01
7.151860000000000355e+02 1.000000000000000000e+01
7.186079999999999472e+02 4.000000000000000000e+00
7.208319999999999936e+02 1.000000000000000000e+01
7.211950000000000500e+02 5.000000000000000000e+00
7.253160000000000309e+02 9.000000000000000000e+00
7.255489999999999782e+02 6.000000000000000000e+00
7.377100000000000364e+02 6.000000000000000000e+00
7.409990000000000236e+02 9.000000000000000000e+00
7.605040000000000191e+02 2.600000000000000000e+01
7.703579999999999472e+02 4.000000000000000000e+00
7.792100000000000364e+02 7.000000000000000000e+00
7.854329999999999927e+02 7.000000000000000000e+00
7.983400000000000318e+02 6.000000000000000000e+00
8.043500000000000227e+02 7.000000000000000000e+00
