7.182299999999999329e+01 2.000000000000000000e+01
7.213400000000000034e+01 3.000000000000000000e+01
7.224099999999999966e+01 6.000000000000000000e+01
7.225799999999999557e+01 3.000000000000000000e+01
7.260399999999999920e+01 2.000000000000000000e+01
7.303700000000000614e+01 5.000000000000000000e+01
7.317700000000000671e+01 3.000000000000000000e+01
7.348600000000000421e+01 3.000000000000000000e+01
7.350400000000000489e+01 2.000000000000000000e+01
7.361899999999999977e+01 2.000000000000000000e+01
7.363200000000000500e+01 5.000000000000000000e+01
7.371699999999999875e+01 1.000000000000000000e+02
7.414499999999999602e+01 1.000000000000000000e+02
7.431499999999999773e+01 2.000000000000000000e+01
7.438899999999999579e+01 2.000000000000000000e+01
7.461400000000000432e+01 2.000000000000000000e+01
7.631600000000000250e+01 4.000000000000000000e+01
7.640000000000000568e+01 2.000000000000000000e+01
8.437800000000000011e+01 2.000000000000000000e+02
8.659000000000000341e+01 7.000000000000000000e+03
8.691700000000000159e+01 5.000000000000000000e+03
8.696599999999999397e+01 8.000000000000000000e+01
8.966500000000000625e+01 1.000000000000000000e+03
9.222899999999999920e+01 7.500000000000000000e+02
1.008610000000000042e+02 2.500000000000000000e+01
1.021350000000000051e+02 5.000000000000000000e+01
1.026179999999999950e+02 2.500000000000000000e+01
1.029030000000000058e+02 1.000000000000000000e+02
1.038289999999999935e+02 5.000000000000000000e+01
1.042960000000000065e+02 5.000000000000000000e+01
1.043799999999999955e+02 2.500000000000000000e+01
1.044030000000000058e+02 2.500000000000000000e+01
1.046200000000000045e+02 2.500000000000000000e+01
1.047240000000000038e+02 1.500000000000000000e+02
1.049090000000000060e+02 1.000000000000000000e+02
1.052630000000000052e+02 5.000000000000000000e+01
1.061599999999999966e+02 2.500000000000000000e+01
1.066029999999999944e+02 2.500000000000000000e+01
1.068850000000000051e+02 2.500000000000000000e+01
1.069879999999999995e+02 2.500000000000000000e+01
1.084419999999999931e+02 2.500000000000000000e+01
1.088659999999999997e+02 2.500000000000000000e+01
1.104839999999999947e+02 1.000000000000000000e+02
1.108820000000000050e+02 2.500000000000000000e+01
1.226400000000000006e+02 3.000000000000000000e+02
1.228589999999999947e+02 2.000000000000000000e+03
1.230690000000000026e+02 5.000000000000000000e+02
1.234069999999999965e+02 2.500000000000000000e+02
1.238190000000000026e+02 4.000000000000000000e+02
1.249350000000000023e+02 2.000000000000000000e+02
1.255639999999999930e+02 2.000000000000000000e+02
1.261269999999999953e+02 2.000000000000000000e+02
1.268319999999999936e+02 4.000000000000000000e+02
1.270580000000000069e+02 3.000000000000000000e+02
1.275100000000000051e+02 1.000000000000000000e+03
1.275400000000000063e+02 2.000000000000000000e+02
1.278649999999999949e+02 1.000000000000000000e+03
1.279339999999999975e+02 2.000000000000000000e+02
1.287439999999999998e+02 1.000000000000000000e+03
1.290929999999999893e+02 3.000000000000000000e+02
1.292299999999999898e+02 1.000000000000000000e+03
1.293220000000000027e+02 5.000000000000000000e+03
1.295279999999999916e+02 5.000000000000000000e+03
1.296500000000000057e+02 4.000000000000000000e+02
1.298259999999999934e+02 2.000000000000000000e+02
1.298540000000000134e+02 3.000000000000000000e+02
1.304710000000000036e+02 2.000000000000000000e+02
1.306860000000000070e+02 3.000000000000000000e+02
1.308079999999999927e+02 2.000000000000000000e+02
1.310709999999999980e+02 2.000000000000000000e+02
1.314960000000000093e+02 5.000000000000000000e+02
1.315279999999999916e+02 3.000000000000000000e+02
1.316959999999999980e+02 3.000000000000000000e+02
1.320099999999999909e+02 5.000000000000000000e+02
1.320699999999999932e+02 1.000000000000000000e+03
1.321359999999999957e+02 5.000000000000000000e+03
1.322510000000000048e+02 5.000000000000000000e+02
1.326380000000000052e+02 5.000000000000000000e+02
1.333569999999999993e+02 5.000000000000000000e+03
1.335960000000000036e+02 3.000000000000000000e+02
1.339290000000000020e+02 5.000000000000000000e+02
1.340740000000000123e+02 1.000000000000000000e+03
1.341320000000000050e+02 2.000000000000000000e+02
1.342779999999999916e+02 2.500000000000000000e+02
1.344230000000000018e+02 3.000000000000000000e+02
1.347069999999999936e+02 1.000000000000000000e+03
1.352700000000000102e+02 3.000000000000000000e+01
1.352810000000000059e+02 1.000000000000000000e+03
1.354350000000000023e+02 5.000000000000000000e+02
1.354660000000000082e+02 5.000000000000000000e+03
1.360639999999999930e+02 2.000000000000000000e+03
1.364809999999999945e+02 1.000000000000000000e+03
1.365769999999999982e+02 2.000000000000000000e+03
1.368899999999999864e+02 4.000000000000000000e+02
1.374410000000000025e+02 5.000000000000000000e+03
1.382620000000000005e+02 1.000000000000000000e+03
1.384230000000000018e+02 2.000000000000000000e+02
1.385910000000000082e+02 2.000000000000000000e+02
1.394110000000000014e+02 3.000000000000000000e+02
1.397110000000000127e+02 5.000000000000000000e+02
1.399310000000000116e+02 1.000000000000000000e+03
1.400960000000000036e+02 1.000000000000000000e+03
1.410900000000000034e+02 4.000000000000000000e+02
1.424360000000000070e+02 1.000000000000000000e+03
1.426589999999999918e+02 5.000000000000000000e+02
1.435560000000000116e+02 5.000000000000000000e+03
1.459950000000000045e+02 2.000000000000000000e+02
1.461759999999999877e+02 2.000000000000000000e+02
1.474910000000000139e+02 1.000000000000000000e+03
1.477319999999999993e+02 2.000000000000000000e+02
1.485879999999999939e+02 5.000000000000000000e+02
1.503350000000000080e+02 5.000000000000000000e+02
1.516860000000000070e+02 4.000000000000000000e+02
1.520709999999999980e+02 2.000000000000000000e+02
1.520980000000000132e+02 2.000000000000000000e+03
1.523460000000000036e+02 4.000000000000000000e+02
1.553619999999999948e+02 5.000000000000000000e+02
1.559490000000000123e+02 5.000000000000000000e+02
1.570130000000000052e+02 5.000000000000000000e+02
1.572800000000000011e+02 2.000000000000000000e+02
1.574550000000000125e+02 5.000000000000000000e+03
1.575099999999999909e+02 5.000000000000000000e+03
1.578379999999999939e+02 3.000000000000000000e+03
1.585099999999999909e+02 5.000000000000000000e+02
1.613000000000000114e+02 3.000000000000000000e+02
1.613650000000000091e+02 4.000000000000000000e+02
1.618029999999999973e+02 1.000000000000000000e+03
1.622299999999999898e+02 2.000000000000000000e+03
1.634770000000000039e+02 3.000000000000000000e+02
1.676080000000000041e+02 4.000000000000000000e+02
1.688489999999999895e+02 2.000000000000000000e+02
1.713530000000000086e+02 2.000000000000000000e+02
1.732860000000000014e+02 5.000000000000000000e+02
1.762860000000000014e+02 3.000000000000000000e+02
1.766879999999999882e+02 1.000000000000000000e+03
1.771140000000000043e+02 1.000000000000000000e+03
1.841080000000000041e+02 5.000000000000000000e+02
1.881220000000000141e+02 2.500000000000000000e+01
1.884869999999999948e+02 1.000000000000000000e+04
1.951229999999999905e+02 4.000000000000000000e+02
1.954610000000000127e+02 2.000000000000000000e+02
1.958089999999999975e+02 2.000000000000000000e+02
1.958199999999999932e+02 4.000000000000000000e+02
2.025709999999999980e+02 2.000000000000000000e+02
2.032110000000000127e+02 5.000000000000000000e+01
2.033950000000000102e+02 1.000000000000000000e+02
2.039809999999999945e+02 1.000000000000000000e+03
2.043779999999999859e+02 2.500000000000000000e+01
2.047709999999999866e+02 2.000000000000000000e+02
2.051390000000000100e+02 2.000000000000000000e+02
2.052959999999999923e+02 1.000000000000000000e+02
2.053530000000000086e+02 5.000000000000000000e+01
2.054509999999999934e+02 5.000000000000000000e+01
2.059139999999999873e+02 2.000000000000000000e+02
2.059250000000000114e+02 2.000000000000000000e+02
2.064739999999999895e+02 5.000000000000000000e+01
2.075740000000000123e+02 2.500000000000000000e+01
2.083890000000000100e+02 2.000000000000000000e+03
2.091409999999999911e+02 2.000000000000000000e+02
2.094159999999999968e+02 2.000000000000000000e+02
2.097520000000000095e+02 2.500000000000000000e+01
2.097609999999999957e+02 5.000000000000000000e+01
2.101090000000000089e+02 5.000000000000000000e+02
2.148820000000000050e+02 1.000000000000000000e+01
2.154989999999999952e+02 1.000000000000000000e+03
2.194060000000000059e+02 3.000000000000000000e+02
2.194929999999999950e+02 1.000000000000000000e+01
2.197940000000000111e+02 1.000000000000000000e+01
2.205819999999999936e+02 1.000000000000000000e+03
2.206169999999999902e+02 1.000000000000000000e+01
2.206949999999999932e+02 1.000000000000000000e+01
2.215140000000000100e+02 1.000000000000000000e+01
2.215939999999999941e+02 1.000000000000000000e+01
2.217810000000000059e+02 1.000000000000000000e+01
2.223919999999999959e+02 1.000000000000000000e+01
2.231040000000000134e+02 1.000000000000000000e+01
2.237949999999999875e+02 1.000000000000000000e+01
2.239759999999999991e+02 1.000000000000000000e+01
2.240120000000000005e+02 1.000000000000000000e+01
2.242849999999999966e+02 1.000000000000000000e+01
2.246759999999999877e+02 3.000000000000000000e+02
2.246899999999999977e+02 3.300000000000000000e+03
2.266399999999999864e+02 3.000000000000000000e+02
2.285320000000000107e+02 1.000000000000000000e+01
2.308300000000000125e+02 1.000000000000000000e+01
2.308480000000000132e+02 1.000000000000000000e+01
2.309120000000000061e+02 1.000000000000000000e+01
2.311999999999999886e+02 1.000000000000000000e+01
2.312150000000000034e+02 1.000000000000000000e+01
2.314890000000000043e+02 1.000000000000000000e+01
2.316169999999999902e+02 1.000000000000000000e+01
2.318859999999999957e+02 1.000000000000000000e+01
2.319070000000000107e+02 1.000000000000000000e+01
2.319350000000000023e+02 1.000000000000000000e+01
2.319530000000000030e+02 1.000000000000000000e+01
2.319679999999999893e+02 1.000000000000000000e+01
2.320109999999999957e+02 1.000000000000000000e+01
2.321119999999999948e+02 1.000000000000000000e+01
2.329269999999999925e+02 1.000000000000000000e+01
2.335180000000000007e+02 2.000000000000000000e+02
2.336850000000000023e+02 1.000000000000000000e+01
2.339799999999999898e+02 2.000000000000000000e+02
2.366239999999999952e+02 1.000000000000000000e+01
2.369499999999999886e+02 1.000000000000000000e+01
2.369799999999999898e+02 1.000000000000000000e+01
2.376819999999999879e+02 5.000000000000000000e+02
2.378789999999999907e+02 1.000000000000000000e+01
2.379699999999999989e+02 1.000000000000000000e+01
2.379710000000000036e+02 2.000000000000000000e+03
2.380389999999999873e+02 1.000000000000000000e+03
2.396169999999999902e+02 1.000000000000000000e+01
2.400430000000000064e+02 1.000000000000000000e+01
2.406289999999999907e+02 1.000000000000000000e+01
2.408919999999999959e+02 1.000000000000000000e+01
2.410529999999999973e+02 1.000000000000000000e+01
2.413129999999999882e+02 1.000000000000000000e+01
2.418420000000000130e+02 1.000000000000000000e+01
2.419679999999999893e+02 1.000000000000000000e+01
2.426879999999999882e+02 1.000000000000000000e+01
2.427589999999999861e+02 1.000000000000000000e+01
2.427810000000000059e+02 5.000000000000000000e+02
2.428870000000000005e+02 5.000000000000000000e+02
2.431059999999999945e+02 1.000000000000000000e+01
2.434919999999999902e+02 1.000000000000000000e+01
2.435130000000000052e+02 1.000000000000000000e+01
2.436649999999999920e+02 1.000000000000000000e+01
2.437630000000000052e+02 1.000000000000000000e+01
2.439310000000000116e+02 5.000000000000000000e+02
2.439370000000000118e+02 1.000000000000000000e+01
2.445670000000000073e+02 1.000000000000000000e+01
2.446229999999999905e+02 1.000000000000000000e+01
2.447510000000000048e+02 1.000000000000000000e+01
2.448899999999999864e+02 1.000000000000000000e+01
2.452760000000000105e+02 1.000000000000000000e+01
2.453549999999999898e+02 1.000000000000000000e+01
2.453590000000000089e+02 1.000000000000000000e+01
2.455339999999999918e+02 1.000000000000000000e+01
2.455560000000000116e+02 1.000000000000000000e+01
2.456380000000000052e+02 5.000000000000000000e+02
2.460509999999999877e+02 1.000000000000000000e+01
2.461459999999999866e+02 1.000000000000000000e+01
2.462920000000000016e+02 1.000000000000000000e+01
2.463650000000000091e+02 1.000000000000000000e+01
2.468950000000000102e+02 1.000000000000000000e+01
2.469720000000000084e+02 1.000000000000000000e+01
2.474170000000000016e+02 1.000000000000000000e+01
2.479070000000000107e+02 1.000000000000000000e+01
2.480730000000000075e+02 1.000000000000000000e+01
2.481769999999999925e+02 1.000000000000000000e+01
2.484050000000000011e+02 1.000000000000000000e+01
2.484739999999999895e+02 1.000000000000000000e+01
2.485349999999999966e+02 1.000000000000000000e+01
2.485910000000000082e+02 1.000000000000000000e+01
2.489470000000000027e+02 1.000000000000000000e+01
2.492719999999999914e+02 1.000000000000000000e+01
2.494950000000000045e+02 1.000000000000000000e+01
2.496119999999999948e+02 1.000000000000000000e+01
2.496260000000000048e+02 1.000000000000000000e+01
2.500720000000000027e+02 1.000000000000000000e+01
2.559350000000000023e+02 2.500000000000000000e+01
2.579039999999999964e+02 2.500000000000000000e+01
2.580079999999999814e+02 3.000000000000000000e+01
2.588480000000000132e+02 2.000000000000000000e+01
2.598820000000000050e+02 4.000000000000000000e+01
2.609700000000000273e+02 2.500000000000000000e+01
2.616530000000000200e+02 2.500000000000000000e+01
2.625690000000000168e+02 4.000000000000000000e+01
2.645409999999999968e+02 2.000000000000000000e+01
2.649270000000000209e+02 2.500000000000000000e+01
2.655539999999999736e+02 3.000000000000000000e+01
2.657669999999999959e+02 2.000000000000000000e+01
2.667490000000000236e+02 2.500000000000000000e+01
2.668299999999999841e+02 2.000000000000000000e+01
2.673310000000000173e+02 2.000000000000000000e+01
2.680269999999999868e+02 7.000000000000000000e+01
2.685989999999999895e+02 3.000000000000000000e+01
2.686499999999999773e+02 4.500000000000000000e+01
2.699719999999999800e+02 5.000000000000000000e+01
2.701179999999999950e+02 6.000000000000000000e+01
2.703050000000000068e+02 3.000000000000000000e+01
2.705989999999999895e+02 5.000000000000000000e+02
2.708170000000000073e+02 1.000000000000000000e+02
2.708809999999999718e+02 2.000000000000000000e+02
2.711100000000000136e+02 4.000000000000000000e+01
2.714959999999999809e+02 2.000000000000000000e+01
2.719460000000000264e+02 2.000000000000000000e+01
2.720980000000000132e+02 6.000000000000000000e+01
2.722710000000000150e+02 3.000000000000000000e+01
2.724839999999999804e+02 1.000000000000000000e+02
2.727309999999999945e+02 5.000000000000000000e+01
2.732590000000000146e+02 1.200000000000000000e+01
2.733929999999999723e+02 2.500000000000000000e+01
2.735110000000000241e+02 5.000000000000000000e+01
2.738709999999999809e+02 2.500000000000000000e+01
2.742930000000000064e+02 4.000000000000000000e+01
2.745470000000000255e+02 2.500000000000000000e+01
2.747090000000000032e+02 2.000000000000000000e+01
2.754279999999999973e+02 2.000000000000000000e+02
2.761170000000000186e+02 6.000000000000000000e+01
2.768419999999999845e+02 2.000000000000000000e+02
2.770419999999999732e+02 5.000000000000000000e+01
2.776759999999999877e+02 5.000000000000000000e+01
2.776850000000000023e+02 5.000000000000000000e+01
2.779619999999999891e+02 4.000000000000000000e+01
2.784130000000000109e+02 5.000000000000000000e+01
2.789870000000000232e+02 3.000000000000000000e+01
2.793330000000000268e+02 3.500000000000000000e+01
2.802880000000000109e+02 5.000000000000000000e+01
2.823999999999999773e+02 2.000000000000000000e+01
2.824970000000000141e+02 2.000000000000000000e+01
2.829119999999999777e+02 2.000000000000000000e+01
2.842780000000000200e+02 2.000000000000000000e+01
2.843820000000000050e+02 2.000000000000000000e+01
2.844850000000000136e+02 2.000000000000000000e+01
2.851460000000000150e+02 2.000000000000000000e+01
2.854830000000000041e+02 2.500000000000000000e+01
2.866480000000000246e+02 3.000000000000000000e+01
2.882450000000000045e+02 5.000000000000000000e+01
2.883159999999999741e+02 3.000000000000000000e+01
2.885740000000000123e+02 3.000000000000000000e+01
2.911460000000000150e+02 7.000000000000000000e+01
2.912620000000000005e+02 5.000000000000000000e+01
2.915339999999999918e+02 1.000000000000000000e+02
2.931050000000000182e+02 5.000000000000000000e+01
2.943290000000000077e+02 7.000000000000000000e+01
2.944830000000000041e+02 3.000000000000000000e+01
2.954440000000000168e+02 7.000000000000000000e+01
2.955260000000000105e+02 9.000000000000000000e+01
2.965720000000000027e+02 9.000000000000000000e+01
2.968450000000000273e+02 3.000000000000000000e+01
2.969700000000000273e+02 1.500000000000000000e+02
2.970280000000000200e+02 8.000000000000000000e+01
2.971999999999999886e+02 3.000000000000000000e+01
2.972269999999999754e+02 4.000000000000000000e+01
2.972330000000000041e+02 4.000000000000000000e+01
2.977730000000000246e+02 1.500000000000000000e+02
2.977930000000000064e+02 1.500000000000000000e+02
2.981410000000000196e+02 5.000000000000000000e+02
2.982520000000000095e+02 1.000000000000000000e+02
2.983290000000000077e+02 1.500000000000000000e+02
2.985849999999999795e+02 5.000000000000000000e+01
2.986689999999999827e+02 5.000000000000000000e+02
2.987049999999999841e+02 3.000000000000000000e+01
2.991089999999999804e+02 3.000000000000000000e+01
2.997989999999999782e+02 1.500000000000000000e+02
2.999660000000000082e+02 7.000000000000000000e+01
3.001329999999999814e+02 1.500000000000000000e+02
3.004080000000000155e+02 1.500000000000000000e+02
3.007350000000000136e+02 6.000000000000000000e+01
3.008919999999999959e+02 1.500000000000000000e+02
3.011490000000000009e+02 1.500000000000000000e+02
3.015480000000000018e+02 9.000000000000000000e+01
3.016009999999999991e+02 1.000000000000000000e+02
3.017139999999999986e+02 9.000000000000000000e+01
3.022649999999999864e+02 7.000000000000000000e+01
3.026139999999999759e+02 7.000000000000000000e+01
3.030260000000000105e+02 1.000000000000000000e+02
3.034189999999999827e+02 1.000000000000000000e+02
3.035129999999999768e+02 9.000000000000000000e+01
3.040899999999999750e+02 7.000000000000000000e+01
3.041820000000000164e+02 6.000000000000000000e+01
3.042669999999999959e+02 6.000000000000000000e+01
3.043240000000000123e+02 1.000000000000000000e+02
3.046700000000000159e+02 1.000000000000000000e+02
3.047869999999999777e+02 7.000000000000000000e+01
3.051190000000000282e+02 1.200000000000000000e+02
3.056190000000000282e+02 7.000000000000000000e+01
3.059789999999999850e+02 1.500000000000000000e+02
3.067599999999999909e+02 1.500000000000000000e+02
3.079569999999999936e+02 7.000000000000000000e+01
3.081089999999999804e+02 1.500000000000000000e+02
3.083009999999999877e+02 1.100000000000000000e+02
3.112239999999999895e+02 1.000000000000000000e+02
3.122490000000000236e+02 1.400000000000000000e+02
3.164649999999999750e+02 1.400000000000000000e+02
3.169159999999999968e+02 2.700000000000000000e+02
3.173229999999999791e+02 1.600000000000000000e+02
3.192339999999999804e+02 1.100000000000000000e+02
3.196909999999999741e+02 2.000000000000000000e+02
3.199959999999999809e+02 1.100000000000000000e+02
3.208820000000000050e+02 1.000000000000000000e+02
3.220409999999999968e+02 1.900000000000000000e+02
3.235199999999999818e+02 1.000000000000000000e+02
3.246419999999999959e+02 1.000000000000000000e+02
3.249329999999999927e+02 5.000000000000000000e+01
3.281870000000000118e+02 9.000000000000000000e+01
3.293530000000000086e+02 9.000000000000000000e+01
3.297049999999999841e+02 9.000000000000000000e+01
3.307090000000000032e+02 1.000000000000000000e+02
3.334220000000000255e+02 6.000000000000000000e+01
3.341539999999999964e+02 9.000000000000000000e+01
3.342389999999999759e+02 5.000000000000000000e+02
3.342640000000000100e+02 7.000000000000000000e+01
3.346340000000000146e+02 7.000000000000000000e+01
3.346399999999999864e+02 7.000000000000000000e+01
3.352029999999999745e+02 5.000000000000000000e+01
3.354830000000000041e+02 5.000000000000000000e+01
3.355869999999999891e+02 2.500000000000000000e+02
3.356630000000000109e+02 1.400000000000000000e+02
3.358519999999999754e+02 5.000000000000000000e+02
3.360380000000000109e+02 5.000000000000000000e+02
3.365489999999999782e+02 1.000000000000000000e+02
3.365849999999999795e+02 5.000000000000000000e+01
3.366770000000000209e+02 5.000000000000000000e+01
3.368319999999999936e+02 2.000000000000000000e+02
3.368550000000000182e+02 5.000000000000000000e+02
3.372889999999999873e+02 1.000000000000000000e+02
3.378109999999999786e+02 1.000000000000000000e+02
3.380099999999999909e+02 5.000000000000000000e+01
3.381179999999999950e+02 1.500000000000000000e+02
3.382230000000000132e+02 1.500000000000000000e+02
3.382810000000000059e+02 3.000000000000000000e+02
3.392049999999999841e+02 1.000000000000000000e+02
3.395190000000000055e+02 1.000000000000000000e+03
3.395590000000000259e+02 1.100000000000000000e+02
3.397040000000000077e+02 6.000000000000000000e+02
3.397590000000000146e+02 3.000000000000000000e+02
3.398439999999999941e+02 3.000000000000000000e+02
3.403949999999999818e+02 5.000000000000000000e+01
3.414189999999999827e+02 5.000000000000000000e+02
3.416129999999999995e+02 3.000000000000000000e+02
3.421050000000000182e+02 1.500000000000000000e+02
3.423199999999999932e+02 3.000000000000000000e+02
3.427250000000000227e+02 5.000000000000000000e+01
3.428000000000000114e+02 5.000000000000000000e+02
3.437350000000000136e+02 3.000000000000000000e+02
3.441610000000000014e+02 1.500000000000000000e+02
3.446279999999999859e+02 5.000000000000000000e+01
3.455040000000000191e+02 7.000000000000000000e+01
3.466730000000000018e+02 1.100000000000000000e+02
3.585230000000000246e+02 2.000000000000000000e+02
3.612970000000000255e+02 1.300000000000000000e+02
3.631999999999999886e+02 1.700000000000000000e+02
3.646589999999999918e+02 1.000000000000000000e+02
3.646700000000000159e+02 2.500000000000000000e+02
3.647339999999999804e+02 2.500000000000000000e+02
3.649340000000000259e+02 1.000000000000000000e+02
3.654619999999999891e+02 1.800000000000000000e+02
3.661399999999999864e+02 1.500000000000000000e+02
3.662660000000000196e+02 1.000000000000000000e+02
3.669870000000000232e+02 3.700000000000000000e+02
3.688079999999999927e+02 2.500000000000000000e+02
3.688240000000000123e+02 1.500000000000000000e+02
3.690760000000000218e+02 1.000000000000000000e+02
3.699110000000000014e+02 1.500000000000000000e+02
3.707799999999999727e+02 2.300000000000000000e+02
3.712160000000000082e+02 1.700000000000000000e+02
3.715110000000000241e+02 2.900000000000000000e+02
3.734089999999999918e+02 1.200000000000000000e+02
3.735470000000000255e+02 2.100000000000000000e+02
3.736820000000000164e+02 2.500000000000000000e+02
3.737549999999999955e+02 1.900000000000000000e+02
3.737549999999999955e+02 1.900000000000000000e+02
3.740240000000000009e+02 4.100000000000000000e+02
3.742049999999999841e+02 1.500000000000000000e+02
3.745040000000000191e+02 1.200000000000000000e+02
3.752049999999999841e+02 1.900000000000000000e+02
3.760670000000000073e+02 1.400000000000000000e+02
3.761150000000000091e+02 1.200000000000000000e+02
3.762939999999999827e+02 6.800000000000000000e+02
3.765840000000000032e+02 2.300000000000000000e+02
3.770009999999999764e+02 2.300000000000000000e+02
3.773890000000000100e+02 1.700000000000000000e+02
3.775129999999999768e+02 1.700000000000000000e+02
3.778690000000000282e+02 1.400000000000000000e+02
3.781730000000000018e+02 1.700000000000000000e+02
3.786539999999999964e+02 1.500000000000000000e+02
3.787939999999999827e+02 1.500000000000000000e+02
3.793589999999999804e+02 2.100000000000000000e+02
3.796009999999999991e+02 1.900000000000000000e+02
3.801379999999999768e+02 6.800000000000000000e+02
3.805919999999999845e+02 2.900000000000000000e+02
3.810260000000000105e+02 1.400000000000000000e+02
3.812919999999999732e+02 3.900000000000000000e+02
3.817099999999999795e+02 1.300000000000000000e+03
3.818330000000000268e+02 6.000000000000000000e+01
3.818740000000000236e+02 1.200000000000000000e+02
3.819359999999999786e+02 6.800000000000000000e+02
3.820219999999999914e+02 1.200000000000000000e+02
3.822880000000000109e+02 3.100000000000000000e+02
3.824259999999999877e+02 1.500000000000000000e+02
3.827760000000000105e+02 1.200000000000000000e+02
3.827760000000000105e+02 1.200000000000000000e+02
3.831809999999999832e+02 9.600000000000000000e+02
3.836019999999999754e+02 1.400000000000000000e+02
3.842080000000000268e+02 4.800000000000000000e+02
3.843430000000000177e+02 2.700000000000000000e+02
3.845629999999999882e+02 1.500000000000000000e+02
3.847679999999999723e+02 5.800000000000000000e+02
3.851879999999999882e+02 1.200000000000000000e+03
3.852640000000000100e+02 7.200000000000000000e+02
3.852640000000000100e+02 7.200000000000000000e+02
3.853890000000000100e+02 9.600000000000000000e+02
3.859340000000000259e+02 1.200000000000000000e+02
3.860230000000000246e+02 1.100000000000000000e+02
3.862889999999999873e+02 6.000000000000000000e+01
3.866549999999999727e+02 4.800000000000000000e+02
3.868620000000000232e+02 2.100000000000000000e+02
3.871820000000000164e+02 2.100000000000000000e+02
3.877289999999999850e+02 4.800000000000000000e+02
3.878279999999999745e+02 1.700000000000000000e+03
3.880299999999999727e+02 2.700000000000000000e+02
3.881569999999999823e+02 6.800000000000000000e+02
3.886290000000000191e+02 4.400000000000000000e+02
3.890439999999999827e+02 4.400000000000000000e+02
3.892810000000000059e+02 1.200000000000000000e+02
3.898349999999999795e+02 1.900000000000000000e+02
3.899940000000000282e+02 2.100000000000000000e+02
3.903559999999999945e+02 2.500000000000000000e+02
3.909159999999999968e+02 7.700000000000000000e+02
3.914010000000000105e+02 6.300000000000000000e+02
3.914660000000000082e+02 3.100000000000000000e+02
3.915869999999999891e+02 2.100000000000000000e+02
3.919959999999999809e+02 1.300000000000000000e+03
3.920740000000000123e+02 4.200000000000000000e+02
3.921639999999999873e+02 2.500000000000000000e+02
3.921639999999999873e+02 2.500000000000000000e+02
3.926580000000000155e+02 9.600000000000000000e+02
3.928570000000000277e+02 4.800000000000000000e+02
3.930400000000000205e+02 3.700000000000000000e+02
3.936929999999999836e+02 3.700000000000000000e+02
3.939409999999999741e+02 2.500000000000000000e+02
3.948750000000000000e+02 7.300000000000000000e+02
3.950550000000000068e+02 9.000000000000000000e+02
3.954630000000000223e+02 9.000000000000000000e+02
3.957869999999999777e+02 3.800000000000000000e+02
3.960559999999999832e+02 1.900000000000000000e+02
3.963570000000000277e+02 4.700000000000000000e+02
3.965380000000000109e+02 5.600000000000000000e+02
3.965930000000000177e+02 1.600000000000000000e+03
3.967690000000000055e+02 5.600000000000000000e+02
3.972280000000000086e+02 5.000000000000000000e+02
3.972280000000000086e+02 5.000000000000000000e+02
3.972789999999999964e+02 3.200000000000000000e+02
3.973260000000000218e+02 6.200000000000000000e+02
3.975969999999999800e+02 3.200000000000000000e+02
3.981639999999999873e+02 1.500000000000000000e+02
3.990810000000000173e+02 1.300000000000000000e+03
3.993039999999999736e+02 2.300000000000000000e+02
3.993290000000000077e+02 3.400000000000000000e+02
3.995919999999999845e+02 1.600000000000000000e+03
3.996960000000000264e+02 2.700000000000000000e+02
3.998170000000000073e+02 5.600000000000000000e+02
3.999089999999999918e+02 2.300000000000000000e+02
4.000249999999999773e+02 3.200000000000000000e+02
4.001299999999999955e+02 6.200000000000000000e+02
4.001329999999999814e+02 2.000000000000000000e+02
4.005830000000000268e+02 7.300000000000000000e+02
4.009820000000000277e+02 1.900000000000000000e+03
4.011730000000000018e+02 6.200000000000000000e+02
4.016519999999999868e+02 7.300000000000000000e+02
4.019499999999999886e+02 9.000000000000000000e+01
4.022099999999999795e+02 6.200000000000000000e+02
4.023849999999999909e+02 4.700000000000000000e+02
4.026680000000000064e+02 3.600000000000000000e+02
4.027970000000000255e+02 2.300000000000000000e+02
4.030140000000000100e+02 2.300000000000000000e+02
4.030740000000000123e+02 1.800000000000000000e+02
4.030860000000000127e+02 3.600000000000000000e+02
4.032889999999999873e+02 7.300000000000000000e+02
4.033609999999999900e+02 2.300000000000000000e+02
4.034970000000000141e+02 9.600000000000000000e+02
4.035470000000000255e+02 2.300000000000000000e+02
4.039359999999999786e+02 2.300000000000000000e+02
4.039590000000000032e+02 7.300000000000000000e+02
4.040480000000000018e+02 4.700000000000000000e+02
4.045950000000000273e+02 1.300000000000000000e+03
4.046840000000000259e+02 2.300000000000000000e+02
4.047769999999999868e+02 2.300000000000000000e+02
4.048220000000000027e+02 3.400000000000000000e+02
4.052269999999999754e+02 4.500000000000000000e+02
4.056030000000000086e+02 2.200000000000000000e+03
4.057690000000000055e+02 2.200000000000000000e+03
4.059950000000000045e+02 4.500000000000000000e+02
4.063369999999999891e+02 2.300000000000000000e+02
4.063960000000000150e+02 3.400000000000000000e+03
4.069950000000000045e+02 2.100000000000000000e+02
4.080919999999999845e+02 5.000000000000000000e+02
4.082130000000000223e+02 5.000000000000000000e+02
4.083000000000000114e+02 7.900000000000000000e+02
4.084490000000000123e+02 5.000000000000000000e+02
4.088360000000000127e+02 2.000000000000000000e+02
4.097980000000000018e+02 5.600000000000000000e+02
4.099560000000000173e+02 3.800000000000000000e+02
4.099560000000000173e+02 3.800000000000000000e+02
4.101879999999999882e+02 2.900000000000000000e+03
4.115049999999999955e+02 2.700000000000000000e+02
4.119619999999999891e+02 1.700000000000000000e+03
4.130310000000000059e+02 2.500000000000000000e+02
4.131940000000000168e+02 3.400000000000000000e+02
4.134780000000000086e+02 2.000000000000000000e+02
4.142389999999999759e+02 1.500000000000000000e+03
4.142389999999999759e+02 1.500000000000000000e+03
4.143629999999999995e+02 9.000000000000000000e+01
4.144279999999999973e+02 2.700000000000000000e+03
4.145649999999999977e+02 1.200000000000000000e+02
4.147669999999999959e+02 2.700000000000000000e+02
4.149019999999999868e+02 9.000000000000000000e+01
4.149610000000000127e+02 2.700000000000000000e+02
4.157669999999999959e+02 2.000000000000000000e+02
4.165330000000000155e+02 1.700000000000000000e+03
4.169209999999999923e+02 2.700000000000000000e+02
4.170629999999999882e+02 2.300000000000000000e+02
4.173000000000000114e+02 6.200000000000000000e+02
4.173330000000000268e+02 9.000000000000000000e+01
4.173430000000000177e+02 7.300000000000000000e+02
4.176499999999999773e+02 2.500000000000000000e+02
4.176800000000000068e+02 2.500000000000000000e+02
4.179809999999999945e+02 2.000000000000000000e+02
4.180570000000000164e+02 5.200000000000000000e+03
4.180950000000000273e+02 1.500000000000000000e+02
4.185360000000000014e+02 1.800000000000000000e+02
4.190659999999999741e+02 2.500000000000000000e+03
4.192780000000000200e+02 5.600000000000000000e+02
4.192780000000000200e+02 5.600000000000000000e+02
4.198190000000000168e+02 2.400000000000000000e+02
4.202350000000000136e+02 2.900000000000000000e+02
4.207909999999999968e+02 2.500000000000000000e+03
4.209510000000000218e+02 5.000000000000000000e+02
4.213050000000000068e+02 3.200000000000000000e+02
4.218999999999999773e+02 3.200000000000000000e+02
4.220640000000000214e+02 1.200000000000000000e+02
4.224119999999999777e+02 3.800000000000000000e+03
4.226539999999999964e+02 3.800000000000000000e+03
4.232640000000000100e+02 1.800000000000000000e+02
4.234300000000000068e+02 3.200000000000000000e+02
4.234300000000000068e+02 3.200000000000000000e+02
4.237339999999999804e+02 3.200000000000000000e+02
4.241209999999999809e+02 2.700000000000000000e+02
4.242200000000000273e+02 9.600000000000000000e+02
4.244700000000000273e+02 3.400000000000000000e+02
4.248829999999999814e+02 8.400000000000000000e+02
4.255600000000000023e+02 5.000000000000000000e+02
4.264979999999999905e+02 2.700000000000000000e+02
4.270289999999999964e+02 3.200000000000000000e+02
4.273469999999999800e+02 7.900000000000000000e+02
4.273469999999999800e+02 7.900000000000000000e+02
4.276270000000000095e+02 1.800000000000000000e+02
4.281270000000000095e+02 4.700000000000000000e+02
4.283620000000000232e+02 7.900000000000000000e+02
4.287529999999999859e+02 1.200000000000000000e+02
4.299479999999999791e+02 9.000000000000000000e+01
4.300190000000000055e+02 4.500000000000000000e+02
4.302939999999999827e+02 9.000000000000000000e+01
4.304820000000000277e+02 2.900000000000000000e+02
4.306970000000000027e+02 1.500000000000000000e+03
4.317549999999999955e+02 9.000000000000000000e+01
4.324769999999999754e+02 2.100000000000000000e+02
4.330629999999999882e+02 2.700000000000000000e+02
4.335190000000000055e+02 1.300000000000000000e+03
4.336960000000000264e+02 2.000000000000000000e+02
4.336960000000000264e+02 2.000000000000000000e+02
4.339920000000000186e+02 3.600000000000000000e+02
4.345520000000000209e+02 6.200000000000000000e+02
4.345520000000000209e+02 6.200000000000000000e+02
4.348709999999999809e+02 4.700000000000000000e+02
4.351619999999999777e+02 3.400000000000000000e+02
4.355500000000000114e+02 6.000000000000000000e+01
4.356129999999999995e+02 4.500000000000000000e+02
4.361019999999999754e+02 4.100000000000000000e+02
4.369560000000000173e+02 1.200000000000000000e+03
4.372850000000000250e+02 3.200000000000000000e+02
4.381050000000000182e+02 9.000000000000000000e+01
4.382699999999999818e+02 9.000000000000000000e+01
4.397309999999999945e+02 2.700000000000000000e+02
4.404839999999999804e+02 1.700000000000000000e+02
4.405950000000000273e+02 1.200000000000000000e+02
4.406360000000000241e+02 1.000000000000000000e+02
4.407069999999999936e+02 4.300000000000000000e+02
4.410059999999999718e+02 1.700000000000000000e+03
4.415009999999999764e+02 4.100000000000000000e+02
4.420280000000000200e+02 1.600000000000000000e+02
4.420889999999999986e+02 1.900000000000000000e+02
4.422339999999999804e+02 1.200000000000000000e+02
4.422459999999999809e+02 1.600000000000000000e+02
4.425819999999999936e+02 1.600000000000000000e+02
4.430369999999999777e+02 1.200000000000000000e+03
4.430489999999999782e+02 1.200000000000000000e+03
4.433090000000000259e+02 1.200000000000000000e+02
4.433519999999999754e+02 1.100000000000000000e+02
4.449180000000000064e+02 1.500000000000000000e+02
4.451080000000000041e+02 7.300000000000000000e+02
4.451390000000000100e+02 1.800000000000000000e+02
4.452250000000000227e+02 1.200000000000000000e+02
4.453149999999999977e+02 1.400000000000000000e+02
4.455609999999999786e+02 6.500000000000000000e+01
4.455930000000000177e+02 1.400000000000000000e+02
4.462269999999999754e+02 1.200000000000000000e+02
4.463059999999999832e+02 2.000000000000000000e+02
4.467219999999999800e+02 1.000000000000000000e+02
4.469909999999999854e+02 9.600000000000000000e+02
4.478519999999999754e+02 1.400000000000000000e+02
4.497719999999999914e+02 1.100000000000000000e+03
4.501569999999999823e+02 3.000000000000000000e+02
4.511410000000000196e+02 7.900000000000000000e+02
4.518849999999999909e+02 2.000000000000000000e+02
4.535419999999999732e+02 3.400000000000000000e+02
4.535419999999999732e+02 3.400000000000000000e+02
4.537189999999999941e+02 3.400000000000000000e+02
4.564399999999999977e+02 2.000000000000000000e+02
4.613310000000000173e+02 4.500000000000000000e+02
4.613369999999999891e+02 1.400000000000000000e+02
4.626480000000000246e+02 6.000000000000000000e+02
4.630040000000000191e+02 2.700000000000000000e+02
4.630040000000000191e+02 2.700000000000000000e+02
4.633580000000000041e+02 1.400000000000000000e+02
4.636979999999999791e+02 1.400000000000000000e+02
4.640849999999999795e+02 2.000000000000000000e+02
4.644789999999999850e+02 1.100000000000000000e+02
4.647350000000000136e+02 1.400000000000000000e+02
4.652799999999999727e+02 2.000000000000000000e+02
4.655459999999999923e+02 1.200000000000000000e+02
4.665960000000000036e+02 1.400000000000000000e+02
4.673399999999999750e+02 2.700000000000000000e+02
4.689110000000000014e+02 1.800000000000000000e+02
4.697080000000000268e+02 2.900000000000000000e+02
4.709390000000000214e+02 1.400000000000000000e+02
4.710840000000000032e+02 1.400000000000000000e+02
4.715020000000000095e+02 6.000000000000000000e+02
4.726870000000000118e+02 3.000000000000000000e+02
4.729529999999999745e+02 2.700000000000000000e+02
4.731990000000000123e+02 1.800000000000000000e+02
4.735441000000000145e+02 1.000000000000000000e+02
4.738009999999999877e+02 2.500000000000000000e+02
4.745489999999999782e+02 1.000000000000000000e+02
4.748249999999999886e+02 1.500000000000000000e+02
4.748439999999999941e+02 3.000000000000000000e+02
4.764049999999999727e+02 1.000000000000000000e+02
4.773159999999999741e+02 3.000000000000000000e+02
4.776639999999999873e+02 4.500000000000000000e+02
4.784689999999999941e+02 1.100000000000000000e+02
4.858750000000000000e+02 6.000000000000000000e+02
4.880484000000000151e+02 3.000000000000000000e+01
4.887409999999999854e+02 2.000000000000000000e+01
4.908360000000000127e+02 1.100000000000000000e+02
4.914001000000000090e+02 1.000000000000000000e+01
4.915389999999999873e+02 1.400000000000000000e+02
4.925969999999999800e+02 2.000000000000000000e+02
4.937379999999999995e+02 1.400000000000000000e+02
4.941120000000000232e+02 3.200000000000000000e+02
4.941680000000000064e+02 1.600000000000000000e+02
4.952749999999999773e+02 3.800000000000000000e+02
4.977139999999999986e+02 1.100000000000000000e+02
5.019990000000000236e+02 1.200000000000000000e+02
5.021159999999999854e+02 2.000000000000000000e+02
5.028360000000000127e+02 2.000000000000000000e+02
5.034780000000000086e+02 1.000000000000000000e+02
5.035810000000000173e+02 2.700000000000000000e+02
5.045240000000000009e+02 1.100000000000000000e+02
5.046929999999999836e+02 3.200000000000000000e+02
5.054809999999999945e+02 1.600000000000000000e+02
5.088539999999999850e+02 1.800000000000000000e+02
5.111800000000000068e+02 3.600000000000000000e+02
5.112180000000000177e+02 5.600000000000000000e+02
5.130950000000000273e+02 4.100000000000000000e+02
5.134869999999999663e+02 2.700000000000000000e+02
5.136570000000000391e+02 2.700000000000000000e+02
5.141240000000000236e+02 1.000000000000000000e+02
5.153740000000000236e+02 1.000000000000000000e+02
5.163179999999999836e+02 2.000000000000000000e+02
5.175339999999999918e+02 6.200000000000000000e+02
5.192770000000000437e+02 2.000000000000000000e+02
5.192770000000000437e+02 2.000000000000000000e+02
5.195879999999999654e+02 1.200000000000000000e+02
5.196559999999999491e+02 1.500000000000000000e+02
5.196760000000000446e+02 2.000000000000000000e+02
5.207999999999999545e+02 3.600000000000000000e+02
5.209349999999999454e+02 1.500000000000000000e+02
5.209959999999999809e+02 1.500000000000000000e+02
5.220499999999999545e+02 3.600000000000000000e+02
5.221559999999999491e+02 5.600000000000000000e+02
5.229429999999999836e+02 1.100000000000000000e+02
5.253200000000000500e+02 1.000000000000000000e+01
5.261190000000000282e+02 6.800000000000000000e+02
5.263139999999999645e+02 1.500000000000000000e+02
5.265349999999999682e+02 1.800000000000000000e+02
5.265910000000000082e+02 1.000000000000000000e+03
5.286169999999999618e+02 1.500000000000000000e+03
5.293490000000000464e+02 3.400000000000000000e+02
5.294089999999999918e+02 3.400000000000000000e+02
5.299560000000000173e+02 2.300000000000000000e+02
5.301459999999999582e+02 1.500000000000000000e+03
5.324239999999999782e+02 4.300000000000000000e+02
5.341509999999999536e+02 1.500000000000000000e+03
5.353890000000000100e+02 2.000000000000000000e+02
5.429210000000000491e+02 1.000000000000000000e+02
5.503029999999999973e+02 1.600000000000000000e+01
5.510320000000000391e+02 4.000000000000000000e+01
5.510679999999999836e+02 6.500000000000000000e+01
5.513160000000000309e+02 1.600000000000000000e+01
5.515109999999999673e+02 5.500000000000000000e+01
5.516649999999999636e+02 2.800000000000000000e+01
5.520910000000000082e+02 1.300000000000000000e+01
5.521839999999999691e+02 2.000000000000000000e+01
5.524320000000000164e+02 4.500000000000000000e+01
5.525679999999999836e+02 2.800000000000000000e+01
5.527440000000000282e+02 2.800000000000000000e+01
5.529470000000000027e+02 1.600000000000000000e+01
5.531749999999999545e+02 1.300000000000000000e+01
5.532699999999999818e+02 4.500000000000000000e+01
5.536710000000000491e+02 1.500000000000000000e+02
5.539909999999999854e+02 2.800000000000000000e+01
5.540320000000000391e+02 2.000000000000000000e+01
5.546549999999999727e+02 5.500000000000000000e+01
5.549869999999999663e+02 2.000000000000000000e+01
5.554959999999999809e+02 1.100000000000000000e+01
5.562999999999999545e+02 2.200000000000000000e+01
5.563600000000000136e+02 4.500000000000000000e+01
5.567069999999999936e+02 1.300000000000000000e+01
5.568460000000000036e+02 1.300000000000000000e+01
5.573379999999999654e+02 4.500000000000000000e+01
5.576159999999999854e+02 1.100000000000000000e+01
5.580359999999999445e+02 1.100000000000000000e+01
5.583289999999999509e+02 1.000000000000000000e+02
5.583899999999999864e+02 1.300000000000000000e+01
5.585570000000000164e+02 1.100000000000000000e+01
5.596470000000000482e+02 2.200000000000000000e+01
5.598840000000000146e+02 2.200000000000000000e+01
5.602859999999999445e+02 1.300000000000000000e+01
5.607210000000000036e+02 9.000000000000000000e+01
5.608239999999999554e+02 1.300000000000000000e+01
5.610489999999999782e+02 2.800000000000000000e+01
5.611779999999999973e+02 5.500000000000000000e+01
5.621620000000000346e+02 1.100000000000000000e+01
5.621820000000000164e+02 2.000000000000000000e+01
5.623450000000000273e+02 4.500000000000000000e+01
5.624610000000000127e+02 1.100000000000000000e+02
5.626009999999999991e+02 9.000000000000000000e+01
5.634589999999999463e+02 1.100000000000000000e+01
5.638020000000000209e+02 2.200000000000000000e+01
5.640359999999999445e+02 5.500000000000000000e+01
5.641939999999999600e+02 1.600000000000000000e+01
5.644729999999999563e+02 1.600000000000000000e+01
5.646979999999999791e+02 2.200000000000000000e+01
5.648369999999999891e+02 1.500000000000000000e+02
5.655800000000000409e+02 3.500000000000000000e+01
5.655800000000000409e+02 3.500000000000000000e+01
5.661409999999999627e+02 5.500000000000000000e+01
5.663139999999999645e+02 3.500000000000000000e+01
5.663759999999999764e+02 1.600000000000000000e+01
5.670030000000000427e+02 6.500000000000000000e+01
5.671119999999999663e+02 4.500000000000000000e+01
5.671559999999999491e+02 3.500000000000000000e+01
5.675710000000000264e+02 1.600000000000000000e+01
5.678609999999999900e+02 1.600000000000000000e+01
5.683469999999999800e+02 5.500000000000000000e+01
5.687179999999999609e+02 1.300000000000000000e+01
5.688099999999999454e+02 1.600000000000000000e+01
5.688750000000000000e+02 2.200000000000000000e+01
5.688750000000000000e+02 2.200000000000000000e+01
5.690019999999999527e+02 6.500000000000000000e+01
5.690789999999999509e+02 2.200000000000000000e+01
5.690789999999999509e+02 2.200000000000000000e+01
5.692549999999999955e+02 5.500000000000000000e+01
5.697480000000000473e+02 2.200000000000000000e+01
5.705960000000000036e+02 2.200000000000000000e+01
5.709189999999999827e+02 6.500000000000000000e+01
5.713210000000000264e+02 4.000000000000000000e+01
5.715420000000000300e+02 2.200000000000000000e+01
5.717670000000000528e+02 1.600000000000000000e+01
5.720670000000000073e+02 4.500000000000000000e+01
5.720670000000000073e+02 4.500000000000000000e+01
5.721219999999999573e+02 4.500000000000000000e+01
5.721390000000000100e+02 4.500000000000000000e+01
5.729969999999999573e+02 1.100000000000000000e+01
5.733469999999999800e+02 4.000000000000000000e+01
5.748719999999999573e+02 2.000000000000000000e+01
5.749329999999999927e+02 1.100000000000000000e+01
5.749539999999999509e+02 1.100000000000000000e+01
5.754619999999999891e+02 2.200000000000000000e+01
5.757770000000000437e+02 9.000000000000000000e+01
5.761000000000000227e+02 1.600000000000000000e+01
5.761799999999999500e+02 2.200000000000000000e+01
5.766870000000000118e+02 6.000000000000000000e+02
5.770760000000000218e+02 2.200000000000000000e+01
5.771390000000000100e+02 1.600000000000000000e+01
5.774759999999999991e+02 4.500000000000000000e+01
5.777509999999999764e+02 1.100000000000000000e+01
5.778890000000000100e+02 1.600000000000000000e+01
5.780879999999999654e+02 9.000000000000000000e+01
5.786879999999999882e+02 6.500000000000000000e+01
5.787770000000000437e+02 6.500000000000000000e+01
5.789900000000000091e+02 1.600000000000000000e+01
5.790529999999999973e+02 1.600000000000000000e+01
5.792469999999999573e+02 1.600000000000000000e+01
5.792970000000000255e+02 4.500000000000000000e+01
5.794560000000000173e+02 2.200000000000000000e+01
5.812190000000000509e+02 4.000000000000000000e+01
5.815159999999999627e+02 1.600000000000000000e+01
5.816779999999999973e+02 1.600000000000000000e+02
5.816939999999999600e+02 1.600000000000000000e+02
5.820180000000000291e+02 5.500000000000000000e+01
5.822229999999999563e+02 4.000000000000000000e+01
5.822970000000000255e+02 1.600000000000000000e+01
5.824199999999999591e+02 5.500000000000000000e+01
5.825330000000000155e+02 9.000000000000000000e+01
5.832559999999999718e+02 4.500000000000000000e+01
5.836749999999999545e+02 4.000000000000000000e+01
5.846029999999999518e+02 1.500000000000000000e+03
5.846269999999999527e+02 3.500000000000000000e+01
5.846599999999999682e+02 4.000000000000000000e+01
5.848750000000000000e+02 6.500000000000000000e+01
5.852259999999999991e+02 6.500000000000000000e+01
5.854249999999999545e+02 4.500000000000000000e+01
5.856059999999999945e+02 1.100000000000000000e+01
5.857690000000000055e+02 4.500000000000000000e+01
5.858519999999999754e+02 5.500000000000000000e+01
5.861299999999999955e+02 9.000000000000000000e+01
5.870460000000000491e+02 8.000000000000000000e+01
5.870460000000000491e+02 8.000000000000000000e+01
5.875460000000000491e+02 2.200000000000000000e+01
5.876349999999999909e+02 3.500000000000000000e+01
5.879729999999999563e+02 3.500000000000000000e+01
5.880670000000000073e+02 3.500000000000000000e+01
5.880879999999999654e+02 8.000000000000000000e+01
5.886349999999999909e+02 3.500000000000000000e+01
5.893859999999999673e+02 5.500000000000000000e+01
5.895850000000000364e+02 2.200000000000000000e+01
5.904750000000000227e+02 4.000000000000000000e+01
5.906090000000000373e+02 4.500000000000000000e+01
5.910309999999999491e+02 4.000000000000000000e+01
5.916950000000000500e+02 1.100000000000000000e+01
5.917609999999999673e+02 1.100000000000000000e+01
5.922400000000000091e+02 4.000000000000000000e+01
5.932300000000000182e+02 4.000000000000000000e+01
5.937970000000000255e+02 1.600000000000000000e+01
5.941549999999999727e+02 1.600000000000000000e+02
5.942369999999999663e+02 6.500000000000000000e+01
5.943300000000000409e+02 2.200000000000000000e+01
5.948809999999999718e+02 3.500000000000000000e+01
5.949629999999999654e+02 2.000000000000000000e+02
5.951409999999999627e+02 2.200000000000000000e+01
5.952920000000000300e+02 5.500000000000000000e+01
5.952920000000000300e+02 5.500000000000000000e+01
5.953410000000000082e+02 2.000000000000000000e+01
5.957699999999999818e+02 7.000000000000000000e+03
5.958250000000000455e+02 9.000000000000000000e+01
5.958250000000000455e+02 9.000000000000000000e+01
5.958250000000000455e+02 9.000000000000000000e+01
5.958350000000000364e+02 0.000000000000000000e+00
5.960900000000000318e+02 1.300000000000000000e+01
5.963830000000000382e+02 2.000000000000000000e+01
5.964650000000000318e+02 2.800000000000000000e+01
5.969470000000000027e+02 1.100000000000000000e+02
5.978609999999999900e+02 1.300000000000000000e+01
5.980539999999999736e+02 1.300000000000000000e+01
5.982849999999999682e+02 6.500000000000000000e+01
5.987799999999999727e+02 4.000000000000000000e+01
5.988799999999999955e+02 4.500000000000000000e+01
5.988949999999999818e+02 4.500000000000000000e+01
5.992930000000000064e+02 1.300000000000000000e+01
5.996549999999999727e+02 1.300000000000000000e+01
5.997720000000000482e+02 1.100000000000000000e+01
6.000599999999999454e+02 9.000000000000000000e+02
6.004099999999999682e+02 2.900000000000000000e+01
6.007989999999999782e+02 9.000000000000000000e+01
6.010199999999999818e+02 1.300000000000000000e+01
6.018150000000000546e+02 5.500000000000000000e+01
6.019470000000000027e+02 1.500000000000000000e+02
6.021520000000000437e+02 2.800000000000000000e+01
6.027390000000000327e+02 1.500000000000000000e+02
6.044539999999999509e+02 3.500000000000000000e+01
6.048329999999999700e+02 5.500000000000000000e+01
6.050940000000000509e+02 3.500000000000000000e+01
6.051720000000000255e+02 2.800000000000000000e+01
6.052559999999999718e+02 1.100000000000000000e+01
6.054690000000000509e+02 1.500000000000000000e+03
6.056810000000000400e+02 1.400000000000000000e+02
6.068949999999999818e+02 1.300000000000000000e+01
6.072770000000000437e+02 9.000000000000000000e+02
6.087490000000000236e+02 1.300000000000000000e+01
6.087839999999999918e+02 2.800000000000000000e+01
6.089210000000000491e+02 6.500000000000000000e+01
6.091710000000000491e+02 9.000000000000000000e+03
6.092069999999999936e+02 2.000000000000000000e+01
6.094779999999999518e+02 2.800000000000000000e+01
6.097970000000000255e+02 1.800000000000000000e+01
6.108410000000000082e+02 2.200000000000000000e+01
6.110769999999999982e+02 1.800000000000000000e+01
6.116069999999999709e+02 6.500000000000000000e+01
6.119710000000000036e+02 2.200000000000000000e+01
6.123840000000000146e+02 2.200000000000000000e+01
6.143210000000000264e+02 3.500000000000000000e+01
6.149930000000000518e+02 6.500000000000000000e+01
6.149940000000000282e+02 6.500000000000000000e+01
6.159519999999999982e+02 2.200000000000000000e+01
6.160800000000000409e+02 1.300000000000000000e+01
6.161939999999999600e+02 5.000000000000000000e+03
6.162889999999999873e+02 1.900000000000000000e+02
6.162930000000000064e+02 1.500000000000000000e+03
6.167089999999999463e+02 1.800000000000000000e+01
6.167649999999999864e+02 2.700000000000000000e+02
6.184049999999999727e+02 5.500000000000000000e+01
6.189669999999999845e+02 1.300000000000000000e+01
6.196760000000000446e+02 1.000000000000000000e+02
6.197340000000000373e+02 2.000000000000000000e+03
6.199160000000000537e+02 3.500000000000000000e+01
6.202530000000000427e+02 3.500000000000000000e+01
6.207350000000000136e+02 1.300000000000000000e+01
6.212309999999999945e+02 1.300000000000000000e+01
6.214450000000000500e+02 2.200000000000000000e+01
6.219779999999999518e+02 1.800000000000000000e+01
6.238529999999999518e+02 2.000000000000000000e+01
6.242780000000000200e+02 2.000000000000000000e+01
6.246079999999999472e+02 4.500000000000000000e+01
6.256829999999999927e+02 3.500000000000000000e+01
6.264279999999999973e+02 4.000000000000000000e+01
6.266269999999999527e+02 1.800000000000000000e+01
6.276399999999999864e+02 2.200000000000000000e+01
6.276549999999999727e+02 2.200000000000000000e+01
6.280420000000000300e+02 4.000000000000000000e+01
6.283020000000000209e+02 1.100000000000000000e+02
6.290760000000000218e+02 1.800000000000000000e+01
6.299750000000000227e+02 1.100000000000000000e+01
6.303790000000000191e+02 1.100000000000000000e+01
6.304089999999999918e+02 3.500000000000000000e+01
6.305789999999999509e+02 1.600000000000000000e+01
6.306970000000000027e+02 3.500000000000000000e+01
6.306970000000000027e+02 3.500000000000000000e+01
6.312110000000000127e+02 2.000000000000000000e+02
6.319880000000000564e+02 1.100000000000000000e+01
6.324109999999999445e+02 4.500000000000000000e+01
6.345629999999999882e+02 2.200000000000000000e+01
6.348859999999999673e+02 2.800000000000000000e+01
6.352740000000000009e+02 1.800000000000000000e+01
6.358959999999999582e+02 2.200000000000000000e+01
6.360789999999999509e+02 5.500000000000000000e+01
6.363410000000000082e+02 1.000000000000000000e+02
6.365380000000000109e+02 1.100000000000000000e+01
6.379370000000000118e+02 1.600000000000000000e+01
6.380349999999999682e+02 1.600000000000000000e+01
6.391340000000000146e+02 1.100000000000000000e+01
6.393759999999999764e+02 1.800000000000000000e+01
6.394950000000000045e+02 4.000000000000000000e+01
6.399729999999999563e+02 4.500000000000000000e+01
6.412459999999999809e+02 1.000000000000000000e+01
6.412999999999999545e+02 5.500000000000000000e+01
6.415449999999999591e+02 4.000000000000000000e+01
6.417200000000000273e+02 1.000000000000000000e+01
6.431040000000000418e+02 3.000000000000000000e+02
6.431409999999999627e+02 4.500000000000000000e+01
6.433619999999999663e+02 4.500000000000000000e+01
6.444560000000000173e+02 7.000000000000000000e+00
6.444560000000000173e+02 7.000000000000000000e+00
6.445689999999999600e+02 9.000000000000000000e+00
6.446520000000000437e+02 3.000000000000000000e+02
6.455220000000000482e+02 1.600000000000000000e+01
6.456620000000000346e+02 9.000000000000000000e+00
6.457960000000000491e+02 9.000000000000000000e+00
6.461979999999999791e+02 9.000000000000000000e+00
6.469510000000000218e+02 1.800000000000000000e+01
6.477050000000000409e+02 9.000000000000000000e+00
6.479809999999999945e+02 3.500000000000000000e+01
6.488339999999999463e+02 4.500000000000000000e+01
6.488759999999999764e+02 9.000000000000000000e+00
6.493540000000000418e+02 4.000000000000000000e+01
6.495280000000000200e+02 9.000000000000000000e+00
6.496680000000000064e+02 1.100000000000000000e+01
6.498909999999999627e+02 2.200000000000000000e+01
6.500739999999999554e+02 1.800000000000000000e+01
6.501839999999999691e+02 6.000000000000000000e+02
6.502519999999999527e+02 2.200000000000000000e+01
6.503289999999999509e+02 3.000000000000000000e+02
6.505890000000000555e+02 9.000000000000000000e+00
6.518940000000000055e+02 8.000000000000000000e+00
6.520589999999999691e+02 1.600000000000000000e+01
6.536330000000000382e+02 8.000000000000000000e+00
6.542279999999999518e+02 1.600000000000000000e+01
6.555109999999999673e+02 7.000000000000000000e+00
6.566430000000000291e+02 2.200000000000000000e+01
6.568579999999999472e+02 4.500000000000000000e+01
6.568579999999999472e+02 4.500000000000000000e+01
6.572849999999999682e+02 7.000000000000000000e+00
6.579819999999999709e+02 6.000000000000000000e+00
6.580720000000000027e+02 2.000000000000000000e+02
6.586380000000000337e+02 6.000000000000000000e+00
6.595560000000000400e+02 9.000000000000000000e+00
6.597300000000000182e+02 1.100000000000000000e+01
6.611689999999999827e+02 1.500000000000000000e+01
6.618289999999999509e+02 1.000000000000000000e+02
6.618500000000000227e+02 5.500000000000000000e+01
6.620170000000000528e+02 1.100000000000000000e+01
6.632830000000000155e+02 7.000000000000000000e+00
6.633890000000000100e+02 1.300000000000000000e+01
6.648959999999999582e+02 1.400000000000000000e+01
6.658669999999999618e+02 7.500000000000000000e+01
6.675249999999999773e+02 5.500000000000000000e+01
6.675620000000000118e+02 7.500000000000000000e+01
6.689360000000000355e+02 5.000000000000000000e+00
6.701100000000000136e+02 4.000000000000000000e+00
6.708550000000000182e+02 6.000000000000000000e+02
6.729489999999999554e+02 1.000000000000000000e+02
6.738650000000000091e+02 1.300000000000000000e+01
6.748949999999999818e+02 3.500000000000000000e+01
6.751050000000000182e+02 1.900000000000000000e+01
6.786860000000000355e+02 7.000000000000000000e+00
6.800480000000000018e+02 5.500000000000000000e+01
6.813640000000000327e+02 1.100000000000000000e+01
6.814750000000000227e+02 1.700000000000000000e+01
6.815919999999999845e+02 1.300000000000000000e+01
6.819489999999999554e+02 9.000000000000000000e+00
6.829479999999999791e+02 3.500000000000000000e+01
6.829840000000000373e+02 2.000000000000000000e+02
6.832380000000000564e+02 1.900000000000000000e+01
6.846280000000000427e+02 9.000000000000000000e+00
6.847359999999999900e+02 9.000000000000000000e+00
6.848479999999999563e+02 9.000000000000000000e+00
6.852350000000000136e+02 1.700000000000000000e+01
6.854660000000000082e+02 1.100000000000000000e+01
6.856520000000000437e+02 1.000000000000000000e+02
6.859189999999999827e+02 2.000000000000000000e+02
6.868690000000000282e+02 1.000000000000000000e+03
6.872340000000000373e+02 1.100000000000000000e+01
6.886559999999999491e+02 7.000000000000000000e+00
6.894610000000000127e+02 8.000000000000000000e+00
6.900960000000000036e+02 1.000000000000000000e+03
6.905420000000000300e+02 5.000000000000000000e+02
6.912050000000000409e+02 7.000000000000000000e+03
6.936459999999999582e+02 1.500000000000000000e+02
6.972880000000000109e+02 5.000000000000000000e+02
6.981760000000000446e+02 1.000000000000000000e+02
6.982050000000000409e+02 8.000000000000000000e+00
7.023450000000000273e+02 4.000000000000000000e+01
7.023450000000000273e+02 4.000000000000000000e+01
7.026470000000000482e+02 1.000000000000000000e+01
7.032329999999999472e+02 5.000000000000000000e+03
7.044339999999999691e+02 1.300000000000000000e+01
7.046390000000000100e+02 8.000000000000000000e+00
7.053010000000000446e+02 7.000000000000000000e+00
7.077160000000000082e+02 1.000000000000000000e+02
7.078569999999999709e+02 4.500000000000000000e+03
7.081939999999999600e+02 1.000000000000000000e+01
7.085940000000000509e+02 1.000000000000000000e+02
7.097140000000000555e+02 1.100000000000000000e+01
7.114489999999999554e+02 5.000000000000000000e+02
7.116509999999999536e+02 2.000000000000000000e+01
7.118859999999999673e+02 1.000000000000000000e+01
7.120199999999999818e+02 1.100000000000000000e+01
7.139299999999999500e+02 7.000000000000000000e+00
7.161849999999999454e+02 1.000000000000000000e+01
7.167619999999999436e+02 1.000000000000000000e+02
7.169750000000000227e+02 7.000000000000000000e+00
7.191929999999999836e+02 7.000000000000000000e+00
7.210839999999999463e+02 1.000000000000000000e+01
7.229690000000000509e+02 2.400000000000000000e+01
7.233519999999999754e+02 1.300000000000000000e+01
7.233609999999999900e+02 2.500000000000000000e+02
7.240249999999999773e+02 1.000000000000000000e+02
7.242210000000000036e+02 2.500000000000000000e+02
7.245259999999999536e+02 7.000000000000000000e+00
7.261209999999999809e+02 7.000000000000000000e+00
7.264320000000000164e+02 1.000000000000000000e+02
7.289619999999999891e+02 7.000000000000000000e+00
7.291200000000000045e+02 7.000000000000000000e+00
7.326440000000000055e+02 7.000000000000000000e+00
7.330489999999999782e+02 7.000000000000000000e+00
7.342709999999999582e+02 1.500000000000000000e+02
7.345720000000000027e+02 3.500000000000000000e+02
7.351770000000000209e+02 2.000000000000000000e+02
7.352630000000000337e+02 3.000000000000000000e+02
7.357549999999999955e+02 1.000000000000000000e+02
7.409600000000000364e+02 1.600000000000000000e+01
7.428529999999999518e+02 2.000000000000000000e+03
7.431100000000000136e+02 4.000000000000000000e+03
7.453790000000000191e+02 2.000000000000000000e+01
7.466019999999999754e+02 1.000000000000000000e+02
7.489460000000000264e+02 2.500000000000000000e+02
7.495259999999999536e+02 2.000000000000000000e+02
7.497649999999999864e+02 1.100000000000000000e+01
7.501490000000000009e+02 6.000000000000000000e+00
7.513239999999999554e+02 1.000000000000000000e+02
7.531180000000000518e+02 5.000000000000000000e+02
7.543099999999999454e+02 1.400000000000000000e+01
7.551280000000000427e+02 1.000000000000000000e+02
7.576950000000000500e+02 6.000000000000000000e+00
7.590729999999999791e+02 1.500000000000000000e+02
7.598500000000000227e+02 3.000000000000000000e+02
7.627730000000000246e+02 1.000000000000000000e+02
7.647759999999999536e+02 2.000000000000000000e+01
7.650449999999999591e+02 1.000000000000000000e+02
7.672759999999999536e+02 1.000000000000000000e+02
7.676760000000000446e+02 2.000000000000000000e+02
7.707100000000000364e+02 7.000000000000000000e+00
7.723970000000000482e+02 1.600000000000000000e+01
7.744470000000000027e+02 5.000000000000000000e+02
7.747720000000000482e+02 2.500000000000000000e+02
7.756440000000000055e+02 5.000000000000000000e+02
7.757609999999999673e+02 1.000000000000000000e+02
7.784120000000000346e+02 3.000000000000000000e+03
7.788300000000000409e+02 6.000000000000000000e+00
7.816889999999999645e+02 2.000000000000000000e+02
7.843429999999999609e+02 6.000000000000000000e+00
7.868300000000000409e+02 1.500000000000000000e+03
7.873840000000000146e+02 1.400000000000000000e+01
7.883260000000000218e+02 6.000000000000000000e+00
7.890289999999999964e+02 1.000000000000000000e+03
7.890729999999999791e+02 6.000000000000000000e+00
7.899260000000000446e+02 4.000000000000000000e+02
7.916180000000000518e+02 1.000000000000000000e+03
7.917369999999999663e+02 6.000000000000000000e+00
7.925339999999999918e+02 1.000000000000000000e+02
7.974940000000000282e+02 1.000000000000000000e+03
8.003339999999999463e+02 2.500000000000000000e+02
8.034130000000000109e+02 6.000000000000000000e+00
8.057649999999999864e+02 6.000000000000000000e+00
8.069660000000000082e+02 1.400000000000000000e+01
8.105130000000000337e+02 3.000000000000000000e+03
8.121770000000000209e+02 2.500000000000000000e+02
8.125009999999999764e+02 1.000000000000000000e+01
8.134470000000000027e+02 4.000000000000000000e+02
8.140579999999999927e+02 1.000000000000000000e+02
8.143339999999999463e+02 1.100000000000000000e+01
8.183590000000000373e+02 5.000000000000000000e+00
8.214189999999999827e+02 5.000000000000000000e+00
8.237590000000000146e+02 1.500000000000000000e+02
8.247160000000000082e+02 2.500000000000000000e+02
8.292210000000000036e+02 6.000000000000000000e+00
8.382140000000000555e+02 6.000000000000000000e+00
8.411409999999999627e+02 1.000000000000000000e+02
8.430140000000000100e+02 6.000000000000000000e+00
8.497319999999999709e+02 1.000000000000000000e+02
8.569980000000000473e+02 2.000000000000000000e+02
8.605099999999999909e+02 5.000000000000000000e+03
8.607630000000000337e+02 6.000000000000000000e+00
8.693970000000000482e+02 5.000000000000000000e+02
8.716979999999999791e+02 1.000000000000000000e+01
8.773790000000000191e+02 5.000000000000000000e+02
8.856480000000000246e+02 1.000000000000000000e+03
8.888609999999999900e+02 1.250000000000000000e+02
8.911150000000000091e+02 1.000000000000000000e+02
9.102480000000000473e+02 2.500000000000000000e+02
9.134410000000000309e+02 2.500000000000000000e+02
9.224850000000000136e+02 2.000000000000000000e+02
9.268099999999999454e+02 2.500000000000000000e+02
9.323099999999999454e+02 1.250000000000000000e+02
9.336889999999999645e+02 2.500000000000000000e+02
9.380009999999999764e+02 1.750000000000000000e+02
9.391140000000000327e+02 1.750000000000000000e+02
9.552390000000000327e+02 1.750000000000000000e+02
9.582369999999999663e+02 1.000000000000000000e+02
9.805670000000000073e+02 1.500000000000000000e+02
9.809059999999999491e+02 1.750000000000000000e+02
9.993899999999999864e+02 5.000000000000000000e+02
1.003384999999999991e+03 5.000000000000000000e+02
1.016311000000000035e+03 5.000000000000000000e+02
1.024144000000000005e+03 5.000000000000000000e+02
1.030440000000000055e+03 5.000000000000000000e+02
1.032741999999999962e+03 5.000000000000000000e+02
1.071951999999999998e+03 5.000000000000000000e+02
