7.860999999999999766e+00 1.000000000000000000e+00
7.889999999999999680e+00 1.000000000000000000e+00
8.080999999999999517e+00 2.000000000000000000e+00
8.111000000000000654e+00 2.000000000000000000e+00
8.518000000000000682e+00 1.000000000000000000e+01
8.557999999999999829e+00 6.000000000000000000e+00
9.044999999999999929e+00 4.000000000000000000e+00
9.085000000000000853e+00 4.000000000000000000e+00
9.644000000000000128e+00 1.500000000000000000e+01
9.714000000000000412e+00 1.000000000000000000e+01
9.820999999999999730e+00 2.000000000000000000e+00
1.178599999999999959e+01 2.000000000000000000e+01
1.189700000000000024e+01 2.000000000000000000e+01
4.578199999999999648e+01 4.000000000000000000e+00
4.581600000000000250e+01 3.000000000000000000e+00
5.151200000000000045e+01 2.000000000000000000e+00
5.163499999999999801e+01 3.000000000000000000e+00
5.666100000000000136e+01 8.000000000000000000e+00
6.457599999999999341e+01 2.000000000000000000e+00
6.457599999999999341e+01 2.000000000000000000e+00
6.457599999999999341e+01 2.000000000000000000e+00
6.522199999999999420e+01 6.000000000000000000e+00
6.533299999999999841e+01 8.000000000000000000e+00
6.734799999999999898e+01 5.000000000000000000e+00
6.734799999999999898e+01 5.000000000000000000e+00
7.499399999999999977e+01 5.000000000000000000e+00
7.499399999999999977e+01 5.000000000000000000e+00
8.000700000000000500e+01 5.000000000000000000e+00
8.051000000000000512e+01 1.000000000000000000e+01
8.150499999999999545e+01 7.000000000000000000e+00
8.181300000000000239e+01 8.000000000000000000e+00
8.205200000000000671e+01 2.000000000000000000e+01
8.234099999999999397e+01 9.000000000000000000e+00
8.437199999999999989e+01 2.000000000000000000e+01
8.457699999999999818e+01 4.000000000000000000e+01
8.501399999999999579e+01 1.000000000000000000e+01
8.834000000000000341e+01 5.000000000000000000e+00
8.897199999999999420e+01 1.000000000000000000e+02
8.920000000000000284e+01 2.000000000000000000e+02
8.994100000000000250e+01 1.000000000000000000e+01
9.017400000000000659e+01 2.000000000000000000e+01
9.130100000000000193e+01 1.000000000000000000e+01
9.138500000000000512e+01 2.000000000000000000e+01
9.298099999999999454e+01 2.000000000000000000e+01
9.390900000000000603e+01 7.000000000000000000e+00
9.679500000000000171e+01 9.000000000000000000e+00
9.898699999999999477e+01 1.000000000000000000e+02
9.926800000000000068e+01 2.000000000000000000e+02
9.935200000000000387e+01 1.000000000000000000e+01
9.947899999999999920e+01 1.300000000000000000e+01
9.973900000000000432e+01 1.600000000000000000e+01
1.005370000000000061e+02 7.000000000000000000e+00
1.020699999999999932e+02 2.500000000000000000e+01
1.023689999999999998e+02 5.000000000000000000e+01
1.031159999999999997e+02 7.000000000000000000e+00
1.033919999999999959e+02 8.000000000000000000e+00
1.037049999999999983e+02 7.000000000000000000e+00
1.057049999999999983e+02 3.000000000000000000e+01
1.057500000000000000e+02 1.500000000000000000e+01
1.066629999999999967e+02 8.000000000000000000e+00
1.083220000000000027e+02 6.000000000000000000e+00
1.108370000000000033e+02 1.400000000000000000e+01
1.109969999999999999e+02 1.600000000000000000e+01
1.113229999999999933e+02 1.800000000000000000e+01
1.122489999999999952e+02 8.000000000000000000e+00
1.127439999999999998e+02 2.000000000000000000e+01
1.127909999999999968e+02 4.000000000000000000e+01
1.128340000000000032e+02 1.000000000000000000e+01
1.140550000000000068e+02 6.000000000000000000e+00
1.141580000000000013e+02 7.000000000000000000e+00
1.142279999999999944e+02 6.000000000000000000e+00
1.144309999999999974e+02 8.000000000000000000e+00
1.144959999999999951e+02 6.000000000000000000e+00
1.145109999999999957e+02 8.000000000000000000e+00
1.145180000000000007e+02 7.000000000000000000e+00
1.155000000000000000e+02 6.000000000000000000e+00
1.155960000000000036e+02 6.000000000000000000e+00
1.158100000000000023e+02 7.000000000000000000e+00
1.160259999999999962e+02 6.000000000000000000e+00
1.161580000000000013e+02 8.000000000000000000e+00
1.174369999999999976e+02 5.000000000000000000e+00
1.174429999999999978e+02 6.000000000000000000e+00
1.177999999999999972e+02 8.000000000000000000e+00
1.190420000000000016e+02 1.000000000000000000e+02
1.193280000000000030e+02 2.000000000000000000e+02
1.194500000000000028e+02 2.500000000000000000e+02
1.197390000000000043e+02 1.000000000000000000e+02
1.206509999999999962e+02 3.000000000000000000e+01
1.206530000000000058e+02 3.000000000000000000e+01
1.207519999999999953e+02 9.000000000000000000e+00
1.210460000000000065e+02 1.000000000000000000e+01
1.216119999999999948e+02 1.000000000000000000e+01
1.223910000000000053e+02 2.000000000000000000e+01
1.224249999999999972e+02 2.000000000000000000e+01
1.224969999999999999e+02 1.000000000000000000e+01
1.226809999999999974e+02 5.000000000000000000e+01
1.226889999999999930e+02 2.000000000000000000e+01
1.226989999999999981e+02 4.000000000000000000e+01
1.227600000000000051e+02 1.000000000000000000e+02
1.228439999999999941e+02 1.000000000000000000e+01
1.228619999999999948e+02 2.500000000000000000e+01
1.228750000000000000e+02 1.500000000000000000e+02
1.229389999999999930e+02 2.000000000000000000e+02
1.235430000000000064e+02 7.000000000000000000e+00
1.235919999999999987e+02 1.000000000000000000e+01
1.246740000000000066e+02 1.000000000000000000e+02
1.248430000000000035e+02 1.500000000000000000e+02
1.250090000000000003e+02 1.000000000000000000e+02
1.250430000000000064e+02 1.500000000000000000e+02
1.251159999999999997e+02 2.000000000000000000e+02
1.255280000000000058e+02 1.000000000000000000e+01
1.256490000000000009e+02 4.000000000000000000e+01
1.258799999999999955e+02 5.000000000000000000e+01
1.260420000000000016e+02 1.000000000000000000e+03
1.264729999999999990e+02 2.000000000000000000e+03
1.265019999999999953e+02 2.000000000000000000e+02
1.280349999999999966e+02 6.000000000000000000e+00
1.294540000000000077e+02 1.700000000000000000e+01
1.296730000000000018e+02 1.400000000000000000e+01
1.298890000000000100e+02 1.500000000000000000e+01
1.298959999999999866e+02 1.800000000000000000e+01
1.301150000000000091e+02 1.400000000000000000e+01
1.303319999999999936e+02 1.600000000000000000e+01
1.304370000000000118e+02 1.000000000000000000e+02
1.305589999999999975e+02 5.000000000000000000e+01
1.309269999999999925e+02 2.000000000000000000e+02
1.309459999999999980e+02 2.000000000000000000e+01
1.312589999999999861e+02 1.300000000000000000e+01
1.341469999999999914e+02 8.000000000000000000e+00
1.342390000000000043e+02 7.000000000000000000e+00
1.343389999999999986e+02 6.000000000000000000e+00
1.346870000000000118e+02 1.000000000000000000e+02
1.348540000000000134e+02 1.000000000000000000e+02
1.350060000000000002e+02 1.500000000000000000e+02
1.350519999999999925e+02 2.000000000000000000e+01
1.350660000000000025e+02 2.000000000000000000e+01
1.352640000000000100e+02 1.000000000000000000e+02
1.353720000000000141e+02 1.000000000000000000e+02
1.361599999999999966e+02 8.000000000000000000e+00
1.362369999999999948e+02 5.000000000000000000e+00
1.363470000000000084e+02 7.000000000000000000e+00
1.365260000000000105e+02 8.000000000000000000e+00
1.367050000000000125e+02 7.000000000000000000e+00
1.369439999999999884e+02 5.000000000000000000e+00
1.373029999999999973e+02 5.000000000000000000e+00
1.387990000000000066e+02 5.000000000000000000e+00
1.393760000000000048e+02 1.500000000000000000e+01
1.402769999999999868e+02 1.200000000000000000e+01
1.409070000000000107e+02 1.000000000000000000e+01
1.410219999999999914e+02 2.000000000000000000e+01
1.416970000000000027e+02 1.000000000000000000e+01
1.417239999999999895e+02 1.300000000000000000e+01
1.433689999999999998e+02 6.000000000000000000e+00
1.435769999999999982e+02 8.000000000000000000e+00
1.436169999999999902e+02 7.000000000000000000e+00
1.441730000000000018e+02 5.000000000000000000e+00
1.447199999999999989e+02 6.000000000000000000e+00
1.457249999999999943e+02 5.000000000000000000e+00
1.474650000000000034e+02 1.500000000000000000e+01
1.484869999999999948e+02 1.500000000000000000e+01
1.485020000000000095e+02 9.000000000000000000e+01
1.485219999999999914e+02 3.000000000000000000e+01
1.485509999999999877e+02 1.000000000000000000e+02
1.500240000000000009e+02 1.200000000000000000e+01
1.501189999999999998e+02 1.000000000000000000e+01
1.501870000000000118e+02 9.000000000000000000e+00
1.506059999999999945e+02 6.000000000000000000e+00
1.509099999999999966e+02 1.000000000000000000e+02
1.512069999999999936e+02 5.000000000000000000e+01
1.513569999999999993e+02 3.000000000000000000e+01
1.516910000000000025e+02 6.000000000000000000e+01
1.526719999999999970e+02 5.000000000000000000e+02
1.533449999999999989e+02 1.000000000000000000e+03
1.562450000000000045e+02 1.000000000000000000e+01
1.562849999999999966e+02 1.500000000000000000e+01
1.563770000000000095e+02 1.000000000000000000e+01
1.573870000000000005e+02 5.000000000000000000e+01
1.574819999999999993e+02 5.000000000000000000e+01
1.592410000000000139e+02 5.000000000000000000e+01
1.594550000000000125e+02 1.500000000000000000e+02
1.594929999999999950e+02 5.000000000000000000e+01
1.597949999999999875e+02 3.000000000000000000e+01
1.622870000000000061e+02 1.000000000000000000e+02
1.625709999999999980e+02 3.000000000000000000e+01
1.629430000000000121e+02 3.000000000000000000e+02
1.629919999999999902e+02 2.000000000000000000e+02
1.631129999999999995e+02 7.500000000000000000e+01
1.633979999999999961e+02 5.000000000000000000e+01
1.634610000000000127e+02 1.000000000000000000e+00
1.653350000000000080e+02 3.000000000000000000e+01
1.664519999999999982e+02 3.000000000000000000e+01
1.666370000000000005e+02 5.000000000000000000e+01
1.667620000000000005e+02 1.000000000000000000e+02
1.668520000000000039e+02 1.000000000000000000e+02
1.672589999999999861e+02 1.000000000000000000e+02
1.673319999999999936e+02 7.000000000000000000e+00
1.675200000000000102e+02 2.000000000000000000e+02
1.682680000000000007e+02 3.000000000000000000e+01
1.686819999999999879e+02 3.000000000000000000e+01
1.689290000000000020e+02 5.000000000000000000e+01
1.690790000000000077e+02 3.000000000000000000e+01
1.693290000000000077e+02 5.000000000000000000e+01
1.695509999999999877e+02 5.000000000000000000e+01
1.696200000000000045e+02 2.000000000000000000e+02
1.697940000000000111e+02 2.000000000000000000e+02
1.700420000000000016e+02 5.000000000000000000e+01
1.700629999999999882e+02 3.000000000000000000e+01
1.702860000000000014e+02 3.000000000000000000e+01
1.704430000000000121e+02 5.000000000000000000e+01
1.710829999999999984e+02 1.000000000000000000e+01
1.711299999999999955e+02 2.000000000000000000e+01
1.722529999999999859e+02 6.000000000000000000e+00
1.727379999999999995e+02 5.000000000000000000e+00
1.743880000000000052e+02 3.000000000000000000e+01
1.747400000000000091e+02 5.000000000000000000e+01
1.753110000000000070e+02 3.000000000000000000e+01
1.763660000000000139e+02 5.000000000000000000e+01
1.765029999999999859e+02 4.000000000000000000e+01
1.765600000000000023e+02 3.000000000000000000e+01
1.766059999999999945e+02 3.000000000000000000e+01
1.770629999999999882e+02 3.000000000000000000e+01
1.770920000000000130e+02 1.000000000000000000e+02
1.776829999999999927e+02 1.000000000000000000e+02
1.783230000000000075e+02 5.000000000000000000e+01
1.799120000000000061e+02 1.000000000000000000e+02
1.808000000000000114e+02 1.500000000000000000e+02
1.809089999999999918e+02 5.000000000000000000e+01
1.814070000000000107e+02 5.000000000000000000e+02
1.816920000000000073e+02 2.000000000000000000e+02
1.817450000000000045e+02 1.000000000000000000e+01
1.822450000000000045e+02 5.000000000000000000e+01
1.836510000000000105e+02 2.000000000000000000e+02
1.838009999999999877e+02 3.000000000000000000e+01
1.841150000000000091e+02 1.000000000000000000e+02
1.841440000000000055e+02 2.000000000000000000e+02
1.842549999999999955e+02 9.000000000000000000e+00
1.843770000000000095e+02 2.000000000000000000e+02
1.845509999999999877e+02 3.000000000000000000e+02
1.846100000000000136e+02 1.000000000000000000e+02
1.847470000000000141e+02 4.000000000000000000e+02
1.848139999999999930e+02 2.000000000000000000e+02
1.848739999999999952e+02 1.000000000000000000e+02
1.850670000000000073e+02 5.000000000000000000e+02
1.851790000000000020e+02 3.000000000000000000e+01
1.852460000000000093e+02 2.000000000000000000e+02
1.853149999999999977e+02 5.000000000000000000e+01
1.869319999999999879e+02 2.000000000000000000e+01
1.870229999999999961e+02 1.500000000000000000e+01
1.873100000000000023e+02 1.000000000000000000e+02
1.874840000000000089e+02 5.000000000000000000e+02
1.875809999999999889e+02 1.000000000000000000e+02
1.881850000000000023e+02 2.000000000000000000e+02
1.887700000000000102e+02 2.000000000000000000e+02
1.893249999999999886e+02 2.000000000000000000e+02
1.901330000000000098e+02 1.000000000000000000e+03
1.902460000000000093e+02 1.000000000000000000e+02
1.904660000000000082e+02 5.000000000000000000e+01
1.910620000000000118e+02 5.000000000000000000e+01
1.941670000000000016e+02 5.000000000000000000e+01
1.944590000000000032e+02 1.500000000000000000e+01
1.949329999999999927e+02 1.000000000000000000e+01
1.949559999999999889e+02 1.000000000000000000e+02
1.954970000000000141e+02 1.000000000000000000e+02
1.984430000000000121e+02 3.000000000000000000e+01
1.991850000000000023e+02 5.000000000000000000e+01
2.011620000000000061e+02 3.000000000000000000e+01
2.055490000000000066e+02 5.000000000000000000e+01
2.059310000000000116e+02 5.000000000000000000e+01
2.059670000000000130e+02 5.000000000000000000e+01
2.061850000000000023e+02 4.000000000000000000e+01
2.066179999999999950e+02 3.000000000000000000e+01
2.072680000000000007e+02 2.000000000000000000e+02
2.073360000000000127e+02 2.000000000000000000e+02
2.103880000000000052e+02 3.000000000000000000e+01
2.115300000000000011e+02 3.000000000000000000e+01
2.120850000000000080e+02 3.000000000000000000e+00
2.124790000000000134e+02 1.000000000000000000e+02
2.128139999999999930e+02 4.000000000000000000e+00
2.134660000000000082e+02 1.000000000000000000e+01
2.137069999999999936e+02 3.000000000000000000e+01
2.137230000000000132e+02 5.000000000000000000e+01
2.148590000000000089e+02 5.000000000000000000e+01
2.177570000000000050e+02 5.000000000000000000e+00
2.208669999999999902e+02 1.100000000000000000e+02
2.211579999999999870e+02 1.150000000000000000e+02
2.212429999999999950e+02 1.100000000000000000e+02
2.217359999999999900e+02 1.200000000000000000e+02
2.218750000000000000e+02 1.200000000000000000e+02
2.219600000000000080e+02 5.000000000000000000e+01
2.287750000000000057e+02 5.000000000000000000e+00
2.287750000000000057e+02 5.000000000000000000e+00
2.287750000000000057e+02 5.000000000000000000e+00
2.291740000000000066e+02 3.500000000000000000e+01
2.296189999999999998e+02 6.000000000000000000e+00
2.297580000000000098e+02 1.000000000000000000e+01
2.301639999999999873e+02 8.000000000000000000e+00
2.303770000000000095e+02 5.500000000000000000e+01
2.308899999999999864e+02 1.000000000000000000e+01
2.329269999999999925e+02 2.000000000000000000e+00
2.335120000000000005e+02 3.000000000000000000e+01
2.335329999999999870e+02 3.000000000000000000e+01
2.344919999999999902e+02 1.000000000000000000e+01
2.350260000000000105e+02 1.000000000000000000e+01
2.350889999999999986e+02 2.000000000000000000e+01
2.353810000000000002e+02 2.000000000000000000e+01
2.357019999999999982e+02 1.000000000000000000e+02
2.357899999999999920e+02 3.000000000000000000e+01
2.358689999999999998e+02 5.000000000000000000e+01
2.360920000000000130e+02 1.000000000000000000e+01
2.367479999999999905e+02 2.000000000000000000e+00
2.367690000000000055e+02 3.000000000000000000e+01
2.371709999999999923e+02 3.000000000000000000e+00
2.374979999999999905e+02 2.000000000000000000e+01
2.429190000000000111e+02 1.000000000000000000e+01
2.435889999999999986e+02 3.000000000000000000e+02
2.439509999999999934e+02 6.500000000000000000e+01
2.444099999999999966e+02 6.500000000000000000e+01
2.450219999999999914e+02 1.100000000000000000e+01
2.452860000000000014e+02 7.000000000000000000e+01
2.483569999999999993e+02 2.000000000000000000e+00
2.483950000000000102e+02 6.000000000000000000e+00
2.486129999999999995e+02 1.000000000000000000e+00
2.507659999999999911e+02 4.250000000000000000e+02
2.515080000000000098e+02 3.750000000000000000e+02
2.516870000000000118e+02 5.000000000000000000e+02
2.518269999999999982e+02 7.000000000000000000e+00
2.519960000000000093e+02 3.500000000000000000e+02
2.524867000000000132e+02 4.250000000000000000e+02
2.529268999999999892e+02 4.500000000000000000e+02
2.533141999999999996e+02 1.100000000000000000e+02
2.542580000000000098e+02 2.500000000000000000e+01
2.546850000000000023e+02 1.000000000000000000e+01
2.559979999999999905e+02 1.400000000000000000e+01
2.564447999999999865e+02 3.000000000000000000e+01
2.569411000000000058e+02 8.500000000000000000e+01
2.577923000000000116e+02 4.500000000000000000e+01
2.632067000000000121e+02 1.900000000000000000e+02
2.641580000000000155e+02 1.100000000000000000e+01
2.656299999999999955e+02 1.400000000000000000e+01
2.672980000000000018e+02 1.000000000000000000e+00
2.675919999999999845e+02 4.000000000000000000e+00
2.676050000000000182e+02 4.000000000000000000e+00
2.678369999999999891e+02 1.000000000000000000e+00
2.683009999999999877e+02 1.000000000000000000e+01
2.724619999999999891e+02 3.000000000000000000e+00
2.724619999999999891e+02 3.000000000000000000e+00
2.817939999999999827e+02 9.000000000000000000e+00
2.832320000000000277e+02 7.000000000000000000e+00
2.840450000000000159e+02 5.000000000000000000e+00
2.882423999999999751e+02 1.000000000000000000e+03
2.888360000000000127e+02 1.000000000000000000e+01
2.895980000000000132e+02 3.000000000000000000e+00
2.905129999999999768e+02 3.000000000000000000e+02
2.905319999999999823e+02 2.000000000000000000e+00
2.906539999999999964e+02 5.000000000000000000e+02
2.960009999999999764e+02 5.000000000000000000e+00
2.971222000000000207e+02 5.500000000000000000e+01
2.972389999999999759e+02 1.000000000000000000e+00
2.972389999999999759e+02 1.000000000000000000e+00
2.972389999999999759e+02 1.000000000000000000e+00
2.981390000000000100e+02 5.000000000000000000e+00
2.988516999999999939e+02 1.500000000000000000e+02
3.007615000000000123e+02 5.000000000000000000e+01
3.013969999999999914e+02 5.000000000000000000e+00
3.020883999999999787e+02 7.500000000000000000e+01
3.022429999999999950e+02 2.000000000000000000e+01
3.030880000000000223e+02 1.000000000000000000e+02
3.035609999999999786e+02 6.000000000000000000e+00
3.038170000000000073e+02 8.000000000000000000e+00
3.041809999999999832e+02 9.000000000000000000e+00
3.042459999999999809e+02 2.000000000000000000e+01
3.043079999999999927e+02 3.000000000000000000e+01
3.044580000000000268e+02 1.000000000000000000e+02
3.044739999999999895e+02 1.000000000000000000e+01
3.044820000000000277e+02 7.000000000000000000e+00
3.045969999999999800e+02 5.000000000000000000e+00
3.046659999999999968e+02 1.000000000000000000e+01
3.049189999999999827e+02 5.000000000000000000e+01
3.054069999999999823e+02 1.500000000000000000e+02
3.069130000000000109e+02 7.000000000000000000e+00
3.087139999999999986e+02 2.500000000000000000e+01
3.087359999999999900e+02 6.000000000000000000e+00
3.094320000000000164e+02 2.000000000000000000e+01
3.094549999999999841e+02 5.000000000000000000e+00
3.097730000000000246e+02 1.600000000000000000e+01
3.127180000000000177e+02 6.000000000000000000e+00
3.148279999999999745e+02 7.000000000000000000e+00
3.150470000000000255e+02 7.000000000000000000e+00
3.162529999999999859e+02 8.000000000000000000e+00
3.166630000000000109e+02 9.000000000000000000e+00
3.186050000000000182e+02 1.600000000000000000e+01
3.186940000000000168e+02 1.300000000000000000e+01
3.189889999999999759e+02 1.500000000000000000e+02
3.193170000000000073e+02 5.000000000000000000e+01
3.194010000000000105e+02 1.500000000000000000e+02
3.195129999999999768e+02 5.000000000000000000e+01
3.195609999999999786e+02 5.000000000000000000e+01
3.196329999999999814e+02 1.000000000000000000e+02
3.197420000000000186e+02 1.400000000000000000e+01
3.200430000000000064e+02 2.000000000000000000e+02
3.203419999999999845e+02 2.000000000000000000e+01
3.204800000000000182e+02 1.000000000000000000e+02
3.210960000000000036e+02 2.000000000000000000e+02
3.211480000000000246e+02 1.500000000000000000e+01
3.215590000000000259e+02 7.500000000000000000e+01
3.217180000000000177e+02 7.000000000000000000e+00
3.218919999999999959e+02 1.500000000000000000e+01
3.221370000000000005e+02 1.000000000000000000e+01
3.223940000000000055e+02 2.000000000000000000e+01
3.231429999999999723e+02 1.200000000000000000e+01
3.234879999999999995e+02 1.400000000000000000e+01
3.242559999999999718e+02 1.500000000000000000e+01
3.245129999999999768e+02 1.000000000000000000e+00
3.254340000000000259e+02 7.000000000000000000e+00
3.254680000000000177e+02 5.000000000000000000e+00
3.255740000000000123e+02 7.000000000000000000e+00
3.259599999999999795e+02 1.200000000000000000e+01
3.271399999999999864e+02 6.000000000000000000e+00
3.277200000000000273e+02 1.000000000000000000e+01
3.280199999999999818e+02 7.000000000000000000e+00
3.334100000000000250e+02 3.000000000000000000e+02
3.340779999999999745e+02 5.000000000000000000e+02
3.487909999999999968e+02 1.500000000000000000e+01
3.526949999999999932e+02 9.000000000000000000e+00
3.570690000000000168e+02 8.000000000000000000e+00
3.591490000000000009e+02 2.000000000000000000e+01
3.623570000000000277e+02 8.000000000000000000e+00
3.640489999999999782e+02 5.000000000000000000e+00
3.646159999999999854e+02 6.000000000000000000e+00
3.682450000000000045e+02 7.000000000000000000e+00
3.683199999999999932e+02 5.000000000000000000e+00
3.763509999999999991e+02 8.000000000000000000e+00
3.774220000000000255e+02 6.000000000000000000e+00
3.792490000000000236e+02 2.000000000000000000e+01
3.797189999999999941e+02 2.500000000000000000e+01
3.807620000000000005e+02 3.000000000000000000e+01
3.843550000000000182e+02 7.000000000000000000e+00
3.854750000000000227e+02 1.000000000000000000e+02
3.857110000000000127e+02 5.000000000000000000e+02
3.863700000000000045e+02 2.000000000000000000e+02
3.906628999999999792e+02 3.000000000000000000e+02
3.925579999999999927e+02 2.000000000000000000e+01
3.948609999999999900e+02 6.000000000000000000e+00
3.956859999999999786e+02 1.000000000000000000e+01
3.964959999999999809e+02 6.000000000000000000e+00
3.978589999999999804e+02 1.000000000000000000e+01
3.982370000000000232e+02 5.000000000000000000e+00
3.992900000000000205e+02 1.500000000000000000e+01
3.999139999999999873e+02 1.000000000000000000e+01
4.032529999999999859e+02 1.000000000000000000e+00
4.039200000000000159e+02 2.000000000000000000e+00
4.076600000000000250e+02 2.000000000000000000e+01
4.077930000000000064e+02 1.500000000000000000e+01
4.090000000000000000e+02 1.000000000000000000e+01
4.103020000000000209e+02 5.000000000000000000e+00
4.103580000000000041e+02 8.000000000000000000e+00
4.104094000000000051e+02 7.000000000000000000e+01
4.116659999999999968e+02 5.000000000000000000e+00
4.117259999999999991e+02 9.000000000000000000e+00
4.129230000000000018e+02 3.000000000000000000e+02
4.132060000000000173e+02 5.000000000000000000e+02
4.184529999999999745e+02 1.000000000000000000e+01
4.191899999999999977e+02 1.000000000000000000e+02
4.199309999999999832e+02 5.000000000000000000e+01
4.213600000000000136e+02 7.000000000000000000e+00
4.213600000000000136e+02 7.000000000000000000e+00
4.315310000000000059e+02 3.000000000000000000e+00
4.329399999999999977e+02 5.000000000000000000e+00
4.339719999999999800e+02 9.000000000000000000e+00
4.342620000000000005e+02 8.000000000000000000e+00
4.378860000000000241e+02 8.000000000000000000e+00
4.404970000000000141e+02 2.000000000000000000e+00
4.404970000000000141e+02 2.000000000000000000e+00
4.404970000000000141e+02 2.000000000000000000e+00
4.407139999999999986e+02 6.000000000000000000e+00
4.407959999999999923e+02 8.000000000000000000e+00
4.412889999999999873e+02 1.000000000000000000e+00
4.495310000000000059e+02 6.000000000000000000e+00
4.553899999999999864e+02 3.000000000000000000e+01
4.555280000000000200e+02 8.000000000000000000e+00
4.569100000000000250e+02 2.500000000000000000e+01
4.576039999999999850e+02 2.000000000000000000e+01
4.612559999999999718e+02 1.000000000000000000e+00
4.612559999999999718e+02 1.000000000000000000e+00
4.620950000000000273e+02 7.000000000000000000e+00
4.622710000000000150e+02 1.000000000000000000e+02
4.623009999999999877e+02 1.500000000000000000e+02
4.629920000000000186e+02 3.000000000000000000e+00
4.632540000000000191e+02 9.000000000000000000e+00
4.639580000000000268e+02 7.000000000000000000e+00
4.655620000000000118e+02 1.000000000000000000e+01
4.658220000000000027e+02 3.000000000000000000e+00
4.667180000000000177e+02 8.000000000000000000e+00
4.668450000000000273e+02 1.000000000000000000e+00
4.674610000000000127e+02 2.000000000000000000e+00
4.684329999999999927e+02 9.000000000000000000e+00
4.685110000000000241e+02 7.000000000000000000e+00
4.717970000000000255e+02 1.600000000000000000e+01
4.731840000000000259e+02 7.000000000000000000e+00
4.784327999999999861e+02 5.000000000000000000e+01
4.793552000000000248e+02 3.500000000000000000e+01
4.793663999999999987e+02 8.000000000000000000e+01
4.801770000000000209e+02 8.000000000000000000e+00
4.814680000000000177e+02 1.500000000000000000e+01
4.821070000000000277e+02 1.600000000000000000e+01
4.830319999999999823e+02 1.800000000000000000e+01
4.884560000000000173e+02 1.500000000000000000e+01
4.908360000000000127e+02 2.000000000000000000e+01
4.934180000000000064e+02 2.000000000000000000e+01
4.948829999999999814e+02 1.000000000000000000e+00
4.948987999999999943e+02 3.000000000000000000e+01
4.951490000000000009e+02 3.000000000000000000e+00
4.951490000000000009e+02 3.000000000000000000e+00
4.951490000000000009e+02 3.000000000000000000e+00
5.007456999999999994e+02 4.000000000000000000e+01
5.042440000000000282e+02 1.000000000000000000e+03
5.057389999999999759e+02 1.000000000000000000e+03
5.092839999999999918e+02 1.000000000000000000e+01
5.115190000000000055e+02 7.000000000000000000e+00
5.115550000000000068e+02 8.000000000000000000e+00
5.183339999999999463e+02 1.000000000000000000e+02
5.186689999999999827e+02 1.000000000000000000e+02
5.194310000000000400e+02 2.000000000000000000e+02
5.198709999999999809e+02 5.000000000000000000e+00
5.203859999999999673e+02 5.000000000000000000e+02
5.296660000000000537e+02 3.000000000000000000e+01
5.306449999999999818e+02 2.000000000000000000e+00
5.306449999999999818e+02 2.000000000000000000e+00
5.310969999999999800e+02 1.000000000000000000e+00
5.406839999999999691e+02 1.000000000000000000e+02
5.418750000000000000e+02 1.500000000000000000e+01
5.430430000000000064e+02 1.500000000000000000e+01
5.434400000000000546e+02 1.500000000000000000e+01
5.440130000000000337e+02 1.000000000000000000e+02
5.448769999999999527e+02 2.000000000000000000e+01
5.452980000000000018e+02 6.000000000000000000e+00
5.456009999999999991e+02 1.500000000000000000e+01
5.457970000000000255e+02 1.000000000000000000e+02
5.467949999999999591e+02 5.000000000000000000e+02
5.468390000000000555e+02 5.000000000000000000e+02
5.470729999999999791e+02 1.000000000000000000e+02
5.474569999999999936e+02 7.000000000000000000e+00
5.494759999999999991e+02 4.000000000000000000e+01
5.497980000000000018e+02 2.000000000000000000e+02
5.519067999999999756e+02 3.500000000000000000e+01
5.542279999999999518e+02 1.000000000000000000e+02
5.578210000000000264e+02 1.500000000000000000e+02
5.623781999999999925e+02 3.000000000000000000e+01
5.634529999999999745e+02 1.000000000000000000e+02
5.641050000000000182e+02 2.000000000000000000e+02
5.647178000000000111e+02 9.000000000000000000e+01
5.662229999999999563e+02 1.500000000000000000e+02
5.667125999999999522e+02 8.000000000000000000e+01
5.671130000000000564e+02 1.000000000000000000e+03
5.683020000000000209e+02 3.000000000000000000e+01
5.686060999999999694e+02 1.200000000000000000e+02
5.690389999999999873e+02 3.000000000000000000e+02
5.692003999999999451e+02 1.000000000000000000e+02
5.702686999999999671e+02 9.000000000000000000e+01
5.702949999999999591e+02 2.000000000000000000e+02
5.706180000000000518e+02 7.000000000000000000e+00
5.707949999999999591e+02 1.000000000000000000e+02
5.709981000000000222e+02 1.600000000000000000e+02
5.717880000000000109e+02 8.000000000000000000e+00
5.741319999999999482e+02 2.000000000000000000e+01
5.749261000000000195e+02 4.500000000000000000e+01
5.755221000000000231e+02 4.500000000000000000e+01
5.755815999999999804e+02 4.500000000000000000e+01
5.764574999999999818e+02 4.500000000000000000e+01
5.773745999999999867e+02 7.000000000000000000e+01
5.781987000000000307e+02 7.000000000000000000e+01
5.787329999999999472e+02 3.000000000000000000e+01
5.794677000000000362e+02 9.000000000000000000e+01
5.796509999999999536e+02 3.000000000000000000e+01
5.799466999999999643e+02 1.000000000000000000e+02
5.802079999999999700e+02 1.500000000000000000e+02
5.808350000000000364e+02 2.000000000000000000e+02
5.829420000000000073e+02 3.000000000000000000e+01
5.847749999999999773e+02 5.000000000000000000e+01
5.869109999999999445e+02 1.000000000000000000e+01
5.870030000000000427e+02 3.000000000000000000e+02
5.875392000000000507e+02 4.000000000000000000e+01
5.900420000000000300e+02 1.000000000000000000e+01
5.916860000000000355e+02 1.500000000000000000e+02
5.950193000000000438e+02 2.000000000000000000e+02
5.959210000000000491e+02 5.000000000000000000e+02
5.980589999999999691e+02 5.000000000000000000e+02
6.069130000000000109e+02 1.000000000000000000e+01
6.081739999999999782e+02 2.000000000000000000e+01
6.088360000000000127e+02 1.000000000000000000e+01
6.126716000000000122e+02 9.000000000000000000e+01
6.133270999999999731e+02 8.500000000000000000e+01
6.133546999999999798e+02 9.000000000000000000e+01
6.144186999999999443e+02 1.000000000000000000e+02
6.146716000000000122e+02 1.000000000000000000e+02
6.156837000000000444e+02 1.600000000000000000e+02
6.239044999999999845e+02 1.600000000000000000e+02
6.240013000000000147e+02 4.000000000000000000e+01
6.245539999999999736e+02 1.250000000000000000e+02
6.246195000000000164e+02 1.250000000000000000e+02
6.255918000000000347e+02 1.800000000000000000e+02
6.316209999999999809e+02 7.000000000000000000e+00
6.333704999999999927e+02 4.500000000000000000e+01
6.348849999999999909e+02 1.000000000000000000e+03
6.373120000000000118e+02 1.000000000000000000e+03
6.526159999999999854e+02 6.000000000000000000e+00
6.528411999999999580e+02 4.500000000000000000e+01
6.529002000000000407e+02 4.500000000000000000e+01
6.557273000000000138e+02 4.500000000000000000e+01
6.662359999999999900e+02 5.000000000000000000e+01
6.666839999999999691e+02 1.500000000000000000e+01
6.669400000000000546e+02 5.000000000000000000e+00
6.673719999999999573e+02 1.000000000000000000e+02
6.701230000000000473e+02 2.000000000000000000e+01
6.703060000000000400e+02 7.000000000000000000e+00
6.718890000000000100e+02 5.000000000000000000e+01
6.723709000000000060e+02 1.000000000000000000e+02
6.743500000000000227e+02 3.000000000000000000e+01
6.752140000000000555e+02 2.000000000000000000e+01
6.820330000000000155e+02 3.000000000000000000e+01
6.831699999999999591e+02 5.000000000000000000e+01
6.833450000000000273e+02 6.000000000000000000e+00
6.850457999999999856e+02 3.000000000000000000e+01
6.853540000000000418e+02 7.000000000000000000e+00
6.978446999999999889e+02 8.000000000000000000e+01
7.000289999999999964e+02 3.000000000000000000e+00
7.000289999999999964e+02 3.000000000000000000e+00
7.000289999999999964e+02 3.000000000000000000e+00
7.005498000000000047e+02 1.800000000000000000e+02
7.007815000000000509e+02 1.800000000000000000e+02
7.019220000000000255e+02 3.000000000000000000e+01
7.019580999999999449e+02 9.000000000000000000e+01
7.036843000000000075e+02 2.500000000000000000e+02
7.049880000000000564e+02 6.000000000000000000e+00
7.070359999999999445e+02 4.000000000000000000e+00
7.166660000000000537e+02 7.000000000000000000e+01
7.167519999999999527e+02 2.000000000000000000e+02
7.186870000000000118e+02 7.000000000000000000e+01
7.195560000000000400e+02 6.500000000000000000e+01
7.195879999999999654e+02 3.000000000000000000e+01
7.228197000000000116e+02 1.000000000000000000e+02
7.237319999999999709e+02 1.000000000000000000e+02
7.237809999999999491e+02 6.000000000000000000e+01
7.252622999999999820e+02 1.800000000000000000e+02
7.277299000000000433e+02 1.600000000000000000e+02
7.284819999999999709e+02 4.000000000000000000e+01
7.291181000000000267e+02 4.000000000000000000e+02
7.292269999999999754e+02 5.500000000000000000e+01
7.375030000000000427e+02 3.500000000000000000e+01
7.407813999999999623e+02 3.750000000000000000e+02
7.411123000000000047e+02 2.000000000000000000e+02
7.417390000000000327e+02 4.000000000000000000e+01
7.417989000000000033e+02 2.750000000000000000e+02
7.425542000000000371e+02 4.250000000000000000e+02
7.426639999999999873e+02 8.500000000000000000e+01
7.463949999999999818e+02 5.000000000000000000e+00
7.464679999999999609e+02 8.000000000000000000e+00
7.468379999999999654e+02 9.000000000000000000e+00
7.614460000000000264e+02 1.200000000000000000e+01
7.632599999999999909e+02 2.000000000000000000e+00
7.656670000000000300e+02 4.000000000000000000e+00
7.680860000000000127e+02 4.000000000000000000e+00
7.682381000000000313e+02 1.000000000000000000e+02
7.720910000000000082e+02 5.000000000000000000e+00
7.725950000000000273e+02 6.000000000000000000e+00
7.727770000000000437e+02 2.000000000000000000e+00
7.732599999999999909e+02 1.000000000000000000e+00
7.744840000000000373e+02 4.000000000000000000e+01
7.755040000000000191e+02 1.000000000000000000e+00
7.802154000000000451e+02 3.000000000000000000e+01
7.850960000000000036e+02 4.000000000000000000e+02
7.851879999999999882e+02 5.000000000000000000e+02
7.852127000000000407e+02 3.000000000000000000e+01
7.920564000000000533e+02 9.000000000000000000e+01
7.934530999999999494e+02 1.200000000000000000e+02
7.946186000000000149e+02 1.400000000000000000e+02
7.972498000000000502e+02 3.500000000000000000e+01
8.037829000000000406e+02 3.500000000000000000e+01
8.095466000000000122e+02 7.000000000000000000e+01
8.105090000000000146e+02 9.000000000000000000e+00
8.105679999999999836e+02 1.100000000000000000e+01
8.192680000000000291e+02 7.000000000000000000e+00
8.193410000000000082e+02 6.000000000000000000e+00
8.193930000000000291e+02 8.000000000000000000e+00
8.232904999999999518e+02 3.500000000000000000e+01
8.242880000000000109e+02 1.000000000000000000e+00
8.242880000000000109e+02 1.000000000000000000e+00
8.242880000000000109e+02 1.000000000000000000e+00
8.264840000000000373e+02 9.000000000000000000e+00
8.267910000000000537e+02 5.000000000000000000e+00
8.271589999999999918e+02 8.000000000000000000e+00
8.273650000000000091e+02 5.000000000000000000e+00
8.274210000000000491e+02 6.000000000000000000e+00
8.446301999999999452e+02 4.000000000000000000e+01
8.503882999999999583e+02 4.000000000000000000e+01
8.504556999999999789e+02 6.000000000000000000e+01
8.538509999999999991e+02 4.000000000000000000e+01
8.559130999999999858e+02 1.200000000000000000e+02
8.650837999999999965e+02 5.000000000000000000e+01
8.730407999999999902e+02 4.000000000000000000e+01
8.744851999999999634e+02 7.500000000000000000e+01
8.754412999999999556e+02 1.000000000000000000e+02
8.792803000000000111e+02 3.500000000000000000e+01
8.959710000000000036e+02 2.000000000000000000e+00
9.020639999999999645e+02 1.000000000000000000e+00
9.415299999999999727e+02 1.000000000000000000e+02
9.416088999999999487e+02 1.000000000000000000e+02
1.037411100000000033e+03 3.000000000000000000e+01
1.058804100000000062e+03 1.200000000000000000e+02
1.060633599999999888e+03 1.200000000000000000e+02
1.066389599999999973e+03 1.200000000000000000e+02
1.069718100000000049e+03 3.000000000000000000e+01
1.073034699999999930e+03 3.000000000000000000e+01
1.075232899999999972e+03 6.000000000000000000e+01
1.078750399999999900e+03 3.000000000000000000e+01
1.078981099999999969e+03 8.000000000000000000e+01
1.083005699999999933e+03 1.400000000000000000e+02
1.084682399999999916e+03 6.000000000000000000e+01
1.087176999999999907e+03 3.000000000000000000e+01
1.087251800000000003e+03 1.300000000000000000e+02
1.088578299999999899e+03 3.000000000000000000e+01
1.088831799999999930e+03 3.000000000000000000e+01
1.098231500000000096e+03 8.000000000000000000e+01
1.098506900000000087e+03 3.000000000000000000e+01
1.102098300000000108e+03 8.000000000000000000e+01
1.119066000000000031e+03 1.300000000000000000e+01
1.129292999999999893e+03 1.200000000000000000e+01
1.161426999999999907e+03 1.200000000000000000e+01
1.198747000000000071e+03 3.700000000000000000e+02
1.199484999999999900e+03 2.200000000000000000e+02
1.203480000000000018e+03 4.400000000000000000e+02
1.210683999999999969e+03 1.500000000000000000e+02
1.227403999999999996e+03 1.200000000000000000e+02
1.318049999999999955e+03 1.100000000000000000e+01
1.589272999999999911e+03 1.900000000000000000e+02
1.596440000000000055e+03 4.000000000000000000e+01
1.606442000000000007e+03 9.500000000000000000e+01
1.609920000000000073e+03 2.000000000000000000e+01
1.616813000000000102e+03 6.000000000000000000e+01
1.622010999999999967e+03 1.100000000000000000e+01
1.638603000000000065e+03 1.600000000000000000e+01
1.668532999999999902e+03 2.900000000000000000e+01
1.733201999999999998e+03 2.800000000000000000e+01
1.872800999999999931e+03 2.600000000000000000e+01
1.939123000000000047e+03 1.500000000000000000e+01
1.943827999999999975e+03 4.800000000000000000e+01
1.949869999999999891e+03 1.300000000000000000e+01
1.972788000000000011e+03 1.100000000000000000e+02
1.993432000000000016e+03 3.100000000000000000e+01
2.092284000000000106e+03 1.200000000000000000e+01
2.136007000000000062e+03 2.100000000000000000e+01
2.206873000000000047e+03 1.200000000000000000e+01
