1.573639999999999972e+01 1.000000000000000000e+01
1.617889999999999873e+01 1.000000000000000000e+02
1.619669999999999987e+01 6.000000000000000000e+03
1.627980000000000160e+01 5.000000000000000000e+02
1.629009999999999891e+01 4.000000000000000000e+02
1.636189999999999856e+01 2.000000000000000000e+02
1.637839999999999918e+01 2.500000000000000000e+03
1.640020000000000167e+01 2.000000000000000000e+01
1.641079999999999828e+01 3.000000000000000000e+03
1.660589999999999833e+01 1.500000000000000000e+03
1.674429999999999907e+01 2.000000000000000000e+02
1.684909999999999997e+01 2.000000000000000000e+01
1.687160000000000082e+01 5.000000000000000000e+03
1.691219999999999857e+01 5.000000000000000000e+02
1.693639999999999901e+01 2.500000000000000000e+03
1.697929999999999851e+01 5.000000000000000000e+01
1.704779999999999873e+01 2.500000000000000000e+03
1.705910000000000082e+01 4.000000000000000000e+02
1.711029999999999873e+01 3.000000000000000000e+02
1.722370000000000090e+01 5.000000000000000000e+02
1.734720000000000084e+01 6.000000000000000000e+02
1.755320000000000036e+01 5.000000000000000000e+02
1.755809999999999960e+01 6.000000000000000000e+02
1.759959999999999880e+01 1.000000000000000000e+00
1.781660000000000110e+01 2.000000000000000000e+00
1.786230000000000118e+01 2.000000000000000000e+00
1.841440000000000055e+01 1.000000000000000000e+00
1.878490000000000038e+01 2.500000000000000000e+01
1.884690000000000154e+01 3.000000000000000000e+00
1.915709999999999980e+01 5.000000000000000000e+01
1.938429999999999964e+01 3.000000000000000000e+00
1.938879999999999981e+01 3.000000000000000000e+00
1.941649999999999920e+01 1.000000000000000000e+01
1.944569999999999865e+01 1.000000000000000000e+01
1.961479999999999890e+01 3.000000000000000000e+01
1.962059999999999960e+01 2.500000000000000000e+01
1.964399999999999835e+01 4.000000000000000000e+01
1.984949999999999903e+01 3.000000000000000000e+00
1.986400000000000077e+01 2.000000000000000000e+01
1.987529999999999930e+01 6.000000000000000000e+01
1.989900000000000091e+01 3.000000000000000000e+00
1.992849999999999966e+01 3.000000000000000000e+00
1.994600000000000151e+01 2.000000000000000000e+00
2.003920000000000101e+01 8.000000000000000000e+01
2.006940000000000168e+01 1.000000000000000000e+00
2.010640000000000072e+01 3.000000000000000000e+01
2.027799999999999869e+01 3.000000000000000000e+01
2.027919999999999945e+01 4.000000000000000000e+01
2.035310000000000130e+01 1.000000000000000000e+01
2.055249999999999844e+01 1.000000000000000000e+00
2.057310000000000016e+01 1.000000000000000000e+01
2.080359999999999943e+01 2.000000000000000000e+00
2.111439999999999984e+01 2.000000000000000000e+01
2.117999999999999972e+01 3.000000000000000000e+00
2.123179999999999978e+01 2.000000000000000000e+01
2.145100000000000051e+01 3.000000000000000000e+00
2.159700000000000131e+01 6.000000000000000000e+00
2.173900000000000077e+01 6.000000000000000000e+00
2.175639999999999930e+01 1.000000000000000000e+02
2.178529999999999944e+01 8.000000000000000000e+01
2.217099999999999937e+01 1.200000000000000000e+01
2.221799999999999997e+01 3.000000000000000000e+00
2.228249999999999886e+01 3.000000000000000000e+01
2.229799999999999827e+01 6.000000000000000000e+00
2.230320000000000036e+01 7.000000000000000000e+01
2.235610000000000142e+01 9.000000000000000000e+01
2.235699999999999932e+01 8.000000000000000000e+01
2.238599999999999923e+01 2.000000000000000000e+02
2.238599999999999923e+01 2.000000000000000000e+02
2.241069999999999851e+01 2.000000000000000000e+00
2.245660000000000167e+01 1.000000000000000000e+02
2.247259999999999991e+01 1.500000000000000000e+02
2.251589999999999847e+01 1.000000000000000000e+02
2.287430000000000163e+01 2.000000000000000000e+02
2.288400000000000034e+01 2.000000000000000000e+00
2.289399999999999835e+01 2.000000000000000000e+01
2.291910000000000025e+01 3.000000000000000000e+00
2.294109999999999872e+01 1.000000000000000000e+02
2.295299999999999940e+01 2.000000000000000000e+01
2.297800000000000153e+01 3.000000000000000000e+00
2.298450000000000060e+01 7.000000000000000000e+01
2.299810000000000088e+01 1.000000000000000000e+02
2.300710000000000122e+01 1.500000000000000000e+02
2.302769999999999939e+01 2.000000000000000000e+00
2.310010000000000119e+01 1.000000000000000000e+02
2.311199999999999832e+01 2.000000000000000000e+01
2.312010000000000076e+01 5.000000000000000000e+01
2.316590000000000060e+01 2.000000000000000000e+01
2.317370000000000019e+01 4.000000000000000000e+03
2.317839999999999989e+01 7.000000000000000000e+01
2.322690000000000055e+01 2.000000000000000000e+01
2.323699999999999832e+01 2.000000000000000000e+01
2.328000000000000114e+01 2.000000000000000000e+01
2.351699999999999946e+01 3.000000000000000000e+00
2.352499999999999858e+01 2.000000000000000000e+02
2.353900000000000148e+01 1.500000000000000000e+02
2.354520000000000124e+01 2.500000000000000000e+01
2.357700000000000173e+01 2.500000000000000000e+01
2.362099999999999866e+01 7.000000000000000000e+01
2.366229999999999833e+01 8.000000000000000000e+01
2.386749999999999972e+01 5.000000000000000000e+01
2.387109999999999843e+01 1.000000000000000000e+01
2.392980000000000018e+01 2.000000000000000000e+00
2.397540000000000049e+01 1.000000000000000000e+01
2.413609999999999900e+01 1.500000000000000000e+04
2.421199999999999974e+01 1.000000000000000000e+00
2.423000000000000043e+01 3.000000000000000000e+01
2.425009999999999977e+01 6.000000000000000000e+01
2.426150000000000162e+01 1.500000000000000000e+05
2.431400000000000006e+01 5.000000000000000000e+04
2.433749999999999858e+01 3.000000000000000000e+00
2.439549999999999841e+01 5.000000000000000000e+04
2.441400000000000148e+01 3.000000000000000000e+00
2.453890000000000171e+01 5.000000000000000000e+00
2.454629999999999868e+01 2.000000000000000000e+04
2.458350000000000080e+01 1.000000000000000000e+04
2.463800000000000168e+01 1.200000000000000000e+05
2.466689999999999827e+01 1.000000000000000000e+05
2.512229999999999919e+01 1.000000000000000000e+05
2.525789999999999935e+01 2.000000000000000000e+04
2.554889999999999972e+01 1.000000000000000000e+05
2.560589999999999833e+01 3.000000000000000000e+03
2.567620000000000147e+01 1.000000000000000000e+05
2.590289999999999893e+01 5.000000000000000000e+04
2.602359999999999829e+01 1.000000000000000000e+04
2.606810000000000116e+01 1.000000000000000000e+05
2.616189999999999927e+01 4.000000000000000000e+04
2.633259999999999934e+01 1.500000000000000000e+04
2.637199999999999989e+01 3.000000000000000000e+00
2.646399999999999864e+01 1.500000000000000000e+02
2.656449999999999889e+01 2.000000000000000000e+04
2.665520000000000067e+01 4.500000000000000000e+04
2.712150000000000105e+01 4.000000000000000000e+04
2.715630000000000166e+01 3.500000000000000000e+04
2.723999999999999844e+01 3.000000000000000000e+01
2.730300000000000082e+01 1.500000000000000000e+02
2.750939999999999941e+01 2.000000000000000000e+02
2.763540000000000063e+01 5.000000000000000000e+00
2.764069999999999894e+01 1.000000000000000000e+02
2.764219999999999899e+01 9.000000000000000000e+01
2.785999999999999943e+01 1.000000000000000000e+01
2.804329999999999856e+01 1.000000000000000000e+03
2.811420000000000030e+01 3.000000000000000000e+02
2.891819999999999879e+01 9.000000000000000000e+01
2.918959999999999866e+01 1.000000000000000000e+02
2.939829999999999899e+01 1.000000000000000000e+02
2.977479999999999905e+01 4.000000000000000000e+01
2.978579999999999828e+01 2.000000000000000000e+01
2.979319999999999879e+01 1.500000000000000000e+02
3.053010000000000090e+01 2.500000000000000000e+02
3.060249999999999915e+01 1.500000000000000000e+02
3.113469999999999871e+01 7.000000000000000000e+02
3.115469999999999828e+01 6.000000000000000000e+02
3.128879999999999839e+01 5.000000000000000000e+01
3.129949999999999832e+01 3.000000000000000000e+02
3.130499999999999972e+01 3.000000000000000000e+02
3.133490000000000109e+01 1.000000000000000000e+03
3.146950000000000003e+01 1.000000000000000000e+02
3.152179999999999893e+01 4.000000000000000000e+02
3.159870000000000090e+01 3.000000000000000000e+02
3.181490000000000151e+01 5.000000000000000000e+02
3.182239999999999824e+01 2.000000000000000000e+02
3.192200000000000060e+01 3.000000000000000000e+01
3.199210000000000065e+01 9.000000000000000000e+02
3.200220000000000198e+01 6.000000000000000000e+02
3.204670000000000130e+01 5.000000000000000000e+02
3.205850000000000222e+01 9.000000000000000000e+01
3.209810000000000230e+01 9.000000000000000000e+02
3.216910000000000025e+01 7.000000000000000000e+02
3.228560000000000230e+01 4.000000000000000000e+02
3.255799999999999983e+01 2.000000000000000000e+03
3.265670000000000073e+01 3.000000000000000000e+03
3.267799999999999727e+01 1.000000000000000000e+02
3.268630000000000280e+01 5.000000000000000000e+02
3.299530000000000030e+01 1.250000000000000000e+02
3.303979999999999961e+01 3.000000000000000000e+02
3.317560000000000286e+01 5.000000000000000000e+02
3.330839999999999890e+01 1.000000000000000000e+04
3.337960000000000349e+01 5.000000000000000000e+03
3.343439999999999657e+01 2.500000000000000000e+02
3.351250000000000284e+01 2.000000000000000000e+02
3.351429999999999865e+01 8.000000000000000000e+02
3.357659999999999911e+01 1.500000000000000000e+02
3.366210000000000235e+01 5.000000000000000000e+03
3.382589999999999719e+01 1.500000000000000000e+02
3.389070000000000249e+01 1.000000000000000000e+02
3.390229999999999677e+01 3.000000000000000000e+03
3.400160000000000338e+01 1.000000000000000000e+03
3.404189999999999827e+01 7.500000000000000000e+01
3.407159999999999656e+01 8.000000000000000000e+00
3.409279999999999688e+01 2.000000000000000000e+02
3.416340000000000288e+01 8.000000000000000000e+01
3.423420000000000130e+01 5.000000000000000000e+01
3.444519999999999982e+01 9.000000000000000000e+01
3.445830000000000126e+01 2.000000000000000000e+03
3.447180000000000177e+01 9.000000000000000000e+01
3.449009999999999820e+01 1.500000000000000000e+02
3.469800000000000040e+01 1.500000000000000000e+02
3.470539999999999736e+01 8.000000000000000000e+01
3.496479999999999677e+01 8.000000000000000000e+02
3.497520000000000095e+01 3.000000000000000000e+02
3.503560000000000230e+01 2.000000000000000000e+02
3.513550000000000040e+01 8.000000000000000000e+02
3.529169999999999874e+01 4.000000000000000000e+02
3.539759999999999707e+01 1.500000000000000000e+03
3.552890000000000015e+01 4.000000000000000000e+02
3.555639999999999645e+01 1.500000000000000000e+03
3.558599999999999852e+01 9.000000000000000000e+02
3.580019999999999669e+01 2.500000000000000000e+02
3.591369999999999862e+01 8.000000000000000000e+01
3.593820000000000192e+01 1.500000000000000000e+02
3.599929999999999808e+01 3.000000000000000000e+02
3.609210000000000207e+01 1.000000000000000000e+02
3.610759999999999792e+01 4.000000000000000000e+02
3.627779999999999916e+01 2.000000000000000000e+02
3.638020000000000209e+01 9.000000000000000000e+01
3.677089999999999748e+01 3.000000000000000000e+01
3.704200000000000159e+01 3.000000000000000000e+02
3.709669999999999845e+01 2.000000000000000000e+00
3.720470000000000255e+01 4.000000000000000000e+03
3.724980000000000047e+01 2.000000000000000000e+02
3.732070000000000221e+01 9.000000000000000000e+01
3.766689999999999827e+01 1.000000000000000000e+02
3.770620000000000260e+01 1.250000000000000000e+02
3.773149999999999693e+01 5.000000000000000000e+01
3.799629999999999797e+01 1.000000000000000000e+03
3.820580000000000354e+01 1.000000000000000000e+02
3.835730000000000217e+01 1.000000000000000000e+02
3.868200000000000216e+01 5.000000000000000000e+02
3.887539999999999907e+01 1.500000000000000000e+02
3.893489999999999895e+01 1.500000000000000000e+02
3.936390000000000100e+01 7.000000000000000000e+01
3.940379999999999683e+01 1.250000000000000000e+02
3.949380000000000024e+01 2.000000000000000000e+02
3.952909999999999968e+01 9.000000000000000000e+01
3.977669999999999817e+01 1.000000000000000000e+03
4.034519999999999840e+01 1.500000000000000000e+03
4.043119999999999692e+01 1.250000000000000000e+02
4.051059999999999661e+01 1.000000000000000000e+02
4.088060000000000116e+01 1.000000000000000000e+01
4.093119999999999692e+01 1.500000000000000000e+03
4.105109999999999815e+01 1.500000000000000000e+02
4.126460000000000150e+01 1.000000000000000000e+02
4.148149999999999693e+01 1.500000000000000000e+03
4.150269999999999726e+01 1.500000000000000000e+03
4.154180000000000206e+01 5.000000000000000000e+02
4.181790000000000163e+01 6.000000000000000000e+02
4.185909999999999798e+01 1.800000000000000000e+03
4.197919999999999874e+01 4.000000000000000000e+02
4.207370000000000232e+01 1.500000000000000000e+03
4.235790000000000077e+01 1.000000000000000000e+01
4.250300000000000011e+01 6.000000000000000000e+02
4.278750000000000142e+01 4.000000000000000000e+01
4.288850000000000051e+01 5.000000000000000000e+03
4.307529999999999859e+01 5.000000000000000000e+02
4.347129999999999939e+01 9.000000000000000000e+01
4.363790000000000191e+01 1.500000000000000000e+02
4.376610000000000156e+01 5.000000000000000000e+02
4.380010000000000048e+01 2.000000000000000000e+00
4.411610000000000298e+01 2.000000000000000000e+00
4.416219999999999857e+01 2.500000000000000000e+01
4.429469999999999885e+01 3.000000000000000000e+02
4.467660000000000053e+01 1.500000000000000000e+01
4.519740000000000180e+01 2.500000000000000000e+01
4.529110000000000014e+01 5.000000000000000000e+00
4.556629999999999825e+01 6.000000000000000000e+03
4.558460000000000178e+01 3.500000000000000000e+01
4.562700000000000244e+01 8.000000000000000000e+01
4.563909999999999911e+01 2.000000000000000000e+04
4.652230000000000132e+01 6.000000000000000000e+04
4.707889999999999731e+01 3.000000000000000000e+02
4.717269999999999897e+01 1.000000000000000000e+02
4.731000000000000227e+01 3.000000000000000000e+02
4.767560000000000286e+01 3.000000000000000000e+02
4.799940000000000140e+01 1.000000000000000000e+00
4.818269999999999698e+01 2.000000000000000000e+01
4.866539999999999822e+01 2.000000000000000000e+04
4.918070000000000164e+01 5.000000000000000000e+00
4.986419999999999675e+01 9.000000000000000000e+01
5.032549999999999812e+01 1.500000000000000000e+03
5.041440000000000055e+01 7.000000000000000000e+03
5.068010000000000304e+01 5.000000000000000000e+01
5.214240000000000208e+01 3.000000000000000000e+03
5.223740000000000094e+01 1.200000000000000000e+01
5.252750000000000341e+01 1.000000000000000000e+01
5.315229999999999677e+01 5.000000000000000000e+04
5.380199999999999960e+01 9.000000000000000000e+04
5.414719999999999800e+01 4.000000000000000000e+01
5.445750000000000313e+01 2.000000000000000000e+00
5.481130000000000280e+01 1.000000000000000000e+03
5.497399999999999665e+01 2.000000000000000000e+04
5.504829999999999757e+01 1.000000000000000000e+00
5.594100000000000250e+01 7.000000000000000000e+04
5.730749999999999744e+01 2.000000000000000000e+00
5.849819999999999709e+01 5.000000000000000000e+04
5.851010000000000133e+01 5.000000000000000000e+00
5.861569999999999681e+01 1.000000000000000000e+05
5.974260000000000304e+01 3.000000000000000000e+03
6.024280000000000257e+01 1.000000000000000000e+01
6.146289999999999765e+01 1.500000000000000000e+04
6.232030000000000314e+01 1.500000000000000000e+01
6.238550000000000040e+01 5.000000000000000000e+00
6.309729999999999706e+01 3.000000000000000000e+04
6.436799999999999500e+01 1.000000000000000000e+00
6.466899999999999693e+01 4.000000000000000000e+00
6.505729999999999791e+01 1.000000000000000000e+01
6.520569999999999311e+01 8.000000000000000000e+02
6.538700000000000045e+01 6.000000000000000000e+00
6.551420000000000243e+01 8.000000000000000000e+02
6.566330000000000666e+01 4.000000000000000000e+03
6.569799999999999329e+01 1.000000000000000000e+01
6.687399999999999523e+01 2.500000000000000000e+01
6.711769999999999925e+01 4.000000000000000000e+03
6.719799999999999329e+01 4.000000000000000000e+01
6.907179999999999609e+01 2.500000000000000000e+01
6.917199999999999704e+01 1.000000000000000000e+02
6.921269999999999811e+01 4.000000000000000000e+02
6.934340000000000259e+01 2.000000000000000000e+01
6.938500000000000512e+01 4.000000000000000000e+00
6.951999999999999602e+01 2.000000000000000000e+02
7.020629999999999882e+01 3.000000000000000000e+01
7.068160000000000309e+01 2.500000000000000000e+01
7.095269999999999300e+01 7.500000000000000000e+01
7.096760000000000446e+01 7.500000000000000000e+01
7.114100000000000534e+01 7.000000000000000000e+01
7.139770000000000039e+01 4.000000000000000000e+00
7.145210000000000150e+01 5.000000000000000000e+00
7.151139999999999475e+01 5.000000000000000000e+00
7.166389999999999816e+01 8.000000000000000000e+02
7.175799999999999557e+01 8.000000000000000000e+00
7.213649999999999807e+01 1.500000000000000000e+02
7.220910000000000650e+01 5.000000000000000000e+02
7.263760000000000616e+01 5.000000000000000000e+01
7.279099999999999682e+01 9.000000000000000000e+00
7.284699999999999420e+01 4.000000000000000000e+00
7.288299999999999557e+01 2.000000000000000000e+00
7.297299999999999898e+01 2.000000000000000000e+01
7.304900000000000659e+01 6.000000000000000000e+02
7.317600000000000193e+01 3.000000000000000000e+01
7.326999999999999602e+01 1.500000000000000000e+01
7.329909999999999570e+01 7.500000000000000000e+01
7.343600000000000705e+01 8.000000000000000000e+02
7.349490000000000123e+01 4.000000000000000000e+01
7.369209999999999638e+01 1.250000000000000000e+02
7.379529999999999745e+01 1.000000000000000000e+02
7.386700000000000443e+01 2.500000000000000000e+02
7.386700000000000443e+01 2.500000000000000000e+02
7.395659999999999457e+01 1.500000000000000000e+01
7.399490000000000123e+01 0.000000000000000000e+00
7.431449999999999534e+01 4.000000000000000000e+02
7.447190000000000509e+01 5.000000000000000000e+01
7.465009999999999479e+01 2.500000000000000000e+01
7.479829999999999757e+01 2.000000000000000000e+01
7.500320000000000675e+01 0.000000000000000000e+00
7.505710000000000548e+01 1.500000000000000000e+02
7.530830000000000268e+01 2.000000000000000000e+01
7.540600000000000591e+01 1.000000000000000000e+01
7.541790000000000305e+01 3.000000000000000000e+01
7.555129999999999768e+01 1.000000000000000000e+01
7.558220000000000027e+01 1.500000000000000000e+02
7.565250000000000341e+01 3.000000000000000000e+01
7.586700000000000443e+01 2.000000000000000000e+03
7.672759999999999536e+01 8.000000000000000000e+02
7.690540000000000020e+01 6.000000000000000000e+02
7.707800000000000296e+01 1.500000000000000000e+01
7.712120000000000175e+01 1.200000000000000000e+03
7.717900000000000205e+01 1.000000000000000000e+01
7.786740000000000350e+01 2.000000000000000000e+03
7.795170000000000243e+01 1.000000000000000000e+04
7.806329999999999814e+01 5.000000000000000000e+03
7.851860000000000639e+01 5.000000000000000000e+01
7.856470000000000198e+01 4.000000000000000000e+01
7.862869999999999493e+01 1.000000000000000000e+03
7.878749999999999432e+01 5.000000000000000000e+01
7.881550000000000011e+01 1.200000000000000000e+03
7.887590000000000146e+01 3.000000000000000000e+03
7.910360000000000014e+01 5.000000000000000000e+01
7.932200000000000273e+01 3.000000000000000000e+03
7.960850000000000648e+01 7.500000000000000000e+01
7.965489999999999782e+01 1.500000000000000000e+02
8.022629999999999484e+01 4.500000000000000000e+03
8.025289999999999679e+01 3.500000000000000000e+01
8.042600000000000193e+01 2.000000000000000000e+01
8.051999999999999602e+01 5.000000000000000000e+03
8.054460000000000264e+01 3.000000000000000000e+03
8.061799999999999500e+01 7.500000000000000000e+01
8.079139999999999588e+01 3.000000000000000000e+04
8.088249999999999318e+01 5.000000000000000000e+04
8.089700000000000557e+01 1.500000000000000000e+02
8.099200000000000443e+01 7.000000000000000000e+03
8.101160000000000139e+01 1.000000000000000000e+04
8.107750000000000057e+01 8.000000000000000000e+03
8.114339999999999975e+01 1.000000000000000000e+03
8.118449999999999989e+01 1.000000000000000000e+01
8.138420000000000698e+01 7.000000000000000000e+02
8.142029999999999745e+01 8.000000000000000000e+03
8.154070000000000107e+01 7.000000000000000000e+02
8.164419999999999789e+01 3.000000000000000000e+04
8.168519999999999470e+01 5.000000000000000000e+01
8.199710000000000321e+01 5.000000000000000000e+02
8.204959999999999809e+01 1.500000000000000000e+01
8.215550000000000352e+01 4.500000000000000000e+02
8.220390000000000441e+01 4.500000000000000000e+02
8.230310000000000059e+01 9.000000000000000000e+02
8.239900000000000091e+01 4.500000000000000000e+02
8.243040000000000589e+01 1.000000000000000000e+03
8.256850000000000023e+01 1.200000000000000000e+03
8.260399999999999920e+01 3.000000000000000000e+04
8.260399999999999920e+01 3.000000000000000000e+04
8.261780000000000257e+01 9.000000000000000000e+01
8.303749999999999432e+01 1.000000000000000000e+01
8.319979999999999620e+01 5.000000000000000000e+01
8.377670000000000528e+01 1.500000000000000000e+03
8.384550000000000125e+01 4.000000000000000000e+01
8.410949999999999704e+01 1.800000000000000000e+03
8.472090000000000032e+01 1.600000000000000000e+03
8.481069999999999709e+01 9.000000000000000000e+01
8.484300000000000352e+01 1.000000000000000000e+04
8.509720000000000084e+01 1.000000000000000000e+02
8.518189999999999884e+01 3.000000000000000000e+04
8.543030000000000257e+01 1.000000000000000000e+06
8.556399999999999295e+01 1.000000000000000000e+02
8.557460000000000377e+01 3.000000000000000000e+04
8.566649999999999920e+01 1.000000000000000000e+04
8.578199999999999648e+01 6.000000000000000000e+01
8.580800000000000693e+01 3.000000000000000000e+04
8.580800000000000693e+01 3.000000000000000000e+04
8.591519999999999868e+01 1.000000000000000000e+04
8.602920000000000300e+01 1.800000000000000000e+03
8.607710000000000150e+01 7.500000000000000000e+01
8.619050000000000011e+01 2.000000000000000000e+03
8.625109999999999388e+01 3.000000000000000000e+03
8.649259999999999593e+01 2.000000000000000000e+03
8.649930000000000518e+01 5.000000000000000000e+03
8.672820000000000107e+01 1.000000000000000000e+04
8.689109999999999445e+01 1.600000000000000000e+03
8.694509999999999650e+01 1.000000000000000000e+04
8.713580000000000325e+01 2.500000000000000000e+01
8.714600000000000080e+01 2.000000000000000000e+03
8.717870000000000630e+01 6.000000000000000000e+04
8.727920000000000300e+01 3.000000000000000000e+01
8.742019999999999413e+01 4.000000000000000000e+03
8.747410000000000707e+01 1.000000000000000000e+02
8.762409999999999854e+01 2.000000000000000000e+03
8.765649999999999409e+01 2.500000000000000000e+03
8.783729999999999905e+01 6.000000000000000000e+02
8.787130000000000507e+01 3.000000000000000000e+03
8.794660000000000366e+01 7.500000000000000000e+01
8.812720000000000198e+01 5.000000000000000000e+03
8.838870000000000005e+01 5.000000000000000000e+03
8.850159999999999627e+01 5.000000000000000000e+03
8.853119999999999834e+01 6.000000000000000000e+04
8.870669999999999789e+01 7.500000000000000000e+01
8.894480000000000075e+01 6.000000000000000000e+01
8.926130000000000564e+01 8.000000000000000000e+03
8.950149999999999295e+01 3.000000000000000000e+03
8.956090000000000373e+01 3.000000000000000000e+03
8.957689999999999486e+01 8.000000000000000000e+03
8.971550000000000580e+01 5.000000000000000000e+03
9.001349999999999341e+01 8.000000000000000000e+03
9.021410000000000196e+01 1.500000000000000000e+01
9.028430000000000177e+01 4.000000000000000000e+03
9.053069999999999595e+01 1.000000000000000000e+03
9.079460000000000264e+01 1.000000000000000000e+03
9.136650000000000205e+01 8.000000000000000000e+03
9.159040000000000248e+01 5.000000000000000000e+03
9.176009999999999422e+01 3.000000000000000000e+03
9.202320000000000277e+01 3.000000000000000000e+03
9.217499999999999716e+01 7.000000000000000000e+03
9.221200000000000330e+01 2.000000000000000000e+04
9.221200000000000330e+01 2.000000000000000000e+04
9.227849999999999397e+01 7.000000000000000000e+02
9.232920000000000016e+01 3.000000000000000000e+03
9.246920000000000073e+01 3.000000000000000000e+02
9.259990000000000521e+01 8.000000000000000000e+03
9.265869999999999607e+01 1.000000000000000000e+04
9.300209999999999866e+01 2.500000000000000000e+01
9.325979999999999848e+01 3.000000000000000000e+03
9.327280000000000371e+01 5.000000000000000000e+03
9.385750000000000171e+01 2.000000000000000000e+03
9.406480000000000530e+01 1.500000000000000000e+03
9.419719999999999516e+01 5.000000000000000000e+02
9.459999999999999432e+01 1.500000000000000000e+03
9.466190000000000282e+01 6.000000000000000000e+01
9.512999999999999545e+01 7.000000000000000000e+03
9.563559999999999661e+01 1.500000000000000000e+01
9.568000000000000682e+01 7.500000000000000000e+01
9.568000000000000682e+01 7.500000000000000000e+01
9.569039999999999679e+01 7.500000000000000000e+01
9.569989999999999952e+01 5.000000000000000000e+03
9.582949999999999591e+01 1.000000000000000000e+01
9.585720000000000596e+01 2.000000000000000000e+04
9.598879999999999768e+01 3.000000000000000000e+02
9.617369999999999663e+01 1.500000000000000000e+03
9.646120000000000516e+01 7.500000000000000000e+01
9.648619999999999663e+01 1.800000000000000000e+03
9.703019999999999357e+01 1.000000000000000000e+03
9.712619999999999720e+01 8.000000000000000000e+03
9.735060000000000002e+01 8.000000000000000000e+03
9.842300000000000182e+01 2.500000000000000000e+01
9.877100000000000080e+01 6.000000000000000000e+01
9.879600000000000648e+01 1.500000000000000000e+01
9.892100000000000648e+01 1.500000000000000000e+04
9.963700000000000045e+01 2.500000000000000000e+04
9.970690000000000452e+01 2.000000000000000000e+02
9.991899999999999693e+01 2.000000000000000000e+01
1.000559999999999974e+02 1.500000000000000000e+02
1.001401000000000039e+02 8.000000000000000000e+03
1.003349999999999937e+02 2.500000000000000000e+01
1.006580000000000013e+02 1.000000000000000000e+03
1.007459000000000060e+02 8.000000000000000000e+00
1.007860000000000014e+02 1.200000000000000000e+03
1.012181999999999960e+02 3.000000000000000000e+02
1.013315999999999946e+02 2.000000000000000000e+00
1.013764999999999930e+02 2.000000000000000000e+00
1.021641999999999939e+02 8.000000000000000000e+03
1.023866000000000014e+02 3.000000000000000000e+02
1.024416999999999973e+02 5.000000000000000000e+00
1.024800000000000040e+02 2.000000000000000000e+03
1.025164999999999935e+02 8.000000000000000000e+03
1.026554000000000002e+02 2.000000000000000000e+01
1.028340000000000032e+02 7.000000000000000000e+03
1.028340000000000032e+02 7.000000000000000000e+03
1.040118999999999971e+02 2.000000000000000000e+02
1.043889000000000067e+02 3.000000000000000000e+00
1.044112999999999971e+02 5.000000000000000000e+02
1.044348999999999990e+02 3.000000000000000000e+00
1.049162000000000035e+02 2.500000000000000000e+01
1.062554999999999978e+02 5.000000000000000000e+02
1.063880999999999943e+02 7.500000000000000000e+01
1.065429000000000030e+02 3.500000000000000000e+01
1.065938000000000017e+02 2.000000000000000000e+02
1.069776999999999987e+02 8.000000000000000000e+03
1.072142999999999944e+02 5.000000000000000000e+02
1.072626999999999953e+02 9.000000000000000000e+01
1.074886999999999944e+02 5.000000000000000000e+02
1.077519999999999953e+02 1.200000000000000000e+02
1.077695999999999970e+02 3.000000000000000000e+00
1.081350000000000051e+02 5.000000000000000000e+02
1.084629999999999939e+02 7.500000000000000000e+01
1.086914000000000016e+02 8.000000000000000000e+00
1.088273999999999972e+02 3.000000000000000000e+01
1.088389999999999986e+02 3.500000000000000000e+02
1.090176000000000016e+02 2.000000000000000000e+00
1.091166000000000054e+02 5.000000000000000000e+02
1.093405999999999949e+02 5.000000000000000000e+02
1.095250000000000057e+02 2.500000000000000000e+02
1.095870000000000033e+02 2.500000000000000000e+01
1.097105999999999995e+02 2.000000000000000000e+00
1.100762000000000000e+02 5.000000000000000000e+02
1.103209999999999980e+02 1.500000000000000000e+02
1.104809999999999945e+02 8.000000000000000000e+03
1.105224999999999937e+02 8.000000000000000000e+00
1.112211000000000070e+02 5.000000000000000000e+00
1.113632000000000062e+02 5.000000000000000000e+02
1.115130000000000052e+02 8.000000000000000000e+03
1.115713999999999970e+02 3.500000000000000000e+01
1.117948999999999984e+02 5.000000000000000000e+03
1.122891000000000048e+02 4.000000000000000000e+01
1.123198000000000008e+02 1.500000000000000000e+01
1.123431999999999960e+02 5.000000000000000000e+00
1.125741000000000014e+02 8.000000000000000000e+03
1.127686000000000064e+02 0.000000000000000000e+00
1.128160000000000025e+02 0.000000000000000000e+00
1.130832999999999942e+02 2.000000000000000000e+02
1.131984000000000066e+02 4.000000000000000000e+01
1.134495000000000005e+02 7.500000000000000000e+01
1.134561999999999955e+02 2.000000000000000000e+02
1.136508999999999929e+02 5.000000000000000000e+00
1.136992999999999938e+02 2.000000000000000000e+01
1.137122999999999990e+02 3.000000000000000000e+00
1.137374999999999972e+02 2.000000000000000000e+02
1.142798999999999978e+02 2.000000000000000000e+00
1.150970999999999975e+02 1.500000000000000000e+02
1.157078999999999951e+02 4.000000000000000000e+01
1.161657000000000011e+02 2.000000000000000000e+01
1.162888999999999982e+02 3.000000000000000000e+00
1.163148999999999944e+02 8.000000000000000000e+00
1.164616000000000042e+02 2.000000000000000000e+02
1.167437000000000040e+02 5.000000000000000000e+00
1.168328000000000060e+02 2.000000000000000000e+02
1.168564999999999969e+02 4.000000000000000000e+00
1.169735000000000014e+02 1.500000000000000000e+02
1.169818000000000069e+02 2.000000000000000000e+02
1.176539999999999964e+02 3.000000000000000000e+02
1.177819999999999965e+02 2.000000000000000000e+02
1.179214000000000055e+02 8.000000000000000000e+00
1.185554000000000059e+02 2.000000000000000000e+01
1.187776999999999958e+02 2.000000000000000000e+02
1.188940000000000055e+02 5.000000000000000000e+00
1.191195000000000022e+02 5.000000000000000000e+02
1.191640000000000015e+02 2.000000000000000000e+01
1.197981000000000051e+02 3.000000000000000000e+02
1.201629999999999967e+02 8.000000000000000000e+02
1.209328000000000003e+02 1.000000000000000000e+02
1.210114999999999981e+02 5.000000000000000000e+02
1.213322000000000003e+02 4.000000000000000000e+01
1.218066000000000031e+02 3.000000000000000000e+00
1.221501999999999981e+02 1.500000000000000000e+02
1.227090000000000032e+02 2.000000000000000000e+02
1.230424000000000007e+02 1.500000000000000000e+02
1.240738999999999947e+02 3.000000000000000000e+00
1.241642999999999972e+02 5.000000000000000000e+01
1.242844000000000051e+02 1.000000000000000000e+04
1.246599999999999966e+02 1.500000000000000000e+04
1.248299999999999983e+02 7.500000000000000000e+01
1.248299999999999983e+02 7.500000000000000000e+01
1.250044000000000040e+02 2.000000000000000000e+02
1.254821000000000026e+02 1.000000000000000000e+02
1.256149999999999949e+02 6.000000000000000000e+01
1.256701000000000050e+02 1.200000000000000000e+04
1.259639999999999986e+02 1.000000000000000000e+05
1.260858999999999952e+02 1.200000000000000000e+04
1.262105999999999995e+02 1.500000000000000000e+04
1.265675999999999988e+02 7.500000000000000000e+01
1.268550000000000040e+02 3.000000000000000000e+05
1.271817000000000064e+02 6.000000000000000000e+01
1.273808999999999969e+02 2.000000000000000000e+02
1.274000999999999948e+02 1.000000000000000000e+01
1.275190000000000055e+02 0.000000000000000000e+00
1.278196999999999974e+02 5.000000000000000000e+00
1.279227000000000061e+02 2.000000000000000000e+02
1.280075999999999965e+02 3.000000000000000000e+05
1.280713000000000079e+02 5.000000000000000000e+01
1.281502999999999872e+02 4.000000000000000000e+01
1.283560999999999979e+02 2.000000000000000000e+05
1.284587999999999965e+02 9.000000000000000000e+01
1.285485999999999933e+02 4.000000000000000000e+02
1.287278000000000020e+02 3.000000000000000000e+05
1.288606000000000051e+02 4.000000000000000000e+02
1.288660000000000139e+02 7.000000000000000000e+02
1.289155000000000086e+02 2.000000000000000000e+05
1.289429000000000087e+02 2.500000000000000000e+05
1.289739999999999895e+02 3.000000000000000000e+03
1.292598999999999876e+02 7.000000000000000000e+02
1.295237999999999943e+02 3.000000000000000000e+05
1.297728999999999928e+02 2.000000000000000000e+06
1.299605999999999995e+02 3.000000000000000000e+05
1.303440999999999974e+02 3.000000000000000000e+05
1.306579999999999870e+02 2.500000000000000000e+01
1.306759000000000128e+02 3.000000000000000000e+05
1.306959999999999980e+02 2.500000000000000000e+03
1.307988000000000000e+02 0.000000000000000000e+00
1.309080999999999904e+02 1.000000000000000000e+01
1.309538000000000011e+02 3.000000000000000000e+05
1.309853999999999985e+02 1.500000000000000000e+02
1.310312000000000126e+02 1.500000000000000000e+01
1.313773999999999944e+02 2.500000000000000000e+02
1.314509999999999934e+02 5.000000000000000000e+03
1.314550000000000125e+02 0.000000000000000000e+00
1.315851000000000113e+02 5.000000000000000000e+05
1.316100000000000136e+02 1.500000000000000000e+03
1.317556999999999903e+02 9.000000000000000000e+01
1.317946000000000026e+02 2.000000000000000000e+06
1.318841999999999928e+02 5.000000000000000000e+05
1.320218999999999880e+02 2.500000000000000000e+02
1.322221999999999866e+02 5.000000000000000000e+05
1.322889000000000124e+02 3.000000000000000000e+06
1.324659000000000049e+02 5.000000000000000000e+05
1.325185999999999922e+02 3.000000000000000000e+06
1.327650999999999897e+02 3.000000000000000000e+06
1.328540000000000134e+02 5.000000000000000000e+01
1.334039999999999964e+02 4.000000000000000000e+03
1.335957999999999970e+02 5.000000000000000000e+01
1.336587000000000103e+02 4.000000000000000000e+01
1.336645000000000039e+02 2.500000000000000000e+01
1.336908999999999992e+02 2.500000000000000000e+01
1.337455999999999960e+02 2.000000000000000000e+06
1.340743999999999971e+02 5.000000000000000000e+02
1.341665000000000134e+02 5.000000000000000000e+05
1.342673000000000059e+02 5.000000000000000000e+02
1.343434000000000026e+02 1.000000000000000000e+06
1.343737999999999886e+02 1.000000000000000000e+06
1.344216000000000122e+02 5.000000000000000000e+01
1.347381000000000029e+02 2.000000000000000000e+02
1.349887999999999977e+02 5.000000000000000000e+05
1.350389000000000124e+02 9.000000000000000000e+05
1.352760000000000105e+02 2.000000000000000000e+00
1.354162000000000035e+02 2.000000000000000000e+02
1.354860999999999933e+02 5.000000000000000000e+05
1.355127999999999986e+02 1.000000000000000000e+05
1.355244999999999891e+02 1.800000000000000000e+06
1.356518000000000086e+02 5.000000000000000000e+06
1.359387999999999863e+02 4.500000000000000000e+06
1.360407999999999902e+02 2.500000000000000000e+01
1.360689999999999884e+02 5.000000000000000000e+05
1.360689999999999884e+02 5.000000000000000000e+05
1.361068999999999960e+02 1.500000000000000000e+05
1.361502000000000123e+02 3.000000000000000000e+02
1.363283999999999878e+02 5.000000000000000000e+05
1.367758000000000038e+02 5.000000000000000000e+05
1.369857000000000085e+02 7.500000000000000000e+01
1.376698000000000093e+02 1.000000000000000000e+05
1.380608000000000004e+02 5.000000000000000000e+05
1.383651999999999873e+02 7.500000000000000000e+01
1.383966000000000065e+02 1.000000000000000000e+01
1.384557000000000073e+02 8.000000000000000000e+00
1.386785000000000139e+02 1.000000000000000000e+02
1.387002999999999986e+02 5.000000000000000000e+05
1.387587000000000046e+02 1.000000000000000000e+05
1.389682999999999993e+02 6.000000000000000000e+05
1.391788999999999987e+02 6.000000000000000000e+05
1.392363000000000000e+02 6.000000000000000000e+05
1.396401999999999930e+02 3.000000000000000000e+02
1.396507000000000005e+02 1.000000000000000000e+01
1.400088000000000079e+02 5.000000000000000000e+02
1.403172999999999888e+02 5.000000000000000000e+02
1.404344000000000108e+02 4.000000000000000000e+02
1.408004999999999995e+02 7.500000000000000000e+01
1.408101000000000056e+02 6.000000000000000000e+01
1.412420999999999935e+02 2.500000000000000000e+01
1.414290000000000020e+02 1.500000000000000000e+01
1.415261999999999887e+02 8.000000000000000000e+02
1.416781000000000006e+02 5.000000000000000000e+02
1.421042999999999950e+02 4.000000000000000000e+02
1.421639999999999873e+02 5.000000000000000000e+01
1.422759000000000071e+02 3.000000000000000000e+00
1.423983000000000061e+02 5.000000000000000000e+00
1.426966999999999928e+02 5.000000000000000000e+00
1.428474999999999966e+02 2.000000000000000000e+00
1.431245000000000118e+02 6.000000000000000000e+02
1.431605000000000132e+02 6.000000000000000000e+01
1.433534999999999968e+02 3.500000000000000000e+01
1.434541000000000111e+02 3.000000000000000000e+00
1.435114000000000090e+02 7.500000000000000000e+01
1.439035000000000082e+02 1.500000000000000000e+01
1.440524000000000058e+02 6.000000000000000000e+01
1.451028000000000020e+02 2.000000000000000000e+01
1.453722999999999956e+02 4.000000000000000000e+02
1.455629000000000133e+02 1.500000000000000000e+01
1.455758999999999901e+02 4.000000000000000000e+02
1.457750000000000057e+02 1.500000000000000000e+01
1.464602999999999895e+02 8.000000000000000000e+00
1.469257000000000062e+02 6.000000000000000000e+01
1.476574999999999989e+02 1.200000000000000000e+01
1.478618999999999915e+02 0.000000000000000000e+00
1.498117000000000019e+02 8.000000000000000000e+02
1.503863000000000056e+02 6.000000000000000000e+01
1.505016999999999996e+02 1.200000000000000000e+03
1.508088999999999942e+02 1.500000000000000000e+02
1.509063999999999908e+02 4.000000000000000000e+01
1.522538999999999874e+02 6.000000000000000000e+01
1.523455999999999904e+02 1.200000000000000000e+01
1.526619000000000028e+02 0.000000000000000000e+00
1.531962000000000046e+02 1.200000000000000000e+03
1.533188000000000102e+02 7.000000000000000000e+02
1.540731000000000108e+02 3.000000000000000000e+00
1.549079999999999870e+02 8.000000000000000000e+00
1.553810000000000002e+02 1.500000000000000000e+01
1.557042999999999893e+02 1.000000000000000000e+01
1.561445999999999970e+02 0.000000000000000000e+00
1.561896000000000129e+02 1.200000000000000000e+01
1.563049000000000035e+02 1.500000000000000000e+02
1.566381000000000085e+02 2.500000000000000000e+01
1.573218999999999994e+02 8.000000000000000000e+02
1.576804999999999950e+02 4.000000000000000000e+02
1.583386000000000138e+02 3.000000000000000000e+02
1.588810000000000002e+02 4.000000000000000000e+02
1.589983000000000004e+02 7.500000000000000000e+01
1.594488000000000056e+02 3.000000000000000000e+00
1.600054000000000087e+02 3.000000000000000000e+02
1.600662000000000091e+02 1.200000000000000000e+03
1.606260000000000048e+02 6.000000000000000000e+02
1.606260000000000048e+02 6.000000000000000000e+02
1.606855999999999938e+02 2.000000000000000000e+02
1.609688999999999908e+02 8.000000000000000000e+02
1.616245000000000118e+02 3.000000000000000000e+01
1.634471000000000060e+02 6.000000000000000000e+01
1.635140000000000100e+02 3.000000000000000000e+01
1.640132999999999868e+02 0.000000000000000000e+00
1.640430000000000064e+02 7.500000000000000000e+01
1.640758999999999901e+02 6.000000000000000000e+02
1.643669999999999902e+02 5.000000000000000000e+00
1.644895999999999958e+02 1.500000000000000000e+02
1.648776000000000010e+02 2.000000000000000000e+01
1.649260999999999910e+02 6.000000000000000000e+02
1.649378000000000100e+02 4.000000000000000000e+02
1.659063999999999908e+02 5.000000000000000000e+00
1.663694999999999879e+02 6.000000000000000000e+02
1.666512999999999920e+02 5.000000000000000000e+01
1.667462999999999909e+02 2.000000000000000000e+00
1.668214000000000112e+02 6.000000000000000000e+01
1.682168000000000063e+02 8.000000000000000000e+00
1.685140000000000100e+02 1.200000000000000000e+01
1.691350999999999942e+02 5.000000000000000000e+00
1.691985999999999990e+02 5.000000000000000000e+02
1.698232999999999890e+02 1.500000000000000000e+03
1.698443000000000040e+02 7.000000000000000000e+02
1.704624000000000024e+02 4.000000000000000000e+02
1.722319999999999993e+02 2.000000000000000000e+01
1.722319999999999993e+02 2.000000000000000000e+01
1.724079999999999870e+02 6.000000000000000000e+01
1.725009000000000015e+02 4.000000000000000000e+02
1.734923000000000002e+02 2.000000000000000000e+02
1.759984000000000037e+02 5.000000000000000000e+02
1.763854000000000042e+02 3.000000000000000000e+00
1.764853999999999985e+02 2.500000000000000000e+01
1.767319999999999993e+02 1.200000000000000000e+01
1.773897000000000048e+02 4.000000000000000000e+02
1.776577000000000055e+02 6.000000000000000000e+02
1.779799999999999898e+02 2.000000000000000000e+02
1.783480999999999881e+02 2.000000000000000000e+02
1.786049999999999898e+02 6.000000000000000000e+02
1.788622000000000014e+02 5.000000000000000000e+01
1.800697000000000116e+02 3.500000000000000000e+01
1.801507000000000005e+02 2.000000000000000000e+03
1.813410000000000082e+02 1.000000000000000000e+03
1.816933999999999969e+02 0.000000000000000000e+00
1.823186000000000035e+02 2.000000000000000000e+02
1.826102999999999952e+02 1.800000000000000000e+03
1.829036999999999864e+02 2.000000000000000000e+03
1.830235999999999876e+02 1.500000000000000000e+03
1.831452999999999918e+02 3.000000000000000000e+03
1.836654000000000053e+02 2.000000000000000000e+01
1.837565999999999917e+02 3.000000000000000000e+02
1.866127999999999929e+02 5.000000000000000000e+00
1.874773000000000138e+02 3.000000000000000000e+00
1.882839999999999918e+02 2.500000000000000000e+02
1.888675000000000068e+02 2.000000000000000000e+00
1.895509000000000128e+02 3.000000000000000000e+02
1.896139000000000010e+02 3.000000000000000000e+04
1.902747999999999990e+02 1.000000000000000000e+00
1.909896999999999991e+02 1.500000000000000000e+03
1.919843999999999937e+02 2.500000000000000000e+01
1.927247000000000128e+02 1.500000000000000000e+03
1.929190999999999860e+02 1.500000000000000000e+03
1.967435000000000116e+02 5.000000000000000000e+03
1.979870999999999981e+02 5.000000000000000000e+02
1.981091999999999871e+02 2.000000000000000000e+01
1.992385999999999910e+02 5.000000000000000000e+02
1.992546000000000106e+02 1.200000000000000000e+03
2.008654999999999973e+02 5.000000000000000000e+03
2.008939000000000021e+02 1.200000000000000000e+03
2.016656999999999869e+02 4.000000000000000000e+00
2.042589999999999861e+02 1.000000000000000000e+01
2.042729999999999961e+02 5.000000000000000000e+00
2.046757000000000062e+02 1.500000000000000000e+03
2.048790999999999940e+02 8.000000000000000000e+00
2.057983000000000118e+02 2.000000000000000000e+01
2.060302000000000078e+02 1.200000000000000000e+01
2.061239999999999952e+02 1.500000000000000000e+03
2.063186000000000035e+02 1.500000000000000000e+03
2.067324999999999875e+02 2.000000000000000000e+01
2.069639999999999986e+02 4.000000000000000000e+03
2.071280999999999892e+02 5.000000000000000000e+03
2.079377000000000066e+02 8.000000000000000000e+03
2.094037999999999897e+02 4.000000000000000000e+03
2.111562000000000126e+02 1.200000000000000000e+03
2.112085999999999899e+02 1.000000000000000000e+00
2.114961999999999875e+02 8.000000000000000000e+00
2.124761000000000024e+02 3.000000000000000000e+03
2.128650000000000091e+02 1.000000000000000000e+04
2.132593999999999994e+02 2.000000000000000000e+01
2.132785000000000082e+02 1.200000000000000000e+03
2.138358000000000061e+02 1.500000000000000000e+01
2.153594999999999970e+02 1.200000000000000000e+03
2.155636000000000081e+02 2.400000000000000000e+03
2.191850000000000023e+02 1.600000000000000000e+04
2.201450000000000102e+02 8.000000000000000000e+03
2.206719999999999970e+02 8.000000000000000000e+03
2.222292999999999950e+02 1.000000000000000000e+00
2.243740999999999985e+02 3.500000000000000000e+02
2.261666999999999916e+02 1.000000000000000000e+02
2.262110000000000127e+02 1.500000000000000000e+02
2.262270000000000039e+02 8.000000000000000000e+01
2.278200999999999965e+02 1.000000000000000000e+02
2.285039999999999907e+02 1.000000000000000000e+04
2.300016999999999996e+02 3.000000000000000000e+03
2.320629999999999882e+02 3.000000000000000000e+00
2.328019999999999925e+02 1.000000000000000000e+04
2.354891299999999887e+02 5.000000000000000000e+01
2.367949999999999875e+02 5.000000000000000000e+04
2.374040999999999997e+02 4.000000000000000000e+02
2.395369000000000028e+02 1.500000000000000000e+02
2.401965999999999894e+02 5.000000000000000000e+00
2.414646999999999935e+02 2.500000000000000000e+01
2.415370000000000061e+02 4.000000000000000000e+04
2.422922000000000082e+02 5.600000000000000000e+02
2.424305999999999983e+02 5.000000000000000000e+00
2.437169000000000096e+02 4.000000000000000000e+02
2.442837000000000103e+02 1.200000000000000000e+01
2.446321000000000083e+02 3.000000000000000000e+02
2.461298999999999921e+02 6.000000000000000000e+01
2.465420000000000016e+02 3.000000000000000000e+00
2.472649999999999864e+02 4.000000000000000000e+02
2.487960999999999956e+02 4.000000000000000000e+02
2.491153999999999940e+02 2.500000000000000000e+01
2.549252999999999929e+02 1.000000000000000000e+00
2.682461000000000126e+02 2.000000000000000000e+01
2.695000000000000000e+02 6.000000000000000000e+01
2.696181000000000267e+02 2.600000000000000000e+01
2.711100000000000136e+02 1.000000000000000000e+02
2.711340000000000146e+02 9.000000000000000000e+01
2.723799000000000206e+02 9.500000000000000000e+01
2.730895600000000059e+02 2.200000000000000000e+01
2.735636000000000081e+02 2.200000000000000000e+01
2.743313099999999736e+02 7.000000000000000000e+01
2.760889000000000237e+02 1.400000000000000000e+02
2.780930000000000177e+02 5.000000000000000000e+00
2.785980000000000132e+02 3.000000000000000000e+01
2.786383999999999901e+02 1.200000000000000000e+01
2.792017000000000166e+02 1.200000000000000000e+01
2.792259999999999991e+02 7.000000000000000000e+01
2.800923999999999978e+02 3.000000000000000000e+01
2.804100000000000250e+02 2.000000000000000000e+01
2.807830000000000155e+02 1.000000000000000000e+02
2.814485999999999990e+02 2.600000000000000000e+01
2.817869999999999777e+02 9.000000000000000000e+04
2.819680000000000177e+02 1.800000000000000000e+01
2.823396290000000022e+02 4.500000000000000000e+01
2.826193000000000097e+02 2.200000000000000000e+01
2.827148000000000252e+02 4.500000000000000000e+01
2.855255000000000223e+02 7.000000000000000000e+01
2.857128000000000156e+02 2.600000000000000000e+01
2.858706999999999994e+02 1.100000000000000000e+01
2.868509999999999991e+02 6.000000000000000000e+03
2.887301199999999994e+02 9.500000000000000000e+01
2.898512999999999806e+02 1.800000000000000000e+01
2.899642999999999802e+02 1.400000000000000000e+01
2.914259999999999877e+02 6.000000000000000000e+03
2.918589999999999804e+02 1.500000000000000000e+03
2.919409999999999741e+02 1.600000000000000000e+03
2.919904000000000224e+02 1.600000000000000000e+02
2.930837999999999965e+02 1.800000000000000000e+01
2.941390000000000100e+02 1.500000000000000000e+01
2.946870000000000118e+02 9.900000000000000000e+04
2.949268000000000143e+02 3.900000000000000000e+02
2.949340000000000259e+02 2.000000000000000000e+01
2.965830000000000268e+02 3.500000000000000000e+02
2.971290000000000191e+02 6.000000000000000000e+03
2.974762999999999806e+02 1.800000000000000000e+01
2.975455999999999790e+02 4.800000000000000000e+02
2.981422999999999774e+02 3.000000000000000000e+01
2.985124999999999886e+02 7.500000000000000000e+02
2.996130800000000249e+02 7.000000000000000000e+01
2.997812999999999874e+02 1.400000000000000000e+02
3.006137699999999882e+02 7.000000000000000000e+01
3.014809999999999945e+02 1.400000000000000000e+03
3.019730000000000132e+02 1.500000000000000000e+03
3.019830999999999790e+02 5.500000000000000000e+01
3.022604999999999791e+02 1.300000000000000000e+02
3.023161600000000249e+02 9.000000000000000000e+01
3.027336000000000240e+02 2.600000000000000000e+01
3.037459999999999809e+02 3.000000000000000000e+01
3.039350999999999772e+02 1.200000000000000000e+01
3.045720000000000027e+02 4.500000000000000000e+01
3.046248800000000188e+02 1.900000000000000000e+02
3.048000000000000114e+02 2.200000000000000000e+01
3.056116999999999848e+02 6.000000000000000000e+01
3.087749000000000024e+02 6.000000000000000000e+01
3.092618699999999876e+02 5.500000000000000000e+01
3.094649999999999750e+02 2.200000000000000000e+01
3.096770999999999958e+02 9.500000000000000000e+01
3.112699999999999818e+02 4.500000000000000000e+01
3.112932000000000130e+02 5.500000000000000000e+01
3.112932000000000130e+02 5.500000000000000000e+01
3.115185999999999922e+02 2.200000000000000000e+01
3.129637999999999920e+02 6.000000000000000000e+01
3.130837000000000216e+02 8.000000000000000000e+01
3.136075999999999908e+02 9.500000000000000000e+01
3.156560799999999745e+02 1.300000000000000000e+01
3.173753199999999879e+02 3.000000000000000000e+00
3.173962999999999965e+02 1.100000000000000000e+02
3.180335000000000036e+02 2.200000000000000000e+02
3.186865000000000236e+02 1.000000000000000000e+00
3.192222600000000057e+02 7.000000000000000000e+01
3.196537000000000148e+02 2.300000000000000000e+03
3.201193999999999846e+02 2.200000000000000000e+03
3.204245999999999981e+02 2.200000000000000000e+03
3.210303999999999860e+02 1.000000000000000000e+00
3.217608999999999924e+02 3.560000000000000000e+03
3.217660000000000196e+02 3.400000000000000000e+02
3.228009999999999877e+02 0.000000000000000000e+00
3.243208000000000197e+02 6.200000000000000000e+03
3.268039999999999736e+02 3.000000000000000000e+00
3.277740000000000009e+02 2.500000000000000000e+01
3.281854000000000156e+02 3.100000000000000000e+02
3.309327000000000112e+02 1.900000000000000000e+01
3.328833000000000197e+02 4.700000000000000000e+03
3.341338000000000079e+02 5.500000000000000000e+01
3.362952000000000226e+02 1.600000000000000000e+02
3.389555100000000039e+02 8.500000000000000000e+01
3.398007000000000062e+02 4.500000000000000000e+01
3.413442499999999882e+02 8.500000000000000000e+01
3.449791999999999916e+02 2.000000000000000000e+02
3.451929200000000151e+02 7.000000000000000000e+01
3.468863999999999805e+02 1.100000000000000000e+02
3.485044700000000262e+02 6.000000000000000000e+02
3.486720000000000255e+02 1.700000000000000000e+02
3.497078999999999951e+02 1.700000000000000000e+03
3.511520899999999870e+02 4.000000000000000000e+00
3.522539899999999875e+02 8.000000000000000000e+01
3.546951999999999998e+02 4.500000000000000000e+01
3.550015999999999963e+02 3.900000000000000000e+03
3.550672700000000077e+02 3.000000000000000000e+00
3.552803299999999922e+02 1.300000000000000000e+02
3.553705400000000054e+02 5.400000000000000000e+02
3.559757900000000177e+02 1.700000000000000000e+02
3.572450299999999856e+02 1.900000000000000000e+02
3.577073500000000195e+02 2.600000000000000000e+02
3.585536999999999921e+02 3.300000000000000000e+03
3.588767000000000280e+02 3.000000000000000000e+02
3.590707400000000007e+02 1.000000000000000000e+02
3.593940000000000055e+02 2.800000000000000000e+03
3.601757999999999811e+02 1.000000000000000000e+04
3.602943000000000211e+02 6.200000000000000000e+03
3.612072999999999752e+02 7.800000000000000000e+03
3.621972000000000094e+02 4.300000000000000000e+03
3.629734000000000265e+02 1.900000000000000000e+03
3.634157000000000153e+02 7.800000000000000000e+03
3.665654000000000110e+02 3.000000000000000000e+03
3.669526000000000181e+02 4.500000000000000000e+01
3.693574399999999969e+02 1.700000000000000000e+02
3.711342999999999961e+02 1.300000000000000000e+04
3.719149100000000203e+02 6.000000000000000000e+01
3.739673599999999851e+02 6.000000000000000000e+01
3.748616000000000099e+02 1.200000000000000000e+03
3.750957000000000221e+02 5.000000000000000000e+01
3.775402000000000271e+02 1.000000000000000000e+04
3.777629000000000019e+02 1.400000000000000000e+03
3.783335999999999899e+02 5.000000000000000000e+01
3.789769000000000005e+02 7.400000000000000000e+03
3.819424999999999955e+02 1.300000000000000000e+03
3.833976000000000113e+02 4.000000000000000000e+03
3.849141000000000190e+02 7.000000000000000000e+01
3.868059999999999832e+02 5.000000000000000000e+02
3.877881300000000238e+02 8.000000000000000000e+01
3.879384000000000015e+02 4.800000000000000000e+02
3.888866499999999746e+02 3.000000000000000000e+01
3.901850000000000023e+02 3.000000000000000000e+03
3.905702200000000062e+02 6.000000000000000000e+01
3.915690000000000168e+02 4.000000000000000000e+03
3.919357999999999720e+02 5.000000000000000000e+01
3.931211000000000126e+02 6.000000000000000000e+01
3.931770999999999958e+02 2.400000000000000000e+02
3.951467000000000098e+02 4.400000000000000000e+03
3.952708000000000084e+02 1.500000000000000000e+02
3.956204200000000242e+02 6.000000000000000000e+01
3.983718000000000075e+02 3.600000000000000000e+03
3.988608100000000150e+02 4.000000000000000000e+01
4.040740000000000123e+02 3.800000000000000000e+03
4.040966999999999985e+02 9.400000000000000000e+02
4.041250000000000000e+02 3.000000000000000000e+03
4.048771800000000098e+02 2.400000000000000000e+03
4.078509999999999991e+02 9.400000000000000000e+03
4.082337400000000116e+02 9.000000000000000000e+01
4.084857999999999834e+02 2.000000000000000000e+03
4.103521999999999821e+02 9.900000000000000000e+03
4.107543000000000006e+02 6.000000000000000000e+01
4.111965000000000146e+02 8.000000000000000000e+01
4.122769999999999868e+02 1.200000000000000000e+02
4.126068000000000211e+02 3.200000000000000000e+02
4.129469000000000278e+02 8.900000000000000000e+03
4.144008999999999787e+02 7.500000000000000000e+03
4.158795999999999822e+02 1.000000000000000000e+02
4.168687899999999900e+02 2.400000000000000000e+03
4.175309799999999996e+02 2.000000000000000000e+03
4.178704999999999927e+02 8.000000000000000000e+03
4.200455999999999790e+02 1.200000000000000000e+02
4.205876999999999839e+02 3.800000000000000000e+02
4.214204799999999977e+02 8.000000000000000000e+01
4.214710999999999785e+02 4.000000000000000000e+01
4.218987000000000194e+02 1.600000000000000000e+02
4.221817800000000034e+02 2.800000000000000000e+02
4.225442600000000084e+02 8.000000000000000000e+01
4.232493299999999863e+02 3.000000000000000000e+00
4.233733100000000036e+02 1.400000000000000000e+01
4.236920000000000073e+02 6.000000000000000000e+02
4.237121999999999957e+02 2.200000000000000000e+03
4.252398000000000025e+02 3.000000000000000000e+02
4.303500099999999975e+02 3.600000000000000000e+02
4.310831999999999766e+02 2.800000000000000000e+03
4.317517100000000028e+02 5.000000000000000000e+01
4.319077399999999898e+02 8.000000000000000000e+00
4.331988000000000056e+02 1.100000000000000000e+02
4.338494000000000028e+02 3.000000000000000000e+01
4.345856899999999996e+02 6.000000000000000000e+01
4.350004999999999882e+02 4.400000000000000000e+02
4.353544999999999732e+02 6.000000000000000000e+01
4.353627000000000180e+02 4.000000000000000000e+00
4.353926000000000158e+02 6.000000000000000000e+01
4.358951000000000136e+02 1.200000000000000000e+02
4.359947999999999979e+02 8.000000000000000000e+02
4.367250500000000102e+02 1.200000000000000000e+02
4.376161999999999921e+02 1.200000000000000000e+04
4.376843999999999824e+02 1.500000000000000000e+02
4.380557000000000016e+02 8.000000000000000000e+01
4.386705999999999790e+02 3.000000000000000000e+01
4.388971000000000231e+02 1.000000000000000000e+02
4.395240999999999758e+02 3.000000000000000000e+01
4.395903999999999883e+02 3.000000000000000000e+01
4.399243000000000166e+02 1.800000000000000000e+03
4.410937999999999874e+02 2.000000000000000000e+00
4.418671199999999999e+02 3.000000000000000000e+01
4.423824999999999932e+02 8.900000000000000000e+02
4.438586000000000240e+02 8.000000000000000000e+01
4.444898999999999774e+02 1.000000000000000000e+02
4.447870800000000031e+02 1.300000000000000000e+02
4.460260999999999854e+02 3.700000000000000000e+01
4.466519999999999868e+02 2.000000000000000000e+01
4.475131000000000085e+02 4.000000000000000000e+01
4.476976999999999975e+02 1.700000000000000000e+02
4.478206999999999880e+02 1.800000000000000000e+02
4.478698800000000233e+02 1.600000000000000000e+02
4.485697099999999864e+02 4.500000000000000000e+01
4.488537999999999784e+02 1.100000000000000000e+02
4.488718999999999824e+02 3.000000000000000000e+02
4.492999699999999734e+02 3.000000000000000000e+01
4.493678400000000011e+02 2.500000000000000000e+01
4.507212000000000103e+02 5.000000000000000000e+02
4.513826999999999998e+02 1.000000000000000000e+00
4.514840399999999931e+02 5.000000000000000000e+01
4.515273000000000252e+02 8.000000000000000000e+01
4.523297000000000025e+02 4.000000000000000000e+01
4.528509000000000242e+02 8.900000000000000000e+02
4.529053000000000111e+02 4.400000000000000000e+02
4.535358200000000011e+02 2.100000000000000000e+01
4.545579999999999927e+02 1.000000000000000000e+02
4.560640000000000214e+02 1.000000000000000000e+02
4.565670600000000263e+02 3.000000000000000000e+01
4.566212899999999877e+02 5.700000000000000000e+01
4.574818999999999960e+02 5.000000000000000000e+01
4.582608999999999924e+02 3.500000000000000000e+01
4.583054999999999950e+02 3.000000000000000000e+01
4.583444000000000074e+02 2.500000000000000000e+01
4.597816000000000258e+02 1.300000000000000000e+02
4.606082999999999856e+02 9.500000000000000000e+01
4.614282999999999788e+02 4.000000000000000000e+01
4.644997999999999934e+02 2.000000000000000000e+03
4.655087300000000141e+02 1.400000000000000000e+02
4.659622800000000211e+02 2.000000000000000000e+02
4.660185999999999922e+02 7.000000000000000000e+01
4.668779599999999732e+02 8.500000000000000000e+01
4.672158999999999764e+02 6.000000000000000000e+01
4.676157000000000039e+02 2.000000000000000000e+03
4.679666100000000029e+02 6.000000000000000000e+01
4.683632000000000062e+02 2.600000000000000000e+02
4.691078999999999724e+02 8.500000000000000000e+01
4.698113000000000170e+02 1.800000000000000000e+02
4.710168800000000147e+02 3.500000000000000000e+01
4.727163699999999835e+02 6.000000000000000000e+01
4.729836700000000178e+02 1.700000000000000000e+02
4.733603299999999763e+02 5.100000000000000000e+01
4.733722700000000145e+02 6.000000000000000000e+01
4.734078099999999836e+02 1.000000000000000000e+00
4.738949999999999818e+02 2.000000000000000000e+03
4.742726999999999862e+02 8.500000000000000000e+01
4.754119200000000092e+02 1.600000000000000000e+02
4.762309000000000196e+02 4.100000000000000000e+02
4.764286999999999921e+02 4.000000000000000000e+00
4.767410499999999729e+02 3.000000000000000000e+00
4.781499000000000024e+02 1.700000000000000000e+01
4.782369699999999852e+02 1.200000000000000000e+02
4.787914000000000101e+02 1.600000000000000000e+02
4.788213499999999954e+02 1.700000000000000000e+02
4.800642300000000091e+02 1.800000000000000000e+02
4.805656000000000176e+02 5.000000000000000000e+01
4.806145999999999958e+02 7.000000000000000000e+01
4.820985499999999888e+02 1.400000000000000000e+02
4.822975299999999947e+02 2.200000000000000000e+01
4.823469000000000051e+02 1.200000000000000000e+02
4.824651999999999816e+02 1.900000000000000000e+02
4.840499100000000112e+02 6.000000000000000000e+01
4.841218000000000075e+02 7.700000000000000000e+02
4.847022000000000048e+02 5.500000000000000000e+02
4.854037999999999897e+02 4.100000000000000000e+02
4.855599000000000274e+02 1.200000000000000000e+02
4.856216999999999757e+02 8.900000000000000000e+02
4.858070999999999913e+02 5.000000000000000000e+01
4.861198899999999981e+02 3.300000000000000000e+02
4.881014999999999873e+02 5.000000000000000000e+01
4.882796000000000163e+02 2.000000000000000000e+01
4.885045999999999822e+02 1.900000000000000000e+03
4.887656000000000063e+02 5.000000000000000000e+01
4.888004999999999995e+02 4.000000000000000000e+01
4.894802000000000248e+02 9.500000000000000000e+01
4.901485999999999876e+02 1.100000000000000000e+03
4.907477999999999838e+02 1.000000000000000000e+02
4.910360299999999825e+02 4.500000000000000000e+01
4.923251000000000204e+02 1.500000000000000000e+02
4.927703200000000265e+02 1.000000000000000000e+01
4.932311000000000263e+02 3.500000000000000000e+01
4.949936400000000276e+02 6.000000000000000000e+00
4.951385999999999967e+02 3.000000000000000000e+00
4.952042500000000018e+02 4.500000000000000000e+01
4.964873999999999796e+02 1.000000000000000000e+00
4.975691499999999792e+02 1.200000000000000000e+02
4.983354600000000119e+02 1.000000000000000000e+00
4.983518000000000256e+02 1.200000000000000000e+02
5.005831000000000017e+02 1.000000000000000000e+00
5.008358900000000062e+02 1.000000000000000000e+02
5.071600000000000250e+02 7.500000000000000000e+01
5.073608300000000213e+02 7.500000000000000000e+01
5.088836000000000013e+02 1.100000000000000000e+03
5.089619299999999953e+02 3.000000000000000000e+01
5.104300000000000068e+02 7.500000000000000000e+03
5.120535999999999603e+02 2.100000000000000000e+02
5.121829999999999927e+02 1.300000000000000000e+03
5.124637000000000171e+02 4.500000000000000000e+02
5.136630000000000109e+02 1.800000000000000000e+02
5.197867999999999711e+02 1.200000000000000000e+02
5.201856999999999971e+02 9.600000000000000000e+02
5.206459800000000087e+02 2.000000000000000000e+00
5.207172000000000480e+02 1.500000000000000000e+03
5.229984699999999975e+02 8.000000000000000000e+00
5.233566799999999830e+02 2.000000000000000000e+00
5.239560000000000173e+02 1.000000000000000000e+04
5.242258900000000494e+02 1.810000000000000000e+02
5.259937999999999647e+02 1.000000000000000000e+00
5.265040000000000191e+02 3.000000000000000000e+03
5.291286999999999807e+02 6.000000000000000000e+01
5.322261999999999489e+02 4.500000000000000000e+01
5.382125499999999647e+02 7.500000000000000000e+01
5.382740000000000009e+02 2.000000000000000000e+00
5.385140000000000100e+02 4.000000000000000000e+03
5.389886000000000195e+02 5.000000000000000000e+00
5.392311799999999948e+02 1.100000000000000000e+01
5.403378800000000410e+02 2.000000000000000000e+00
5.404275000000000091e+02 2.200000000000000000e+02
5.418538899999999785e+02 2.400000000000000000e+01
5.425869699999999511e+02 9.000000000000000000e+01
5.439737199999999575e+02 1.900000000000000000e+02
5.467760700000000043e+02 1.900000000000000000e+02
5.467985999999999649e+02 7.100000000000000000e+02
5.469990000000000236e+02 1.000000000000000000e+02
5.470624000000000251e+02 1.000000000000000000e+00
5.474904999999999973e+02 9.000000000000000000e+01
5.482252999999999474e+02 9.000000000000000000e+01
5.494673999999999978e+02 6.000000000000000000e+01
5.497106999999999744e+02 3.500000000000000000e+01
5.498931999999999789e+02 2.400000000000000000e+02
5.504992799999999988e+02 3.000000000000000000e+02
5.511425000000000409e+02 2.500000000000000000e+02
5.515179200000000037e+02 6.000000000000000000e+01
5.521413599999999633e+02 3.000000000000000000e+00
5.523096000000000458e+02 1.200000000000000000e+02
5.523228400000000420e+02 1.200000000000000000e+02
5.528337999999999965e+02 2.400000000000000000e+01
5.529095999999999549e+02 7.400000000000000000e+02
5.543168100000000322e+02 3.500000000000000000e+01
5.546044000000000551e+02 1.200000000000000000e+02
5.546150000000000091e+02 1.200000000000000000e+02
5.547548000000000457e+02 9.000000000000000000e+01
5.552539299999999685e+02 1.100000000000000000e+01
5.557960000000000491e+02 7.500000000000000000e+01
5.564349999999999454e+02 6.000000000000000000e+03
5.568819999999999482e+02 6.000000000000000000e+02
5.569304399999999760e+02 6.000000000000000000e+01
5.573790000000000191e+02 4.000000000000000000e+03
5.574580099999999447e+02 4.000000000000000000e+00
5.578964300000000094e+02 1.800000000000000000e+02
5.582626400000000331e+02 2.400000000000000000e+01
5.583423999999999978e+02 6.200000000000000000e+02
5.592504199999999628e+02 2.100000000000000000e+01
5.595677200000000084e+02 2.100000000000000000e+01
5.597029999999999745e+02 4.000000000000000000e+02
5.603640000000000327e+02 3.000000000000000000e+03
5.607890999999999622e+02 1.200000000000000000e+02
5.621521999999999935e+02 4.000000000000000000e+00
5.625450700000000097e+02 1.500000000000000000e+01
5.631701000000000477e+02 5.600000000000000000e+02
5.633814300000000230e+02 2.400000000000000000e+01
5.634470199999999522e+02 2.100000000000000000e+01
5.635761899999999969e+02 1.000000000000000000e+00
5.643339399999999841e+02 3.000000000000000000e+00
5.646253799999999501e+02 1.200000000000000000e+02
5.650022300000000541e+02 1.200000000000000000e+02
5.664493999999999687e+02 7.400000000000000000e+02
5.676842100000000073e+02 9.000000000000000000e+01
5.677215700000000425e+02 1.700000000000000000e+01
5.695213099999999713e+02 1.800000000000000000e+01
5.708296000000000276e+02 1.600000000000000000e+02
5.716529000000000451e+02 7.000000000000000000e+00
5.722201700000000528e+02 2.400000000000000000e+01
5.730475000000000136e+02 7.500000000000000000e+01
5.730842499999999973e+02 1.000000000000000000e+00
5.733679700000000139e+02 2.100000000000000000e+01
5.741809700000000021e+02 1.200000000000000000e+01
5.745453999999999724e+02 9.000000000000000000e+01
5.759185599999999567e+02 2.000000000000000000e+00
5.767254599999999982e+02 7.500000000000000000e+01
5.775543599999999742e+02 3.500000000000000000e+01
5.783289999999999509e+02 1.000000000000000000e+02
5.789306900000000269e+02 1.500000000000000000e+01
5.789965999999999440e+02 1.000000000000000000e+00
5.823452300000000150e+02 3.000000000000000000e+01
5.833866600000000062e+02 2.100000000000000000e+01
5.845750600000000077e+02 1.000000000000000000e+00
5.873447800000000143e+02 1.500000000000000000e+01
5.881558999999999742e+02 2.400000000000000000e+01
5.904547499999999900e+02 3.500000000000000000e+01
5.947333499999999731e+02 4.500000000000000000e+01
5.951635800000000245e+02 2.400000000000000000e+01
5.983537999999999784e+02 5.000000000000000000e+01
6.010847700000000486e+02 1.200000000000000000e+02
6.025076000000000249e+02 1.200000000000000000e+02
6.089619800000000396e+02 5.000000000000000000e+01
6.136698000000000093e+02 1.200000000000000000e+02
6.140134100000000217e+02 1.500000000000000000e+02
6.193432999999999993e+02 1.200000000000000000e+03
6.224298999999999751e+02 3.000000000000000000e+02
6.252780000000000200e+02 4.500000000000000000e+01
6.403777000000000044e+02 7.500000000000000000e+01
6.436801000000000386e+02 1.000000000000000000e+03
6.438948799999999437e+02 2.400000000000000000e+01
6.540374000000000478e+02 9.000000000000000000e+01
6.559180000000000064e+02 7.000000000000000000e+01
6.578678999999999633e+02 3.500000000000000000e+01
6.586674400000000560e+02 2.300000000000000000e+01
6.615557999999999765e+02 9.500000000000000000e+01
6.624309899999999516e+02 1.400000000000000000e+01
6.638332000000000335e+02 1.900000000000000000e+01
6.652436999999999898e+02 4.000000000000000000e+01
6.666259999999999764e+02 2.100000000000000000e+01
6.689415999999999940e+02 1.500000000000000000e+02
6.693678099999999631e+02 1.400000000000000000e+01
6.696678699999999935e+02 7.000000000000000000e+00
6.701137099999999691e+02 1.000000000000000000e+01
6.702551999999999452e+02 7.000000000000000000e+01
6.714998500000000377e+02 3.500000000000000000e+01
6.737826300000000401e+02 4.000000000000000000e+01
6.795579000000000178e+02 1.900000000000000000e+02
6.797290000000000418e+02 7.000000000000000000e+01
6.805027599999999666e+02 1.200000000000000000e+01
6.817026399999999740e+02 2.100000000000000000e+01
6.834365000000000236e+02 1.400000000000000000e+01
6.847083800000000338e+02 4.500000000000000000e+01
6.860113000000000056e+02 1.400000000000000000e+01
6.889076300000000401e+02 2.900000000000000000e+01
6.897879000000000360e+02 2.100000000000000000e+01
6.910181999999999789e+02 9.000000000000000000e+00
6.935466099999999869e+02 1.400000000000000000e+01
6.952181000000000495e+02 2.400000000000000000e+01
6.953570999999999458e+02 1.000000000000000000e+01
6.959950000000000045e+02 1.000000000000000000e+01
6.981784099999999853e+02 2.400000000000000000e+01
7.010861599999999498e+02 1.300000000000000000e+01
7.011816000000000031e+02 1.000000000000000000e+01
7.037089999999999463e+02 1.900000000000000000e+01
7.054880000000000564e+02 2.900000000000000000e+01
7.056133999999999560e+02 1.300000000000000000e+01
7.077083000000000084e+02 9.000000000000000000e+00
7.129935000000000400e+02 1.100000000000000000e+01
7.193622500000000173e+02 3.500000000000000000e+01
7.197857000000000198e+02 1.000000000000000000e+01
7.256580000000000155e+02 2.000000000000000000e+03
7.266160999999999603e+02 3.500000000000000000e+01
7.295081999999999880e+02 9.000000000000000000e+00
7.332518999999999778e+02 9.000000000000000000e+00
7.334968999999999824e+02 5.000000000000000000e+00
7.348481000000000449e+02 5.000000000000000000e+01
7.400750000000000455e+02 1.100000000000000000e+01
7.452327000000000226e+02 2.900000000000000000e+01
7.496911999999999807e+02 1.700000000000000000e+01
7.538713999999999942e+02 7.000000000000000000e+00
7.560789999999999509e+02 9.000000000000000000e+03
7.565197200000000066e+02 3.500000000000000000e+01
7.619705000000000155e+02 8.000000000000000000e+00
7.625058999999999969e+02 1.900000000000000000e+01
7.654960999999999558e+02 7.000000000000000000e+00
7.691588000000000420e+02 5.000000000000000000e+00
7.700036999999999807e+02 8.000000000000000000e+00
7.722012999999999465e+02 1.900000000000000000e+01
7.726182999999999765e+02 1.900000000000000000e+01
7.790544999999999618e+02 1.300000000000000000e+01
7.798436000000000377e+02 1.300000000000000000e+01
7.804633999999999787e+02 6.000000000000000000e+00
7.814281999999999471e+02 1.700000000000000000e+01
7.857628999999999451e+02 2.900000000000000000e+01
7.866689999999999827e+02 6.000000000000000000e+03
7.884045999999999594e+02 1.100000000000000000e+02
7.918890000000000100e+02 8.000000000000000000e+03
7.991609999999999445e+02 4.000000000000000000e+02
7.993630000000000564e+02 1.000000000000000000e+04
8.001557999999999993e+02 1.000000000000000000e+01
8.173659999999999854e+02 8.000000000000000000e+03
8.331860000000000355e+02 9.000000000000000000e+00
8.346697000000000344e+02 2.400000000000000000e+01
8.367849999999999682e+02 8.000000000000000000e+00
8.452657000000000380e+02 1.700000000000000000e+01
8.531131000000000313e+02 8.000000000000000000e+00
8.647459999999999809e+02 4.000000000000000000e+03
8.798630000000000564e+02 1.000000000000000000e+04
8.803007000000000062e+02 9.500000000000000000e+01
8.838301000000000158e+02 1.900000000000000000e+01
9.119089999999999918e+02 8.000000000000000000e+03
1.742759600000000091e+03 0.000000000000000000e+00
1.790809799999999996e+03 0.000000000000000000e+00
1.805473899999999958e+03 0.000000000000000000e+00
2.126624699999999848e+03 0.000000000000000000e+00
2.254998000000000047e+03 0.000000000000000000e+00
2.399699599999999919e+03 0.000000000000000000e+00
