8.289600000000000080e+01 2.000000000000000000e+02
8.703499999999999659e+01 2.000000000000000000e+02
9.024599999999999511e+01 3.000000000000000000e+02
9.270099999999999341e+01 3.000000000000000000e+02
9.362199999999999989e+01 3.000000000000000000e+02
9.430400000000000205e+01 4.000000000000000000e+02
9.462000000000000455e+01 4.000000000000000000e+02
9.684600000000000364e+01 5.000000000000000000e+00
9.731600000000000250e+01 2.000000000000000000e+01
9.752100000000000080e+01 2.000000000000000000e+02
9.945600000000000307e+01 1.000000000000000000e+01
1.050240000000000009e+02 1.000000000000000000e+03
1.054459999999999980e+02 1.000000000000000000e+03
1.092510000000000048e+02 4.000000000000000000e+02
1.109959999999999951e+02 2.000000000000000000e+02
1.110550000000000068e+02 2.000000000000000000e+02
1.134429999999999978e+02 5.000000000000000000e+03
1.136239999999999952e+02 3.000000000000000000e+02
1.166009999999999991e+02 5.000000000000000000e+02
1.185580000000000069e+02 6.000000000000000000e+02
1.290240000000000009e+02 2.000000000000000000e+02
1.305579999999999927e+02 6.000000000000000000e+02
1.316040000000000134e+02 9.000000000000000000e+02
1.326320000000000050e+02 2.000000000000000000e+02
1.326359999999999957e+02 8.000000000000000000e+02
1.340060000000000002e+02 2.000000000000000000e+02
1.345360000000000014e+02 3.000000000000000000e+02
1.350260000000000105e+02 9.000000000000000000e+02
1.353429999999999893e+02 2.000000000000000000e+02
1.356150000000000091e+02 4.000000000000000000e+02
1.361750000000000114e+02 2.000000000000000000e+02
1.365879999999999939e+02 3.000000000000000000e+02
1.369720000000000084e+02 3.000000000000000000e+02
1.375420000000000016e+02 4.000000000000000000e+02
1.376659999999999968e+02 3.000000000000000000e+02
1.384410000000000025e+02 2.000000000000000000e+02
1.393930000000000007e+02 2.500000000000000000e+02
1.398770000000000095e+02 3.500000000000000000e+02
1.407050000000000125e+02 4.000000000000000000e+02
1.413139999999999930e+02 3.000000000000000000e+02
1.416150000000000091e+02 4.000000000000000000e+02
1.417719999999999914e+02 4.000000000000000000e+02
1.423990000000000009e+02 2.000000000000000000e+02
1.430289999999999964e+02 3.000000000000000000e+02
1.440610000000000070e+02 2.000000000000000000e+02
1.477920000000000016e+02 4.000000000000000000e+02
1.491570000000000107e+02 3.000000000000000000e+02
1.560660000000000025e+02 1.000000000000000000e+01
1.561419999999999959e+02 8.000000000000000000e+01
1.669600000000000080e+02 3.000000000000000000e+01
1.670780000000000030e+02 5.000000000000000000e+01
1.719819999999999993e+02 5.000000000000000000e+01
1.739180000000000064e+02 6.000000000000000000e+01
1.762800000000000011e+02 7.000000000000000000e+01
1.765029999999999859e+02 4.000000000000000000e+02
1.765209999999999866e+02 8.000000000000000000e+01
1.775289999999999964e+02 6.500000000000000000e+01
1.776179999999999950e+02 2.000000000000000000e+02
1.778199999999999932e+02 2.000000000000000000e+02
1.779339999999999975e+02 2.000000000000000000e+02
1.779739999999999895e+02 7.000000000000000000e+01
1.781310000000000002e+02 7.000000000000000000e+01
1.789710000000000036e+02 3.000000000000000000e+02
1.791059999999999945e+02 8.000000000000000000e+02
1.793700000000000045e+02 2.000000000000000000e+01
1.798849999999999909e+02 6.000000000000000000e+01
1.801670000000000016e+02 2.000000000000000000e+02
1.809629999999999939e+02 2.500000000000000000e+02
1.810879999999999939e+02 6.500000000000000000e+01
1.813839999999999861e+02 6.000000000000000000e+02
1.816069999999999993e+02 4.000000000000000000e+02
1.817580000000000098e+02 2.500000000000000000e+02
1.819019999999999868e+02 3.000000000000000000e+02
1.824219999999999970e+02 2.000000000000000000e+02
1.826409999999999911e+02 6.000000000000000000e+01
1.826769999999999925e+02 2.000000000000000000e+01
1.838009999999999877e+02 3.000000000000000000e+01
1.847299999999999898e+02 3.000000000000000000e+01
1.849240000000000066e+02 3.000000000000000000e+01
1.849420000000000073e+02 1.000000000000000000e+01
1.852359999999999900e+02 7.500000000000000000e+01
1.852940000000000111e+02 7.500000000000000000e+01
1.854799999999999898e+02 9.000000000000000000e+01
1.857160000000000082e+02 8.000000000000000000e+01
1.863319999999999936e+02 1.000000000000000000e+02
1.864850000000000136e+02 5.000000000000000000e+00
1.867230000000000132e+02 1.000000000000000000e+01
1.867630000000000052e+02 1.000000000000000000e+01
1.868189999999999884e+02 1.000000000000000000e+01
1.868919999999999959e+02 5.000000000000000000e+00
1.870070000000000050e+02 1.000000000000000000e+01
1.870829999999999984e+02 1.500000000000000000e+01
1.871150000000000091e+02 1.000000000000000000e+01
1.872030000000000030e+02 2.000000000000000000e+02
1.873909999999999911e+02 8.000000000000000000e+02
1.875409999999999968e+02 1.000000000000000000e+02
1.875920000000000130e+02 7.500000000000000000e+01
1.880300000000000011e+02 7.000000000000000000e+01
1.884219999999999970e+02 8.000000000000000000e+01
1.885070000000000050e+02 7.000000000000000000e+01
1.887220000000000084e+02 7.000000000000000000e+01
1.890339999999999918e+02 1.000000000000000000e+01
1.890869999999999891e+02 1.000000000000000000e+01
1.892419999999999902e+02 1.500000000000000000e+01
1.895500000000000114e+02 5.000000000000000000e+00
1.896179999999999950e+02 1.000000000000000000e+02
1.897570000000000050e+02 1.000000000000000000e+01
1.898249999999999886e+02 5.000000000000000000e+02
1.906740000000000066e+02 7.000000000000000000e+00
1.908499999999999943e+02 1.000000000000000000e+01
1.909660000000000082e+02 1.000000000000000000e+02
1.910860000000000127e+02 7.000000000000000000e+01
1.920529999999999973e+02 2.000000000000000000e+01
1.926759999999999877e+02 1.000000000000000000e+01
1.928089999999999975e+02 7.000000000000000000e+01
1.930629999999999882e+02 1.500000000000000000e+01
1.942589999999999861e+02 5.500000000000000000e+01
1.950339999999999918e+02 4.000000000000000000e+01
1.962800000000000011e+02 1.500000000000000000e+01
1.967129999999999939e+02 8.000000000000000000e+01
1.969470000000000027e+02 2.000000000000000000e+01
1.969730000000000132e+02 3.000000000000000000e+01
1.973959999999999866e+02 1.000000000000000000e+01
1.974180000000000064e+02 1.000000000000000000e+01
1.976459999999999866e+02 2.500000000000000000e+01
1.981740000000000066e+02 2.000000000000000000e+00
1.983880000000000052e+02 5.000000000000000000e+00
1.984619999999999891e+02 2.500000000000000000e+01
1.985740000000000123e+02 7.000000000000000000e+00
1.986430000000000007e+02 8.000000000000000000e+01
1.989819999999999993e+02 8.000000000000000000e+01
1.991140000000000043e+02 5.000000000000000000e+01
1.995049999999999955e+02 4.500000000000000000e+01
1.997280000000000086e+02 5.500000000000000000e+01
1.997659999999999911e+02 5.500000000000000000e+01
1.998820000000000050e+02 5.000000000000000000e+02
2.055459999999999923e+02 2.000000000000000000e+01
2.067150000000000034e+02 1.000000000000000000e+01
2.074300000000000068e+02 1.000000000000000000e+01
2.078710000000000093e+02 3.000000000000000000e+01
2.088029999999999973e+02 1.000000000000000000e+01
2.088640000000000043e+02 5.000000000000000000e+01
2.091889999999999930e+02 2.000000000000000000e+01
2.092930000000000064e+02 2.000000000000000000e+01
2.095440000000000111e+02 1.000000000000000000e+01
2.095980000000000132e+02 8.000000000000000000e+01
2.097460000000000093e+02 1.500000000000000000e+01
2.099029999999999916e+02 3.000000000000000000e+01
2.107150000000000034e+02 3.000000000000000000e+02
2.107379999999999995e+02 1.000000000000000000e+01
2.110209999999999866e+02 5.000000000000000000e+01
2.117319999999999993e+02 9.000000000000000000e+02
2.117340000000000089e+02 2.500000000000000000e+03
2.119850000000000136e+02 2.000000000000000000e+01
2.121959999999999980e+02 5.000000000000000000e+02
2.123509999999999991e+02 2.500000000000000000e+02
2.123990000000000009e+02 8.000000000000000000e+02
2.126390000000000100e+02 6.000000000000000000e+02
2.127410000000000139e+02 3.000000000000000000e+03
2.130320000000000107e+02 2.000000000000000000e+02
2.135879999999999939e+02 5.000000000000000000e+02
2.138249999999999886e+02 3.000000000000000000e+02
2.139019999999999868e+02 5.000000000000000000e+02
2.139199999999999875e+02 2.000000000000000000e+02
2.140660000000000025e+02 8.000000000000000000e+02
2.141709999999999923e+02 4.000000000000000000e+02
2.142870000000000061e+02 2.000000000000000000e+02
2.144099999999999966e+02 3.000000000000000000e+02
2.144569999999999936e+02 3.000000000000000000e+02
2.145449999999999875e+02 2.000000000000000000e+04
2.148779999999999859e+02 4.000000000000000000e+02
2.149199999999999875e+02 3.000000000000000000e+02
2.154859999999999900e+02 1.500000000000000000e+04
2.162280000000000086e+02 3.700000000000000000e+02
2.166229999999999905e+02 2.500000000000000000e+02
2.169799999999999898e+02 3.000000000000000000e+02
2.172839999999999918e+02 2.000000000000000000e+02
2.178209999999999980e+02 3.000000000000000000e+02
2.184000000000000057e+02 4.000000000000000000e+02
2.186390000000000100e+02 8.500000000000000000e+02
2.186810000000000116e+02 2.700000000000000000e+02
2.187849999999999966e+02 2.700000000000000000e+02
2.190579999999999927e+02 9.000000000000000000e+01
2.194029999999999916e+02 1.200000000000000000e+02
2.198830000000000098e+02 2.000000000000000000e+01
2.198959999999999866e+02 1.500000000000000000e+02
2.202959999999999923e+02 8.000000000000000000e+01
2.225149999999999864e+02 6.400000000000000000e+02
2.225329999999999870e+02 9.000000000000000000e+01
2.231970000000000027e+02 1.500000000000000000e+02
2.233990000000000009e+02 9.000000000000000000e+01
2.240809999999999889e+02 3.000000000000000000e+02
2.244900000000000091e+02 9.000000000000000000e+01
2.244979999999999905e+02 1.000000000000000000e+02
2.257729999999999961e+02 2.000000000000000000e+02
2.262959999999999923e+02 1.000000000000000000e+02
2.266370000000000005e+02 2.000000000000000000e+02
2.283689999999999998e+02 1.500000000000000000e+02
2.284689999999999941e+02 1.000000000000000000e+02
2.306030000000000086e+02 3.000000000000000000e+02
2.309979999999999905e+02 1.000000000000000000e+02
2.315200000000000102e+02 2.000000000000000000e+02
2.321519999999999868e+02 1.400000000000000000e+02
2.332079999999999984e+02 1.400000000000000000e+02
2.338689999999999998e+02 2.000000000000000000e+02
2.361800000000000068e+02 4.000000000000000000e+01
2.363609999999999900e+02 5.000000000000000000e+01
2.366150000000000091e+02 2.000000000000000000e+02
2.368180000000000121e+02 5.000000000000000000e+01
2.370709999999999980e+02 3.000000000000000000e+01
2.377949999999999875e+02 2.000000000000000000e+01
2.391469999999999914e+02 1.700000000000000000e+02
2.398750000000000000e+02 1.800000000000000000e+01
2.404679999999999893e+02 5.000000000000000000e+01
2.410769999999999982e+02 2.000000000000000000e+01
2.413060000000000116e+02 6.000000000000000000e+01
2.422090000000000032e+02 2.800000000000000000e+01
2.429919999999999902e+02 1.000000000000000000e+01
2.434170000000000016e+02 2.000000000000000000e+01
2.439010000000000105e+02 1.000000000000000000e+02
2.440049999999999955e+02 2.000000000000000000e+01
2.441169999999999902e+02 2.000000000000000000e+01
2.448000000000000114e+02 2.500000000000000000e+01
2.459379999999999882e+02 1.000000000000000000e+01
2.460989999999999895e+02 2.800000000000000000e+01
2.465250000000000057e+02 4.600000000000000000e+02
2.465339999999999918e+02 1.000000000000000000e+01
2.485639999999999930e+02 1.400000000000000000e+01
2.491169999999999902e+02 2.000000000000000000e+02
2.492439999999999998e+02 2.000000000000000000e+01
2.502769999999999868e+02 7.000000000000000000e+01
2.506229999999999905e+02 2.800000000000000000e+01
2.507009999999999934e+02 4.000000000000000000e+01
2.508830000000000098e+02 1.100000000000000000e+01
2.512820000000000107e+02 1.400000000000000000e+02
2.517110000000000127e+02 1.800000000000000000e+01
2.517580000000000098e+02 3.000000000000000000e+02
2.522829999999999870e+02 1.500000000000000000e+01
2.523199999999999932e+02 5.000000000000000000e+01
2.529900000000000091e+02 2.000000000000000000e+01
2.538410000000000082e+02 6.500000000000000000e+01
2.539430000000000121e+02 2.700000000000000000e+02
2.550829999999999984e+02 1.400000000000000000e+01
2.551160000000000139e+02 4.000000000000000000e+01
2.552920000000000016e+02 7.000000000000000000e+01
2.553470000000000084e+02 5.500000000000000000e+01
2.556059999999999945e+02 3.000000000000000000e+02
2.561329999999999814e+02 1.000000000000000000e+02
2.562429999999999950e+02 1.000000000000000000e+01
2.566340000000000146e+02 2.100000000000000000e+01
2.567549999999999955e+02 1.000000000000000000e+02
2.568380000000000223e+02 2.000000000000000000e+03
2.572130000000000223e+02 2.800000000000000000e+01
2.573919999999999959e+02 1.300000000000000000e+01
2.580339999999999918e+02 1.000000000000000000e+03
2.589390000000000214e+02 1.000000000000000000e+02
2.593469999999999800e+02 2.000000000000000000e+01
2.596940000000000168e+02 1.800000000000000000e+01
2.597099999999999795e+02 2.800000000000000000e+01
2.598009999999999877e+02 5.000000000000000000e+02
2.599920000000000186e+02 8.000000000000000000e+02
2.609920000000000186e+02 3.000000000000000000e+01
2.616039999999999850e+02 2.100000000000000000e+01
2.617789999999999964e+02 1.000000000000000000e+02
2.621890000000000214e+02 6.000000000000000000e+02
2.627850000000000250e+02 3.000000000000000000e+02
2.635099999999999909e+02 5.500000000000000000e+01
2.636159999999999854e+02 3.000000000000000000e+01
2.638849999999999909e+02 5.000000000000000000e+02
2.640240000000000009e+02 4.500000000000000000e+01
2.641270000000000095e+02 3.000000000000000000e+02
2.642679999999999723e+02 8.500000000000000000e+01
2.643349999999999795e+02 1.000000000000000000e+03
2.644409999999999741e+02 1.000000000000000000e+02
2.645099999999999909e+02 1.100000000000000000e+02
2.647230000000000132e+02 2.800000000000000000e+01
2.648249999999999886e+02 2.800000000000000000e+01
2.649590000000000032e+02 2.800000000000000000e+01
2.650579999999999927e+02 5.000000000000000000e+01
2.651519999999999868e+02 2.800000000000000000e+01
2.652529999999999859e+02 1.000000000000000000e+03
2.653039999999999736e+02 7.000000000000000000e+02
2.654540000000000077e+02 9.900000000000000000e+02
2.656909999999999741e+02 3.500000000000000000e+01
2.660059999999999718e+02 2.100000000000000000e+01
2.660769999999999982e+02 1.000000000000000000e+02
2.665679999999999836e+02 7.000000000000000000e+01
2.665830000000000268e+02 2.000000000000000000e+02
2.666920000000000073e+02 2.000000000000000000e+03
2.667780000000000200e+02 2.000000000000000000e+03
2.669540000000000077e+02 5.500000000000000000e+01
2.672749999999999773e+02 3.900000000000000000e+02
2.673450000000000273e+02 3.900000000000000000e+02
2.674119999999999777e+02 3.000000000000000000e+01
2.678190000000000168e+02 5.000000000000000000e+02
2.681200000000000045e+02 2.100000000000000000e+01
2.684220000000000255e+02 1.400000000000000000e+01
2.685550000000000068e+02 7.000000000000000000e+01
2.688779999999999859e+02 2.500000000000000000e+01
2.691809999999999832e+02 5.000000000000000000e+02
2.696229999999999905e+02 2.800000000000000000e+01
2.697420000000000186e+02 1.400000000000000000e+01
2.701600000000000250e+02 1.800000000000000000e+01
2.708840000000000146e+02 3.000000000000000000e+01
2.709639999999999986e+02 2.100000000000000000e+01
2.711340000000000146e+02 6.500000000000000000e+01
2.712579999999999814e+02 2.500000000000000000e+01
2.713120000000000118e+02 4.000000000000000000e+02
2.713460000000000036e+02 5.500000000000000000e+01
2.719159999999999968e+02 1.700000000000000000e+02
2.723009999999999877e+02 2.100000000000000000e+01
2.733550000000000182e+02 1.100000000000000000e+02
2.734900000000000091e+02 2.100000000000000000e+01
2.742520000000000095e+02 5.500000000000000000e+01
2.748389999999999986e+02 5.500000000000000000e+01
2.748849999999999909e+02 1.800000000000000000e+01
2.749470000000000027e+02 2.300000000000000000e+02
2.750720000000000027e+02 5.000000000000000000e+02
2.751290000000000191e+02 1.300000000000000000e+03
2.752259999999999991e+02 8.500000000000000000e+01
2.756750000000000114e+02 2.000000000000000000e+02
2.757570000000000050e+02 2.000000000000000000e+02
2.759820000000000277e+02 2.100000000000000000e+01
2.761600000000000250e+02 6.500000000000000000e+01
2.762189999999999941e+02 6.500000000000000000e+01
2.765230000000000246e+02 3.500000000000000000e+01
2.766320000000000050e+02 1.000000000000000000e+02
2.772139999999999986e+02 8.500000000000000000e+01
2.777099999999999795e+02 1.700000000000000000e+02
2.785480000000000018e+02 1.000000000000000000e+02
2.788779999999999859e+02 1.800000000000000000e+01
2.789060000000000059e+02 3.000000000000000000e+02
2.794100000000000250e+02 4.500000000000000000e+01
2.795260000000000105e+02 2.500000000000000000e+01
2.795889999999999986e+02 2.100000000000000000e+01
2.796109999999999900e+02 1.800000000000000000e+01
2.796419999999999959e+02 6.000000000000000000e+02
2.798620000000000232e+02 3.500000000000000000e+01
2.799030000000000200e+02 1.000000000000000000e+02
2.800210000000000150e+02 4.500000000000000000e+01
2.800830000000000268e+02 5.000000000000000000e+01
2.800889999999999986e+02 3.500000000000000000e+01
2.804150000000000205e+02 4.000000000000000000e+02
2.804259999999999877e+02 1.000000000000000000e+03
2.808050000000000068e+02 1.000000000000000000e+01
2.809340000000000259e+02 5.000000000000000000e+01
2.811549999999999727e+02 1.400000000000000000e+01
2.815360000000000014e+02 6.500000000000000000e+01
2.817149999999999750e+02 2.800000000000000000e+01
2.817749999999999773e+02 6.000000000000000000e+02
2.819549999999999841e+02 1.000000000000000000e+03
2.821979999999999791e+02 1.400000000000000000e+02
2.825799999999999841e+02 1.000000000000000000e+02
2.826840000000000259e+02 1.500000000000000000e+01
2.831820000000000164e+02 1.900000000000000000e+02
2.833029999999999973e+02 1.800000000000000000e+01
2.835799999999999841e+02 2.800000000000000000e+01
2.843430000000000177e+02 1.400000000000000000e+01
2.843799999999999955e+02 3.000000000000000000e+02
2.848020000000000209e+02 2.300000000000000000e+02
2.849279999999999973e+02 1.000000000000000000e+02
2.850179999999999723e+02 2.100000000000000000e+01
2.851970000000000027e+02 3.600000000000000000e+02
2.852699999999999818e+02 5.500000000000000000e+01
2.854250000000000114e+02 2.100000000000000000e+01
2.854519999999999982e+02 1.800000000000000000e+01
2.854979999999999905e+02 5.500000000000000000e+01
2.855330000000000155e+02 4.500000000000000000e+01
2.859169999999999732e+02 4.500000000000000000e+01
2.859300000000000068e+02 4.500000000000000000e+01
2.860230000000000246e+02 1.000000000000000000e+02
2.860640000000000214e+02 4.300000000000000000e+02
2.861229999999999905e+02 5.500000000000000000e+01
2.862049999999999841e+02 1.400000000000000000e+02
2.862180000000000177e+02 1.000000000000000000e+02
2.867900000000000205e+02 2.000000000000000000e+02
2.870899999999999750e+02 2.500000000000000000e+01
2.874329999999999927e+02 4.500000000000000000e+01
2.876700000000000159e+02 4.000000000000000000e+02
2.886820000000000164e+02 2.800000000000000000e+01
2.887110000000000127e+02 7.000000000000000000e+01
2.888890000000000100e+02 2.000000000000000000e+02
2.892230000000000132e+02 3.600000000000000000e+03
2.894470000000000027e+02 4.500000000000000000e+01
2.897749999999999773e+02 2.800000000000000000e+01
2.899150000000000205e+02 6.000000000000000000e+02
2.900550000000000068e+02 8.500000000000000000e+01
2.903260000000000218e+02 1.800000000000000000e+01
2.903770000000000095e+02 2.100000000000000000e+01
2.907160000000000082e+02 1.000000000000000000e+03
2.907730000000000246e+02 2.100000000000000000e+01
2.909180000000000064e+02 2.800000000000000000e+01
2.910040000000000191e+02 3.500000000000000000e+01
2.910330000000000155e+02 5.500000000000000000e+01
2.912370000000000232e+02 8.500000000000000000e+01
2.913709999999999809e+02 1.800000000000000000e+01
2.915059999999999718e+02 1.700000000000000000e+02
2.916129999999999995e+02 1.400000000000000000e+02
2.917280000000000086e+02 1.800000000000000000e+01
2.920199999999999818e+02 2.800000000000000000e+02
2.921979999999999791e+02 5.500000000000000000e+01
2.925099999999999909e+02 4.500000000000000000e+01
2.928709999999999809e+02 2.500000000000000000e+01
2.929830000000000041e+02 3.000000000000000000e+02
2.935219999999999914e+02 3.500000000000000000e+01
2.935969999999999800e+02 5.500000000000000000e+01
2.938050000000000068e+02 2.100000000000000000e+01
2.940389999999999873e+02 4.500000000000000000e+01
2.941379999999999768e+02 4.500000000000000000e+01
2.942900000000000205e+02 2.800000000000000000e+01
2.946770000000000209e+02 1.400000000000000000e+02
2.947160000000000082e+02 4.500000000000000000e+01
2.947620000000000005e+02 1.800000000000000000e+01
2.951190000000000282e+02 2.800000000000000000e+01
2.956179999999999950e+02 4.500000000000000000e+01
2.958489999999999895e+02 1.800000000000000000e+01
2.963389999999999986e+02 6.500000000000000000e+01
2.964130000000000109e+02 2.100000000000000000e+01
2.964329999999999927e+02 4.500000000000000000e+01
2.965629999999999882e+02 1.300000000000000000e+02
2.971429999999999723e+02 2.000000000000000000e+03
2.978709999999999809e+02 5.000000000000000000e+01
2.983360000000000127e+02 4.500000000000000000e+01
2.983530000000000086e+02 2.100000000000000000e+01
2.984569999999999936e+02 2.800000000000000000e+01
2.984859999999999900e+02 2.000000000000000000e+02
2.985950000000000273e+02 9.000000000000000000e+01
2.986750000000000114e+02 3.500000000000000000e+01
2.991240000000000236e+02 4.500000000000000000e+01
2.992740000000000009e+02 6.500000000000000000e+01
2.994809999999999945e+02 2.800000000000000000e+01
2.995670000000000073e+02 1.700000000000000000e+02
2.996730000000000018e+02 2.800000000000000000e+01
2.998870000000000005e+02 8.000000000000000000e+02
3.001329999999999814e+02 7.000000000000000000e+01
3.003489999999999895e+02 2.500000000000000000e+01
3.006650000000000205e+02 3.100000000000000000e+02
3.010269999999999868e+02 1.000000000000000000e+02
3.011499999999999773e+02 6.500000000000000000e+01
3.015310000000000059e+02 5.500000000000000000e+01
3.018439999999999941e+02 1.600000000000000000e+02
3.027549999999999955e+02 1.600000000000000000e+02
3.030369999999999777e+02 2.000000000000000000e+03
3.031990000000000123e+02 9.200000000000000000e+02
3.032500000000000000e+02 1.000000000000000000e+02
3.035520000000000209e+02 5.500000000000000000e+01
3.038870000000000005e+02 2.500000000000000000e+01
3.040550000000000068e+02 5.500000000000000000e+01
3.041530000000000200e+02 3.000000000000000000e+01
3.043539999999999850e+02 8.000000000000000000e+01
3.044889999999999759e+02 2.100000000000000000e+01
3.047370000000000232e+02 4.500000000000000000e+01
3.047939999999999827e+02 3.500000000000000000e+01
3.064010000000000105e+02 4.500000000000000000e+01
3.064560000000000173e+02 2.100000000000000000e+01
3.065930000000000177e+02 1.100000000000000000e+02
3.076899999999999977e+02 1.800000000000000000e+01
3.090000000000000000e+02 1.000000000000000000e+02
3.093399999999999750e+02 3.000000000000000000e+03
3.094769999999999754e+02 7.000000000000000000e+01
3.101639999999999873e+02 2.800000000000000000e+01
3.102259999999999991e+02 4.500000000000000000e+01
3.102970000000000255e+02 2.800000000000000000e+01
3.103079999999999927e+02 2.000000000000000000e+01
3.108659999999999854e+02 5.500000000000000000e+01
3.108799999999999955e+02 1.700000000000000000e+02
3.116240000000000236e+02 8.500000000000000000e+01
3.117599999999999909e+02 5.500000000000000000e+01
3.118709999999999809e+02 1.900000000000000000e+02
3.126920000000000073e+02 4.000000000000000000e+03
3.137669999999999959e+02 5.000000000000000000e+01
3.139490000000000123e+02 1.000000000000000000e+03
3.141850000000000023e+02 2.300000000000000000e+02
3.142640000000000100e+02 8.000000000000000000e+01
3.145969999999999800e+02 8.000000000000000000e+01
3.146449999999999818e+02 2.800000000000000000e+01
3.152350000000000136e+02 1.000000000000000000e+02
3.154089999999999918e+02 2.800000000000000000e+01
3.154789999999999850e+02 9.000000000000000000e+01
3.156089999999999804e+02 5.000000000000000000e+01
3.163210000000000264e+02 2.800000000000000000e+01
3.164719999999999800e+02 7.000000000000000000e+01
3.166129999999999995e+02 5.000000000000000000e+01
3.169979999999999905e+02 1.200000000000000000e+02
3.180260000000000105e+02 7.000000000000000000e+01
3.181840000000000259e+02 1.200000000000000000e+02
3.192269999999999754e+02 8.000000000000000000e+02
3.193799999999999955e+02 3.900000000000000000e+02
3.199569999999999936e+02 7.000000000000000000e+01
3.202090000000000032e+02 2.400000000000000000e+02
3.217200000000000273e+02 5.000000000000000000e+01
3.218109999999999786e+02 8.000000000000000000e+01
3.219250000000000114e+02 5.000000000000000000e+01
3.226809999999999832e+02 5.000000000000000000e+01
3.229510000000000218e+02 2.000000000000000000e+03
3.240129999999999768e+02 4.500000000000000000e+01
3.240509999999999877e+02 3.500000000000000000e+01
3.246999999999999886e+02 3.500000000000000000e+01
3.262450000000000045e+02 1.300000000000000000e+02
3.290319999999999823e+02 1.800000000000000000e+04
3.306200000000000045e+02 1.300000000000000000e+02
3.306680000000000064e+02 1.400000000000000000e+02
3.316050000000000182e+02 5.000000000000000000e+01
3.320369999999999777e+02 8.000000000000000000e+01
3.326469999999999914e+02 2.000000000000000000e+03
3.334019999999999868e+02 5.000000000000000000e+01
3.338129999999999882e+02 2.400000000000000000e+02
3.343890000000000100e+02 2.800000000000000000e+02
3.344030000000000200e+02 0.000000000000000000e+00
3.348500000000000227e+02 5.000000000000000000e+01
3.352049999999999841e+02 3.500000000000000000e+01
3.353450000000000273e+02 1.000000000000000000e+02
3.359220000000000255e+02 5.000000000000000000e+01
3.363410000000000082e+02 1.000000000000000000e+02
3.364610000000000127e+02 5.000000000000000000e+01
3.365269999999999868e+02 2.000000000000000000e+01
3.376449999999999818e+02 2.400000000000000000e+02
3.377590000000000146e+02 5.000000000000000000e+01
3.384979999999999905e+02 2.000000000000000000e+03
3.388469999999999800e+02 1.400000000000000000e+02
3.391220000000000141e+02 5.000000000000000000e+01
3.391390000000000100e+02 2.800000000000000000e+01
3.392069999999999936e+02 5.000000000000000000e+01
3.393530000000000086e+02 1.500000000000000000e+02
3.395409999999999968e+02 5.000000000000000000e+01
3.398639999999999759e+02 1.000000000000000000e+02
3.401990000000000123e+02 5.000000000000000000e+01
3.405079999999999814e+02 3.500000000000000000e+01
3.413430000000000177e+02 5.000000000000000000e+01
3.419370000000000118e+02 1.400000000000000000e+02
3.427019999999999982e+02 3.600000000000000000e+02
3.429440000000000168e+02 8.000000000000000000e+01
3.432090000000000032e+02 2.400000000000000000e+02
3.433919999999999959e+02 8.000000000000000000e+01
3.435590000000000259e+02 4.500000000000000000e+01
3.439700000000000273e+02 5.000000000000000000e+01
3.439839999999999804e+02 1.000000000000000000e+02
3.447880000000000109e+02 3.500000000000000000e+01
3.453389999999999986e+02 8.500000000000000000e+01
3.455070000000000050e+02 5.000000000000000000e+02
3.457169999999999845e+02 4.000000000000000000e+01
3.459279999999999973e+02 1.900000000000000000e+02
3.459379999999999882e+02 0.000000000000000000e+00
3.461259999999999764e+02 3.600000000000000000e+02
3.463330000000000268e+02 3.500000000000000000e+01
3.464499999999999886e+02 1.500000000000000000e+02
3.465360000000000014e+02 2.400000000000000000e+03
3.470969999999999800e+02 2.000000000000000000e+01
3.477300000000000182e+02 5.000000000000000000e+02
3.479839999999999804e+02 5.000000000000000000e+02
3.483559999999999945e+02 5.000000000000000000e+01
3.486759999999999877e+02 8.500000000000000000e+01
3.489429999999999836e+02 8.500000000000000000e+01
3.496899999999999977e+02 1.000000000000000000e+02
3.508829999999999814e+02 8.500000000000000000e+01
3.518009999999999877e+02 5.000000000000000000e+01
3.521299999999999955e+02 2.300000000000000000e+02
3.546730000000000018e+02 5.000000000000000000e+01
3.550830000000000268e+02 1.000000000000000000e+02
3.551879999999999882e+02 3.000000000000000000e+02
3.560049999999999955e+02 3.500000000000000000e+01
3.561349999999999909e+02 2.000000000000000000e+02
3.561720000000000255e+02 1.700000000000000000e+02
3.564959999999999809e+02 5.000000000000000000e+01
3.571589999999999918e+02 8.500000000000000000e+01
3.573519999999999754e+02 5.000000000000000000e+01
3.575600000000000023e+02 5.000000000000000000e+01
3.586490000000000009e+02 3.600000000000000000e+02
3.607509999999999764e+02 1.300000000000000000e+02
3.611259999999999764e+02 5.000000000000000000e+01
3.612330000000000041e+02 7.000000000000000000e+01
3.614920000000000186e+02 2.000000000000000000e+02
3.620830000000000268e+02 2.000000000000000000e+02
3.638799999999999955e+02 2.400000000000000000e+02
3.649189999999999827e+02 7.000000000000000000e+01
3.656770000000000209e+02 9.000000000000000000e+01
3.660880000000000223e+02 3.000000000000000000e+01
3.664780000000000086e+02 3.000000000000000000e+01
3.665779999999999745e+02 2.000000000000000000e+02
3.670740000000000123e+02 2.400000000000000000e+02
3.671739999999999782e+02 5.000000000000000000e+01
3.676129999999999995e+02 1.400000000000000000e+02
3.676829999999999927e+02 2.000000000000000000e+01
3.691610000000000014e+02 5.000000000000000000e+01
3.695240000000000009e+02 3.200000000000000000e+04
3.699649999999999750e+02 7.000000000000000000e+01
3.701630000000000109e+02 7.000000000000000000e+01
3.711399999999999864e+02 5.000000000000000000e+01
3.712970000000000255e+02 4.000000000000000000e+02
3.725269999999999868e+02 6.000000000000000000e+01
3.735749999999999886e+02 1.800000000000000000e+02
3.771170000000000186e+02 5.500000000000000000e+02
3.775389999999999873e+02 8.000000000000000000e+01
3.792819999999999823e+02 6.000000000000000000e+01
3.841000000000000227e+02 1.700000000000000000e+02
3.873949999999999818e+02 3.400000000000000000e+02
3.881080000000000041e+02 2.000000000000000000e+01
3.883679999999999950e+02 1.000000000000000000e+01
3.888269999999999982e+02 2.000000000000000000e+01
3.897649999999999864e+02 1.500000000000000000e+02
3.901960000000000264e+02 3.400000000000000000e+02
3.905919999999999845e+02 5.000000000000000000e+01
3.912379999999999995e+02 1.400000000000000000e+02
3.913860000000000241e+02 1.500000000000000000e+01
3.914340000000000259e+02 2.000000000000000000e+01
3.932339999999999804e+02 5.000000000000000000e+02
3.986689999999999827e+02 1.000000000000000000e+02
3.989119999999999777e+02 3.200000000000000000e+04
3.992010000000000218e+02 9.300000000000000000e+02
3.992869999999999777e+02 1.000000000000000000e+01
3.998799999999999955e+02 1.000000000000000000e+01
4.008489999999999895e+02 5.000000000000000000e+01
4.029279999999999973e+02 2.000000000000000000e+03
4.034169999999999732e+02 1.000000000000000000e+01
4.053419999999999845e+02 7.000000000000000000e+01
4.075679999999999836e+02 2.000000000000000000e+01
4.078430000000000177e+02 8.500000000000000000e+01
4.090830000000000268e+02 4.400000000000000000e+02
4.091820000000000164e+02 2.000000000000000000e+01
4.099390000000000214e+02 2.000000000000000000e+01
4.120409999999999968e+02 1.200000000000000000e+02
4.122219999999999800e+02 1.500000000000000000e+01
4.136259999999999764e+02 7.000000000000000000e+01
4.150240000000000009e+02 4.700000000000000000e+02
4.151209999999999809e+02 1.000000000000000000e+01
4.154279999999999973e+02 1.500000000000000000e+01
4.163890000000000100e+02 1.000000000000000000e+02
4.174130000000000109e+02 6.000000000000000000e+01
4.175740000000000123e+02 1.200000000000000000e+02
4.181990000000000123e+02 3.400000000000000000e+02
4.195520000000000209e+02 3.000000000000000000e+01
4.196129999999999995e+02 1.000000000000000000e+02
4.199920000000000186e+02 1.000000000000000000e+01
4.214830000000000041e+02 3.000000000000000000e+02
4.219750000000000227e+02 1.500000000000000000e+02
4.219879999999999995e+02 0.000000000000000000e+00
4.222019999999999982e+02 1.000000000000000000e+01
4.232259999999999991e+02 1.500000000000000000e+01
4.233159999999999741e+02 1.200000000000000000e+02
4.278940000000000055e+02 7.000000000000000000e+01
4.290849999999999795e+02 2.000000000000000000e+01
4.302350000000000136e+02 4.000000000000000000e+01
4.305219999999999914e+02 2.000000000000000000e+01
4.307180000000000177e+02 1.200000000000000000e+02
4.318159999999999741e+02 7.000000000000000000e+01
4.352019999999999982e+02 1.500000000000000000e+01
4.381299999999999955e+02 1.000000000000000000e+01
4.394920000000000186e+02 6.000000000000000000e+01
4.431449999999999818e+02 6.000000000000000000e+01
4.440439999999999827e+02 4.400000000000000000e+02
4.483679999999999950e+02 8.500000000000000000e+01
4.516429999999999723e+02 8.500000000000000000e+01
4.518849999999999909e+02 1.000000000000000000e+02
4.554859999999999900e+02 3.500000000000000000e+01
4.565230000000000246e+02 8.500000000000000000e+01
4.577490000000000236e+02 6.400000000000000000e+02
4.583639999999999759e+02 2.000000000000000000e+02
4.590500000000000114e+02 7.000000000000000000e+01
4.592119999999999891e+02 1.400000000000000000e+02
4.599649999999999750e+02 4.000000000000000000e+01
4.640439999999999827e+02 4.000000000000000000e+01
4.685120000000000005e+02 3.500000000000000000e+01
4.685579999999999927e+02 4.000000000000000000e+01
4.727400000000000091e+02 1.900000000000000000e+02
4.783210000000000264e+02 1.700000000000000000e+02
4.787950000000000159e+02 1.700000000000000000e+02
4.817780000000000200e+02 3.500000000000000000e+01
4.821589999999999918e+02 4.000000000000000000e+01
4.836279999999999859e+02 1.000000000000000000e+01
4.838310000000000173e+02 3.500000000000000000e+01
4.838809999999999718e+02 4.000000000000000000e+01
4.852509999999999764e+02 1.700000000000000000e+01
4.895969999999999800e+02 4.000000000000000000e+01
4.913729999999999905e+02 2.700000000000000000e+01
4.936879999999999882e+02 7.100000000000000000e+02
4.938600000000000136e+02 2.400000000000000000e+01
4.968290000000000077e+02 1.400000000000000000e+02
5.010919999999999845e+02 2.400000000000000000e+01
5.056349999999999909e+02 1.500000000000000000e+01
5.068709999999999809e+02 1.700000000000000000e+01
5.069209999999999923e+02 3.000000000000000000e+01
5.070550000000000068e+02 7.000000000000000000e+01
5.075749999999999886e+02 2.200000000000000000e+02
5.078159999999999741e+02 5.000000000000000000e+01
5.137409999999999854e+02 2.000000000000000000e+01
5.148450000000000273e+02 1.400000000000000000e+01
5.185589999999999691e+02 2.000000000000000000e+01
5.197530000000000427e+02 6.000000000000000000e+01
5.213049999999999500e+02 8.500000000000000000e+01
5.241970000000000027e+02 3.500000000000000000e+01
5.245570000000000164e+02 1.000000000000000000e+02
5.258310000000000173e+02 2.000000000000000000e+01
5.258949999999999818e+02 4.000000000000000000e+01
5.278509999999999991e+02 1.500000000000000000e+02
5.281000000000000227e+02 3.500000000000000000e+01
5.302409999999999854e+02 1.700000000000000000e+01
5.333020000000000209e+02 2.000000000000000000e+01
5.336630000000000109e+02 1.700000000000000000e+02
5.347150000000000318e+02 3.000000000000000000e+01
5.347319999999999709e+02 0.000000000000000000e+00
5.348709999999999809e+02 6.000000000000000000e+01
5.352780000000000200e+02 3.000000000000000000e+01
5.354439999999999600e+02 1.500000000000000000e+02
5.360130000000000337e+02 3.000000000000000000e+01
5.365149999999999864e+02 3.000000000000000000e+01
5.391340000000000146e+02 1.700000000000000000e+01
5.434220000000000255e+02 1.400000000000000000e+01
5.450779999999999745e+02 4.000000000000000000e+01
5.480019999999999527e+02 1.400000000000000000e+01
5.483440000000000509e+02 6.000000000000000000e+01
5.507019999999999982e+02 4.000000000000000000e+01
5.526069999999999709e+02 1.700000000000000000e+01
5.540589999999999691e+02 8.500000000000000000e+01
5.558010000000000446e+02 2.400000000000000000e+03
5.563630000000000564e+02 3.500000000000000000e+01
5.569660000000000082e+02 2.000000000000000000e+01
5.587910000000000537e+02 2.000000000000000000e+01
5.590000000000000000e+02 4.000000000000000000e+01
5.653550000000000182e+02 6.000000000000000000e+01
5.688110000000000355e+02 7.000000000000000000e+00
5.721580000000000155e+02 2.200000000000000000e+02
5.742419999999999618e+02 1.500000000000000000e+01
5.751499999999999773e+02 1.000000000000000000e+01
5.757490000000000236e+02 1.000000000000000000e+01
5.773260000000000218e+02 2.700000000000000000e+01
5.805049999999999955e+02 1.000000000000000000e+01
5.821019999999999754e+02 1.000000000000000000e+01
5.835610000000000355e+02 3.500000000000000000e+01
5.838759999999999764e+02 3.500000000000000000e+01
5.856130000000000564e+02 2.700000000000000000e+01
5.898840000000000146e+02 8.000000000000000000e+00
5.910000000000000000e+02 2.000000000000000000e+01
5.950670000000000073e+02 1.000000000000000000e+01
5.974700000000000273e+02 2.000000000000000000e+01
5.990990000000000464e+02 1.700000000000000000e+01
5.993170000000000073e+02 4.000000000000000000e+01
6.054560000000000173e+02 1.000000000000000000e+01
6.056250000000000000e+02 1.000000000000000000e+01
6.057530000000000427e+02 4.000000000000000000e+01
6.154270000000000209e+02 6.000000000000000000e+01
6.215940000000000509e+02 1.000000000000000000e+02
6.248700000000000045e+02 3.000000000000000000e+01
6.276520000000000437e+02 6.000000000000000000e+01
6.309890000000000327e+02 1.400000000000000000e+01
6.330270000000000437e+02 2.000000000000000000e+02
6.367640000000000100e+02 1.000000000000000000e+01
6.380090000000000146e+02 1.500000000000000000e+02
6.402119999999999891e+02 3.500000000000000000e+01
6.419679999999999609e+02 3.500000000000000000e+01
6.434510000000000218e+02 2.000000000000000000e+01
6.464940000000000282e+02 1.700000000000000000e+01
6.468120000000000118e+02 2.500000000000000000e+01
6.490850000000000364e+02 3.400000000000000000e+02
6.645380000000000109e+02 2.000000000000000000e+01
6.669660000000000082e+02 1.800000000000000000e+02
6.680009999999999764e+02 1.500000000000000000e+01
6.729470000000000027e+02 2.500000000000000000e+01
6.770570000000000164e+02 2.500000000000000000e+01
6.801480000000000246e+02 6.900000000000000000e+02
6.935960000000000036e+02 1.800000000000000000e+01
6.987079999999999700e+02 2.000000000000000000e+01
7.001810000000000400e+02 2.000000000000000000e+01
7.038980000000000246e+02 1.000000000000000000e+01
7.045720000000000027e+02 1.000000000000000000e+01
7.159690000000000509e+02 1.500000000000000000e+01
7.246409999999999627e+02 9.000000000000000000e+00
7.307229999999999563e+02 8.000000000000000000e+00
7.313029999999999973e+02 1.000000000000000000e+01
7.315059999999999718e+02 1.000000000000000000e+01
7.352060000000000173e+02 1.600000000000000000e+01
7.402019999999999982e+02 1.000000000000000000e+01
7.412050000000000409e+02 8.000000000000000000e+01
7.450330000000000155e+02 2.500000000000000000e+01
7.458909999999999627e+02 1.500000000000000000e+01
7.529529999999999745e+02 3.000000000000000000e+01
7.666520000000000437e+02 7.000000000000000000e+01
7.701599999999999682e+02 7.500000000000000000e+02
7.894560000000000173e+02 8.000000000000000000e+01
7.895270000000000437e+02 2.000000000000000000e+01
7.897250000000000227e+02 7.000000000000000000e+00
7.973650000000000091e+02 1.000000000000000000e+02
8.058239999999999554e+02 2.000000000000000000e+01
8.119669999999999845e+02 1.000000000000000000e+01
8.329149999999999636e+02 1.000000000000000000e+01
8.330170000000000528e+02 3.000000000000000000e+01
8.402319999999999709e+02 2.000000000000000000e+01
8.492229999999999563e+02 3.000000000000000000e+01
8.925009999999999764e+02 7.000000000000000000e+01
1.011336999999999989e+03 2.000000000000000000e+02
1.083333000000000084e+03 1.000000000000000000e+02
