2.062659999999999911e+02
2.100670000000000073e+02
2.502870000000000061e+02
2.558849999999999909e+02
2.627219999999999800e+02
2.683700000000000045e+02
2.713299999999999841e+02
2.727040000000000077e+02
2.761000000000000227e+02
2.782379999999999995e+02
2.791650000000000205e+02
2.794719999999999800e+02
2.798410000000000082e+02
2.807590000000000146e+02
2.834300000000000068e+02
2.848000000000000114e+02
2.896050000000000182e+02
2.897669999999999959e+02
2.923879999999999768e+02
2.953410000000000082e+02
2.995040000000000191e+02
3.044189999999999827e+02
3.070249999999999773e+02
3.078960000000000150e+02
3.086940000000000168e+02
3.088269999999999982e+02
3.113729999999999905e+02
3.121059999999999945e+02
3.153999999999999773e+02
3.155319999999999823e+02
3.165729999999999791e+02
3.225600000000000023e+02
3.231519999999999868e+02
3.238629999999999995e+02
3.261850000000000023e+02
3.318960000000000150e+02
3.384499999999999886e+02
3.393750000000000000e+02
3.414820000000000277e+02
3.418750000000000000e+02
3.482160000000000082e+02
3.488589999999999804e+02
3.490529999999999973e+02
3.530249999999999773e+02
3.535640000000000214e+02
3.556009999999999991e+02
3.566610000000000014e+02
3.695930000000000177e+02
3.757740000000000009e+02
3.800899999999999750e+02
3.864220000000000255e+02
3.915579999999999927e+02
4.062749999999999773e+02
4.089590000000000032e+02
4.169580000000000268e+02
4.181159999999999854e+02
4.184300000000000068e+02
4.195579999999999927e+02
4.210880000000000223e+02
4.360360000000000014e+02
4.385760000000000218e+02
4.387640000000000100e+02
4.397950000000000159e+02
4.414329999999999927e+02
4.463980000000000246e+02
4.508460000000000036e+02
4.571150000000000091e+02
4.606739999999999782e+02
4.717900000000000205e+02
4.721480000000000246e+02
4.813559999999999945e+02
4.946560000000000059e+02
4.959610000000000127e+02
4.962250000000000227e+02
5.194660000000000082e+02
5.447889999999999873e+02
5.733640000000000327e+02
5.760570000000000164e+02
5.912490000000000236e+02
6.166459999999999582e+02
6.169539999999999509e+02
6.244560000000000173e+02
6.361620000000000346e+02
6.693120000000000118e+02
7.292409999999999854e+02
7.868260000000000218e+02
