5.463400000000000478e-01
5.463400000000000478e-01
5.491399999999999615e-01
5.491399999999999615e-01
5.534099999999999575e-01
5.534099999999999575e-01
5.603900000000000547e-01
5.603900000000000547e-01
5.739199999999999857e-01
5.739199999999999857e-01
5.992499999999999494e-01
6.009999999999999787e-01
6.029900000000000260e-01
6.052899999999999947e-01
6.052899999999999947e-01
6.059499999999999886e-01
6.100999999999999757e-01
6.175000000000000488e-01
6.314199999999999813e-01
6.635100000000000442e-01
6.644900000000000251e-01
6.743500000000000050e-01
6.743500000000000050e-01
6.777499999999999636e-01
6.777499999999999636e-01
6.777499999999999636e-01
6.777499999999999636e-01
6.777499999999999636e-01
6.792099999999999804e-01
6.792099999999999804e-01
6.792099999999999804e-01
6.792099999999999804e-01
6.804499999999999993e-01
6.804499999999999993e-01
6.804499999999999993e-01
6.821500000000000341e-01
6.827699999999999880e-01
6.846299999999999608e-01
6.846299999999999608e-01
6.846299999999999608e-01
7.170900000000000052e-01
7.176500000000000101e-01
7.193599999999999994e-01
7.230600000000000360e-01
7.250100000000000433e-01
7.254599999999999937e-01
7.254599999999999937e-01
7.259600000000000497e-01
7.259600000000000497e-01
7.259600000000000497e-01
7.259600000000000497e-01
7.259600000000000497e-01
7.259600000000000497e-01
7.275099999999999900e-01
7.757500000000000506e-01
7.773999999999999799e-01
7.773999999999999799e-01
7.773999999999999799e-01
7.773999999999999799e-01
7.773999999999999799e-01
7.773999999999999799e-01
7.773999999999999799e-01
7.796300000000000452e-01
7.796300000000000452e-01
7.806899999999999951e-01
7.806899999999999951e-01
7.806899999999999951e-01
7.806899999999999951e-01
7.806899999999999951e-01
7.847100000000000186e-01
7.847100000000000186e-01
7.857100000000000195e-01
7.857100000000000195e-01
7.857100000000000195e-01
7.875600000000000378e-01
7.875600000000000378e-01
7.875600000000000378e-01
7.929000000000000492e-01
7.933999999999999941e-01
7.933999999999999941e-01
7.933999999999999941e-01
7.933999999999999941e-01
7.933999999999999941e-01
7.933999999999999941e-01
7.951000000000000290e-01
7.951000000000000290e-01
7.951000000000000290e-01
7.951000000000000290e-01
7.951000000000000290e-01
7.951000000000000290e-01
7.951000000000000290e-01
7.951000000000000290e-01
7.951000000000000290e-01
7.951000000000000290e-01
7.951000000000000290e-01
2.941600000000000215e+00
2.941600000000000215e+00
2.979299999999999837e+00
2.979299999999999837e+00
3.037599999999999856e+00
3.037599999999999856e+00
3.131299999999999972e+00
3.131299999999999972e+00
3.142599999999999838e+00
3.148299999999999876e+00
3.206799999999999873e+00
3.212800000000000100e+00
3.300699999999999967e+00
3.300699999999999967e+00
3.310900000000000176e+00
3.317200000000000149e+00
3.499400000000000066e+00
3.506499999999999950e+00
3.516300000000000203e+00
3.523899999999999810e+00
3.667499999999999982e+00
3.667499999999999982e+00
3.825499999999999901e+00
3.909100000000000019e+00
3.918000000000000149e+00
3.918000000000000149e+00
3.952999999999999847e+00
3.962299999999999933e+00
4.042099999999999582e+00
4.154300000000000104e+00
4.173000000000000043e+00
4.354899999999999771e+00
4.470399999999999707e+00
4.474300000000000388e+00
4.490199999999999747e+00
4.775500000000000078e+00
4.785599999999999632e+00
4.829699999999999882e+00
4.833800000000000097e+00
4.985400000000000276e+00
4.991600000000000037e+00
5.067000000000000171e+00
5.071699999999999875e+00
5.076200000000000045e+00
5.080199999999999605e+00
5.090300000000000047e+00
5.094599999999999795e+00
5.103900000000000325e+00
5.136199999999999655e+00
5.136199999999999655e+00
5.136199999999999655e+00
5.139999999999999680e+00
5.145400000000000418e+00
5.197899999999999743e+00
5.229899999999999771e+00
5.244600000000000151e+00
5.296599999999999753e+00
5.309800000000000075e+00
5.323699999999999655e+00
5.326699999999999768e+00
5.337600000000000122e+00
5.341199999999999726e+00
5.342399999999999594e+00
5.348799999999999777e+00
5.348799999999999777e+00
5.355400000000000382e+00
5.355400000000000382e+00
5.378499999999999837e+00
5.379999999999999893e+00
5.382299999999999862e+00
5.411500000000000199e+00
5.421700000000000408e+00
5.421700000000000408e+00
5.425799999999999734e+00
5.438799999999999635e+00
5.522700000000000387e+00
5.527199999999999669e+00
5.537600000000000300e+00
5.562199999999999811e+00
5.566699999999999982e+00
5.566699999999999982e+00
5.573100000000000165e+00
5.615099999999999980e+00
5.630399999999999849e+00
5.658999999999999808e+00
5.665000000000000036e+00
5.669599999999999973e+00
5.676199999999999690e+00
5.680200000000000138e+00
5.689899999999999736e+00
5.694499999999999673e+00
5.694499999999999673e+00
5.696399999999999686e+00
5.702399999999999913e+00
5.707200000000000273e+00
5.711599999999999788e+00
5.736799999999999677e+00
5.755300000000000082e+00
5.762400000000000411e+00
5.766300000000000203e+00
5.806000000000000050e+00
5.811200000000000365e+00
5.822199999999999598e+00
5.827600000000000335e+00
5.875000000000000000e+00
5.880799999999999805e+00
5.885799999999999699e+00
5.898699999999999832e+00
5.910700000000000287e+00
5.910700000000000287e+00
5.929800000000000182e+00
5.929800000000000182e+00
5.938100000000000378e+00
5.938100000000000378e+00
5.976099999999999746e+00
5.976099999999999746e+00
5.982700000000000351e+00
5.991100000000000314e+00
6.005200000000000315e+00
6.016200000000000436e+00
6.019700000000000273e+00
6.022199999999999775e+00
6.026200000000000223e+00
6.031200000000000117e+00
6.034699999999999953e+00
6.050399999999999778e+00
6.050399999999999778e+00
6.054899999999999949e+00
6.054899999999999949e+00
6.058799999999999741e+00
6.063200000000000145e+00
6.064499999999999780e+00
6.070000000000000284e+00
6.089599999999999902e+00
6.089599999999999902e+00
6.106900000000000439e+00
6.164699999999999847e+00
6.164699999999999847e+00
6.169400000000000439e+00
6.201600000000000001e+00
6.206999999999999851e+00
6.229199999999999626e+00
6.229599999999999582e+00
6.232700000000000351e+00
6.236900000000000333e+00
6.247399999999999842e+00
6.247399999999999842e+00
6.247399999999999842e+00
6.258700000000000152e+00
6.258700000000000152e+00
6.291599999999999859e+00
6.300500000000000433e+00
6.302500000000000213e+00
6.305600000000000094e+00
6.313399999999999679e+00
6.320299999999999585e+00
6.320299999999999585e+00
6.320299999999999585e+00
6.350900000000000212e+00
6.363199999999999967e+00
6.371400000000000396e+00
6.371400000000000396e+00
6.371400000000000396e+00
6.371400000000000396e+00
6.371400000000000396e+00
6.371400000000000396e+00
6.393299999999999983e+00
6.396499999999999631e+00
6.400400000000000311e+00
6.408599999999999852e+00
6.426899999999999835e+00
6.432500000000000107e+00
6.435800000000000409e+00
6.448100000000000165e+00
6.451600000000000001e+00
6.462500000000000355e+00
6.462500000000000355e+00
6.469800000000000217e+00
6.481499999999999595e+00
6.481600000000000250e+00
6.488500000000000156e+00
6.490400000000000169e+00
6.501999999999999780e+00
6.501999999999999780e+00
6.503199999999999648e+00
6.512800000000000367e+00
6.512800000000000367e+00
6.529799999999999827e+00
6.529799999999999827e+00
6.529799999999999827e+00
6.529799999999999827e+00
6.529799999999999827e+00
6.529799999999999827e+00
6.538100000000000023e+00
6.549400000000000333e+00
6.582099999999999618e+00
6.586199999999999832e+00
6.588300000000000267e+00
6.603799999999999670e+00
6.609200000000000408e+00
6.614200000000000301e+00
6.623899999999999899e+00
6.623899999999999899e+00
6.627500000000000391e+00
6.627500000000000391e+00
6.627500000000000391e+00
6.632100000000000328e+00
6.632100000000000328e+00
6.636300000000000310e+00
6.636300000000000310e+00
6.640900000000000247e+00
6.662399999999999878e+00
6.670399999999999885e+00
6.673099999999999810e+00
6.677100000000000257e+00
6.683600000000000207e+00
6.704399999999999693e+00
6.709600000000000009e+00
6.712100000000000399e+00
6.716599999999999682e+00
6.724400000000000155e+00
6.728799999999999670e+00
6.735999999999999766e+00
6.740800000000000125e+00
6.740800000000000125e+00
6.743699999999999584e+00
6.746400000000000396e+00
6.752900000000000347e+00
6.756499999999999950e+00
6.756499999999999950e+00
6.756499999999999950e+00
6.756499999999999950e+00
6.756499999999999950e+00
6.756499999999999950e+00
6.756499999999999950e+00
6.782799999999999940e+00
6.782799999999999940e+00
6.782799999999999940e+00
6.794599999999999973e+00
6.794599999999999973e+00
6.794599999999999973e+00
6.794599999999999973e+00
6.794599999999999973e+00
6.794599999999999973e+00
6.837500000000000355e+00
6.853100000000000414e+00
6.853399999999999714e+00
6.862599999999999589e+00
6.863699999999999690e+00
6.867499999999999716e+00
6.868100000000000094e+00
6.878300000000000303e+00
6.882500000000000284e+00
6.882500000000000284e+00
6.882500000000000284e+00
6.882500000000000284e+00
6.882500000000000284e+00
6.890399999999999636e+00
6.895800000000000374e+00
6.895800000000000374e+00
6.913499999999999979e+00
6.925799999999999734e+00
6.942000000000000171e+00
6.950199999999999712e+00
6.950199999999999712e+00
6.950199999999999712e+00
6.961100000000000065e+00
6.971599999999999575e+00
6.977299999999999613e+00
6.977299999999999613e+00
6.977299999999999613e+00
6.977299999999999613e+00
6.977299999999999613e+00
6.977299999999999613e+00
6.985000000000000320e+00
7.009000000000000341e+00
7.016099999999999781e+00
7.032300000000000217e+00
7.072700000000000209e+00
7.123800000000000132e+00
7.127399999999999736e+00
7.162499999999999645e+00
7.162499999999999645e+00
7.222299999999999720e+00
7.228200000000000180e+00
7.232400000000000162e+00
7.240099999999999980e+00
7.292600000000000193e+00
7.292600000000000193e+00
7.307599999999999874e+00
7.307599999999999874e+00
7.345100000000000406e+00
7.362499999999999822e+00
7.362499999999999822e+00
7.370300000000000296e+00
7.373300000000000409e+00
7.373300000000000409e+00
7.387900000000000134e+00
7.387900000000000134e+00
7.387900000000000134e+00
7.401600000000000179e+00
7.409900000000000375e+00
7.409900000000000375e+00
7.425900000000000389e+00
7.432100000000000151e+00
7.434599999999999653e+00
7.434599999999999653e+00
7.444399999999999906e+00
7.450400000000000134e+00
7.450400000000000134e+00
7.459200000000000053e+00
7.465600000000000236e+00
7.478500000000000369e+00
7.481300000000000061e+00
7.484099999999999753e+00
7.489200000000000301e+00
7.496500000000000163e+00
7.505799999999999805e+00
7.516399999999999970e+00
7.516399999999999970e+00
7.528100000000000236e+00
7.531299999999999883e+00
7.536699999999999733e+00
7.539699999999999847e+00
7.539699999999999847e+00
7.539699999999999847e+00
7.548799999999999955e+00
7.548799999999999955e+00
7.554400000000000226e+00
7.554400000000000226e+00
7.557699999999999640e+00
7.557699999999999640e+00
7.557699999999999640e+00
7.557699999999999640e+00
7.557699999999999640e+00
7.557699999999999640e+00
7.557699999999999640e+00
7.557699999999999640e+00
7.557699999999999640e+00
7.562299999999999578e+00
7.562299999999999578e+00
7.573400000000000354e+00
7.577799999999999869e+00
7.580799999999999983e+00
7.584999999999999964e+00
7.584999999999999964e+00
7.587600000000000122e+00
7.589400000000000368e+00
7.590300000000000047e+00
7.592600000000000016e+00
7.594599999999999795e+00
7.598499999999999588e+00
7.600900000000000212e+00
7.602199999999999847e+00
7.608999999999999986e+00
7.622600000000000264e+00
7.626199999999999868e+00
7.634400000000000297e+00
7.636599999999999611e+00
7.638600000000000279e+00
7.639999999999999680e+00
7.640200000000000102e+00
7.642199999999999882e+00
7.644000000000000128e+00
7.654300000000000104e+00
7.658199999999999896e+00
7.661800000000000388e+00
7.669699999999999740e+00
7.669699999999999740e+00
7.679400000000000226e+00
7.685299999999999798e+00
7.695299999999999585e+00
7.705199999999999605e+00
7.705199999999999605e+00
7.705199999999999605e+00
7.731499999999999595e+00
7.738100000000000200e+00
7.760500000000000398e+00
7.777800000000000047e+00
7.780899999999999928e+00
7.790600000000000414e+00
7.794500000000000206e+00
7.794500000000000206e+00
7.811200000000000365e+00
7.817800000000000082e+00
7.832900000000000418e+00
7.834299999999999820e+00
7.835099999999999731e+00
7.835099999999999731e+00
7.835099999999999731e+00
7.835099999999999731e+00
7.835099999999999731e+00
7.835099999999999731e+00
7.836500000000000021e+00
7.845900000000000318e+00
7.850799999999999557e+00
7.862800000000000011e+00
7.871199999999999974e+00
7.878999999999999559e+00
7.883600000000000385e+00
7.902199999999999669e+00
7.920399999999999885e+00
7.945500000000000007e+00
7.955700000000000216e+00
7.963700000000000223e+00
7.969199999999999839e+00
7.992799999999999905e+00
7.996000000000000441e+00
7.997200000000000308e+00
8.032000000000000028e+00
8.048299999999999343e+00
8.057999999999999829e+00
8.070399999999999352e+00
8.076999999999999957e+00
8.117599999999999483e+00
8.173799999999999955e+00
8.174099999999999255e+00
8.177400000000000446e+00
8.179399999999999338e+00
8.180899999999999395e+00
8.208199999999999719e+00
8.226699999999999235e+00
8.233800000000000452e+00
8.333500000000000796e+00
8.346500000000000696e+00
8.346500000000000696e+00
8.363500000000000156e+00
8.363500000000000156e+00
8.363500000000000156e+00
8.383300000000000196e+00
8.400499999999999190e+00
8.409499999999999531e+00
8.438000000000000611e+00
8.448000000000000398e+00
8.518900000000000361e+00
8.542199999999999349e+00
8.551800000000000068e+00
8.556699999999999307e+00
8.562300000000000466e+00
8.566200000000000259e+00
8.572499999999999787e+00
8.576700000000000657e+00
8.580399999999999139e+00
8.580600000000000449e+00
8.581699999999999662e+00
8.586700000000000443e+00
8.592200000000000060e+00
8.592200000000000060e+00
8.601800000000000779e+00
8.606799999999999784e+00
8.609400000000000830e+00
8.614800000000000679e+00
8.642699999999999605e+00
8.642699999999999605e+00
8.642699999999999605e+00
8.666600000000000747e+00
8.668499999999999872e+00
8.688399999999999679e+00
8.701999999999999957e+00
8.705799999999999983e+00
8.716499999999999915e+00
8.727899999999999991e+00
8.733100000000000307e+00
8.753999999999999559e+00
8.758699999999999264e+00
8.762499999999999289e+00
8.765100000000000335e+00
8.777599999999999625e+00
8.779600000000000293e+00
8.786300000000000665e+00
8.788299999999999557e+00
8.802699999999999747e+00
8.802699999999999747e+00
8.816300000000000026e+00
8.826900000000000190e+00
8.832499999999999574e+00
8.836899999999999977e+00
8.842499999999999361e+00
8.846199999999999619e+00
8.853899999999999437e+00
8.853899999999999437e+00
8.863599999999999923e+00
8.868700000000000472e+00
8.868800000000000239e+00
8.881700000000000372e+00
8.894500000000000739e+00
9.019600000000000506e+00
9.054700000000000415e+00
9.059599999999999653e+00
9.062699999999999534e+00
9.063000000000000611e+00
9.064600000000000435e+00
9.070100000000000051e+00
9.077199999999999491e+00
9.085599999999999454e+00
9.091400000000000148e+00
9.098200000000000287e+00
9.107799999999999230e+00
9.133200000000000429e+00
9.148699999999999832e+00
9.148699999999999832e+00
9.148699999999999832e+00
9.175000000000000711e+00
9.203900000000000858e+00
9.262600000000000833e+00
9.263799999999999812e+00
9.287499999999999645e+00
9.297000000000000597e+00
9.327500000000000568e+00
9.329800000000000537e+00
9.351699999999999235e+00
9.353500000000000369e+00
9.365399999999999281e+00
9.375500000000000611e+00
9.385500000000000398e+00
9.387999999999999901e+00
9.395500000000000185e+00
9.398099999999999454e+00
9.408899999999999153e+00
9.411699999999999733e+00
9.416000000000000369e+00
9.418699999999999406e+00
9.432100000000000151e+00
9.439399999999999125e+00
9.543300000000000338e+00
9.555999999999999162e+00
9.567999999999999616e+00
9.583500000000000796e+00
9.597500000000000142e+00
9.615000000000000213e+00
9.620699999999999363e+00
9.632699999999999818e+00
9.644000000000000128e+00
9.667299999999999116e+00
9.919999999999999929e+00
9.927699999999999747e+00
9.929000000000000270e+00
9.942500000000000782e+00
9.954100000000000392e+00
9.961399999999999366e+00
9.977399999999999380e+00
1.006160000000000032e+01
1.006380000000000052e+01
1.008929999999999971e+01
1.009220000000000006e+01
1.010270000000000046e+01
1.030620000000000047e+01
1.038000000000000078e+01
1.038000000000000078e+01
1.038049999999999962e+01
1.038049999999999962e+01
1.038819999999999943e+01
1.039380000000000059e+01
1.039920000000000044e+01
1.040460000000000029e+01
1.040719999999999956e+01
1.041220000000000034e+01
1.041810000000000080e+01
1.043440000000000012e+01
1.043619999999999948e+01
1.044469999999999921e+01
1.044640000000000057e+01
1.044960000000000022e+01
1.048900000000000077e+01
1.052599999999999980e+01
1.053500000000000014e+01
1.057000000000000028e+01
1.057000000000000028e+01
1.057199999999999918e+01
1.060100000000000087e+01
1.063799999999999990e+01
1.069899999999999984e+01
1.073700000000000010e+01
1.076219999999999999e+01
1.077110000000000056e+01
1.079480000000000040e+01
1.080049999999999955e+01
1.080589999999999939e+01
1.081129999999999924e+01
1.083159999999999989e+01
1.083880000000000088e+01
1.084060000000000024e+01
1.084450000000000003e+01
1.084619999999999962e+01
1.085260000000000069e+01
1.085299999999999976e+01
1.086170000000000080e+01
1.087079999999999913e+01
1.088490000000000002e+01
1.089129999999999932e+01
1.089409999999999989e+01
1.090210000000000079e+01
1.090240000000000009e+01
1.092839999999999989e+01
1.095159999999999911e+01
1.096299999999999919e+01
1.096749999999999936e+01
1.097300000000000075e+01
1.098440000000000083e+01
1.099760000000000026e+01
1.100450000000000017e+01
1.101299999999999990e+01
1.105400000000000027e+01
1.111960000000000015e+01
1.115889999999999915e+01
1.117810000000000059e+01
1.131400000000000006e+01
1.131400000000000006e+01
1.133179999999999943e+01
1.134409999999999918e+01
1.134529999999999994e+01
1.136289999999999978e+01
1.137589999999999968e+01
1.143130000000000024e+01
1.147369999999999912e+01
1.164639999999999986e+01
1.169209999999999994e+01
1.173770000000000024e+01
1.184970000000000034e+01
1.189830000000000076e+01
1.240300000000000047e+01
1.245500000000000007e+01
1.255289999999999928e+01
1.260679999999999978e+01
1.297300000000000075e+01
1.303899999999999970e+01
1.304110000000000014e+01
1.308469999999999978e+01
1.310019999999999918e+01
1.314380000000000059e+01
1.316469999999999985e+01
1.324070000000000036e+01
1.326260000000000083e+01
1.330100000000000016e+01
1.330100000000000016e+01
1.332329999999999970e+01
1.352190000000000047e+01
1.356170000000000009e+01
1.374600000000000044e+01
1.378299999999999947e+01
1.381000000000000050e+01
1.388299999999999912e+01
1.415499999999999936e+01
1.417099999999999937e+01
1.439499999999999957e+01
1.441699999999999982e+01
1.458799999999999919e+01
1.462599999999999945e+01
1.502999999999999936e+01
1.503999999999999915e+01
1.506199999999999939e+01
1.509399999999999942e+01
1.518399999999999928e+01
1.523199999999999932e+01
1.527200000000000024e+01
1.528500000000000014e+01
1.530599999999999916e+01
1.536200000000000010e+01
1.538799999999999990e+01
1.542600000000000016e+01
1.544500000000000028e+01
1.546000000000000085e+01
1.546899999999999942e+01
1.548399999999999999e+01
1.549900000000000055e+01
1.550999999999999979e+01
1.554499999999999993e+01
1.558300000000000018e+01
1.560500000000000043e+01
1.562500000000000000e+01
1.568699999999999939e+01
1.570299999999999940e+01
1.571299999999999919e+01
1.574399999999999977e+01
1.576399999999999935e+01
1.578599999999999959e+01
1.579800000000000004e+01
1.580799999999999983e+01
1.592500000000000071e+01
1.600740000000000052e+01
1.616880000000000095e+01
1.690700000000000003e+01
1.697299999999999898e+01
1.698199999999999932e+01
1.701099999999999923e+01
1.701099999999999923e+01
1.702400000000000091e+01
1.704899999999999949e+01
1.705699999999999861e+01
1.710399999999999920e+01
1.711199999999999832e+01
1.713700000000000045e+01
1.721000000000000085e+01
1.721000000000000085e+01
1.723100000000000165e+01
1.724500000000000099e+01
1.726200000000000045e+01
1.750199999999999889e+01
1.750199999999999889e+01
1.778000000000000114e+01
1.778000000000000114e+01
1.790030000000000143e+01
1.899769999999999825e+01
1.905689999999999884e+01
2.215350000000000108e+01
2.390299999999999869e+01
2.407700000000000173e+01
2.437659999999999982e+01
2.474010000000000176e+01
2.484560000000000102e+01
2.501389999999999958e+01
2.513469999999999871e+01
2.590360000000000085e+01
2.592070000000000007e+01
2.610439999999999827e+01
2.612190000000000012e+01
2.753430000000000177e+01
2.786939999999999884e+01
2.789819999999999922e+01
2.791870000000000118e+01
2.801139999999999830e+01
2.807450000000000045e+01
2.809939999999999927e+01
2.813939999999999841e+01
2.824070000000000036e+01
2.826599999999999824e+01
2.840149999999999864e+01
2.854670000000000130e+01
2.858099999999999952e+01
2.859590000000000032e+01
2.863639999999999830e+01
2.866100000000000136e+01
2.866100000000000136e+01
2.870830000000000126e+01
2.890700000000000003e+01
2.890700000000000003e+01
2.896450000000000102e+01
3.005600000000000094e+01
3.050550000000000139e+01
3.069099999999999895e+01
3.072490000000000165e+01
3.073300000000000054e+01
3.085630000000000095e+01
3.090230000000000032e+01
3.090719999999999956e+01
3.090719999999999956e+01
3.091209999999999880e+01
3.095970000000000155e+01
3.098509999999999920e+01
3.109069999999999823e+01
3.122370000000000090e+01
3.167930000000000135e+01
3.185369999999999990e+01
3.210269999999999868e+01
3.235199999999999676e+01
3.253099999999999881e+01
3.253099999999999881e+01
3.253099999999999881e+01
3.282000000000000028e+01
3.282000000000000028e+01
3.286959999999999837e+01
3.295510000000000161e+01
3.310300000000000153e+01
3.310300000000000153e+01
3.310300000000000153e+01
3.327799999999999869e+01
3.345100000000000051e+01
3.345100000000000051e+01
3.402300000000000324e+01
3.432900000000000063e+01
3.436410000000000053e+01
3.521450000000000102e+01
3.537689999999999912e+01
3.568800000000000239e+01
3.811500000000000199e+01
3.816740000000000066e+01
3.836999999999999744e+01
3.837850000000000250e+01
3.840599999999999881e+01
3.840599999999999881e+01
3.849499999999999744e+01
3.860300000000000153e+01
3.875099999999999767e+01
3.879699999999999704e+01
3.920000000000000284e+01
3.924179999999999779e+01
3.948299999999999699e+01
3.954399999999999693e+01
3.954399999999999693e+01
3.960499999999999687e+01
3.978499999999999659e+01
3.995700000000000074e+01
4.004599999999999937e+01
4.011829999999999785e+01
4.035999999999999943e+01
4.063900000000000290e+01
4.214600000000000080e+01
4.320300000000000296e+01
4.327300000000000324e+01
4.374600000000000222e+01
4.381799999999999784e+01
4.560799999999999699e+01
4.567300000000000182e+01
4.570000000000000284e+01
4.635099999999999909e+01
4.635099999999999909e+01
4.662400000000000233e+01
4.692399999999999949e+01
4.713400000000000034e+01
4.717399999999999949e+01
4.747500000000000142e+01
4.756300000000000239e+01
4.761299999999999955e+01
4.762700000000000244e+01
4.775999999999999801e+01
4.777300000000000324e+01
4.782600000000000051e+01
4.790200000000000102e+01
4.790200000000000102e+01
4.792999999999999972e+01
4.797599999999999909e+01
4.801100000000000279e+01
4.810099999999999909e+01
4.812899999999999778e+01
4.820799999999999841e+01
4.824799999999999756e+01
4.830299999999999727e+01
4.835499999999999687e+01
4.852799999999999869e+01
4.869500000000000028e+01
4.869500000000000028e+01
4.883599999999999852e+01
4.904399999999999693e+01
4.907300000000000040e+01
4.908800000000000097e+01
4.923100000000000165e+01
4.923100000000000165e+01
4.927799999999999869e+01
4.931799999999999784e+01
4.966599999999999682e+01
4.974699999999999989e+01
4.986099999999999710e+01
5.002900000000000347e+01
5.004200000000000159e+01
5.016199999999999903e+01
5.112149999999999750e+01
5.112149999999999750e+01
5.230199999999999960e+01
5.259499999999999886e+01
5.266700000000000159e+01
5.268099999999999739e+01
5.282600000000000051e+01
5.304200000000000159e+01
5.310300000000000153e+01
5.324900000000000233e+01
5.335000000000000142e+01
5.336999999999999744e+01
5.339999999999999858e+01
5.349799999999999756e+01
5.363600000000000279e+01
5.367300000000000182e+01
5.373400000000000176e+01
5.384799999999999898e+01
5.389000000000000057e+01
5.411610000000000298e+01
5.418599999999999994e+01
5.422500000000000142e+01
5.435719999999999885e+01
5.442900000000000205e+01
5.459700000000000131e+01
5.465999999999999659e+01
5.500300000000000011e+01
5.526700000000000301e+01
5.603900000000000148e+01
5.603900000000000148e+01
5.614000000000000057e+01
5.668469999999999942e+01
5.681199999999999761e+01
5.684920000000000329e+01
5.686290000000000333e+01
5.703640000000000043e+01
5.716100000000000136e+01
5.717600000000000193e+01
5.744989999999999952e+01
5.747699999999999676e+01
5.754729999999999990e+01
5.758899999999999864e+01
5.776599999999999824e+01
5.783200000000000074e+01
5.795300000000000296e+01
5.797299999999999898e+01
5.804099999999999682e+01
5.804099999999999682e+01
5.811800000000000210e+01
5.819100000000000250e+01
5.823949999999999960e+01
5.835900000000000176e+01
5.843339999999999890e+01
5.844299999999999784e+01
5.851299999999999812e+01
5.854399999999999693e+01
5.856099999999999994e+01
5.871099999999999852e+01
5.883709999999999951e+01
5.893900000000000006e+01
5.900780000000000314e+01
5.909799999999999898e+01
5.916199999999999903e+01
5.916199999999999903e+01
5.922399999999999665e+01
5.924199999999999733e+01
5.943800000000000239e+01
5.945499999999999829e+01
5.989500000000000313e+01
6.021800000000000352e+01
6.038300000000000267e+01
6.050300000000000011e+01
6.070400000000000063e+01
6.131000000000000227e+01
6.204599999999999937e+01
6.220199999999999818e+01
6.233899999999999864e+01
6.237489999999999668e+01
6.274000000000000199e+01
6.290619999999999834e+01
6.353099999999999881e+01
6.356400000000000006e+01
6.360079999999999956e+01
6.365520000000000067e+01
6.367079999999999984e+01
6.376749999999999829e+01
6.378499999999999659e+01
6.379840000000000089e+01
6.381470000000000198e+01
6.395179999999999865e+01
6.397120000000000317e+01
6.460089999999999577e+01
6.460089999999999577e+01
6.512040000000000362e+01
6.536599999999999966e+01
6.553000000000000114e+01
6.555639999999999645e+01
6.584199999999999875e+01
6.585599999999999454e+01
6.603600000000000136e+01
6.609640000000000271e+01
6.618030000000000257e+01
6.637199999999999989e+01
6.648040000000000305e+01
6.656749999999999545e+01
6.659380000000000166e+01
6.671559999999999491e+01
6.679439999999999600e+01
6.682599999999999341e+01
6.697199999999999420e+01
6.699200000000000443e+01
6.700600000000000023e+01
6.700600000000000023e+01
6.701439999999999486e+01
6.705459999999999354e+01
6.709770000000000323e+01
6.711979999999999791e+01
6.731040000000000134e+01
6.733249999999999602e+01
6.742690000000000339e+01
6.745300000000000296e+01
6.748799999999999955e+01
6.751999999999999602e+01
6.753360000000000696e+01
6.753360000000000696e+01
6.759380000000000166e+01
6.763800000000000523e+01
6.765949999999999420e+01
6.765949999999999420e+01
6.768380000000000507e+01
6.772480000000000189e+01
6.773770000000000380e+01
6.773770000000000380e+01
6.793729999999999336e+01
6.793729999999999336e+01
6.796590000000000487e+01
6.799089999999999634e+01
6.801500000000000057e+01
6.804099999999999682e+01
6.804399999999999693e+01
6.805859999999999843e+01
6.805859999999999843e+01
6.809550000000000125e+01
6.809550000000000125e+01
6.812199999999999989e+01
6.824960000000000093e+01
6.833100000000000307e+01
6.835290000000000532e+01
6.844020000000000437e+01
6.844020000000000437e+01
6.845799999999999841e+01
6.845799999999999841e+01
6.847400000000000375e+01
6.855800000000000693e+01
6.861690000000000111e+01
6.868269999999999698e+01
6.878100000000000591e+01
6.884000000000000341e+01
6.885309999999999775e+01
6.897599999999999909e+01
6.899269999999999925e+01
6.899360000000000070e+01
6.917000000000000171e+01
6.918200000000000216e+01
6.938960000000000150e+01
6.958169999999999789e+01
6.962120000000000175e+01
6.974909999999999854e+01
6.977509999999999479e+01
6.982179999999999609e+01
6.994889999999999475e+01
7.004730000000000700e+01
7.006799999999999784e+01
7.013150000000000261e+01
7.051269999999999527e+01
7.083400000000000318e+01
7.124299999999999500e+01
7.146949999999999648e+01
7.246200000000000330e+01
7.257160000000000366e+01
7.266299999999999670e+01
7.269480000000000075e+01
7.287099999999999511e+01
7.302200000000000557e+01
7.323499999999999943e+01
7.323499999999999943e+01
7.361100000000000421e+01
7.361100000000000421e+01
7.372700000000000387e+01
7.393099999999999739e+01
7.393099999999999739e+01
7.399299999999999500e+01
7.404399999999999693e+01
7.411820000000000164e+01
7.429470000000000596e+01
7.464300000000000068e+01
7.467100000000000648e+01
7.473499999999999943e+01
7.473499999999999943e+01
7.486299999999999955e+01
7.490699999999999648e+01
7.490699999999999648e+01
7.505200000000000671e+01
7.505200000000000671e+01
7.514100000000000534e+01
7.516800000000000637e+01
7.568000000000000682e+01
7.659699999999999420e+01
7.663100000000000023e+01
7.677469999999999573e+01
7.691299999999999670e+01
7.726999999999999602e+01
7.944750000000000512e+01
8.028749999999999432e+01
8.113410000000000366e+01
8.174729999999999563e+01
8.249110000000000298e+01
8.262869999999999493e+01
8.268259999999999366e+01
8.298300000000000409e+01
8.319389999999999930e+01
8.381560000000000343e+01
8.383979999999999677e+01
8.410500000000000398e+01
8.445640000000000214e+01
8.449490000000000123e+01
8.479949999999999477e+01
8.504470000000000596e+01
8.533929999999999438e+01
8.550400000000000489e+01
8.563939999999999486e+01
8.567680000000000007e+01
8.571980000000000643e+01
8.609369999999999834e+01
8.624550000000000693e+01
8.689939999999999998e+01
8.701539999999999964e+01
8.726260000000000616e+01
8.768030000000000257e+01
8.831380000000000052e+01
8.920560000000000400e+01
8.939050000000000296e+01
8.939050000000000296e+01
8.996299999999999386e+01
9.051519999999999300e+01
9.109159999999999968e+01
9.114969999999999573e+01
9.119456999999999880e+01
9.196720000000000539e+01
9.203166000000000224e+01
9.207160000000000366e+01
9.213670000000000471e+01
9.324075000000000557e+01
9.329385000000000616e+01
9.334077000000000623e+01
9.339382000000000517e+01
9.340149999999999864e+01
9.350198000000000320e+01
9.352751999999999555e+01
9.431900000000000261e+01
9.446200000000000330e+01
9.515500000000000114e+01
9.526300999999999419e+01
9.531821999999999662e+01
9.543049999999999500e+01
9.543999999999999773e+01
9.544899999999999807e+01
9.548466000000000520e+01
9.559766000000000474e+01
9.615399999999999636e+01
9.682500000000000284e+01
9.692600000000000193e+01
9.760500000000000398e+01
9.859802000000000533e+01
9.865712000000000614e+01
9.877772000000000219e+01
9.890524999999999523e+01
9.896474999999999511e+01
9.908623000000000047e+01
1.017939999999999969e+02
1.018168000000000006e+02
1.020520000000000067e+02
1.022082000000000050e+02
1.022361999999999966e+02
1.023930000000000007e+02
1.024248000000000047e+02
1.024909999999999997e+02
1.027079999999999984e+02
1.027343000000000046e+02
1.028169999999999931e+02
1.031389999999999958e+02
1.040340000000000060e+02
1.042168999999999954e+02
1.044064000000000050e+02
1.045765999999999991e+02
1.047889299999999935e+02
1.048515000000000015e+02
1.048558799999999991e+02
1.049669999999999987e+02
1.049789999999999992e+02
1.049923299999999955e+02
1.051979999999999933e+02
1.052120000000000033e+02
1.054603100000000069e+02
1.055280199999999979e+02
1.055999999999999943e+02
1.056661299999999954e+02
1.057360000000000042e+02
1.058901000000000039e+02
1.059140000000000015e+02
1.059395999999999987e+02
1.059650000000000034e+02
1.061135000000000019e+02
1.061428999999999974e+02
1.063269999999999982e+02
1.063529999999999944e+02
1.064240000000000066e+02
1.064890999999999934e+02
1.066567000000000007e+02
1.067870000000000061e+02
1.068259999999999934e+02
1.069437000000000069e+02
1.071240999999999985e+02
1.073020000000000067e+02
1.075280000000000058e+02
1.076730000000000018e+02
1.077349999999999994e+02
1.077660000000000053e+02
1.078169999999999931e+02
1.079410000000000025e+02
1.085331000000000046e+02
1.085919999999999987e+02
1.087650000000000006e+02
1.088520000000000039e+02
1.088670000000000044e+02
1.090139999999999958e+02
1.093220000000000027e+02
1.094749999999999943e+02
1.098717999999999932e+02
1.100600000000000023e+02
1.101340000000000003e+02
1.102416999999999945e+02
1.103850000000000051e+02
1.104284999999999997e+02
1.104616999999999933e+02
1.105401999999999987e+02
1.105738000000000056e+02
1.106200000000000045e+02
1.106410000000000053e+02
1.107549999999999955e+02
1.111479999999999961e+02
1.112510000000000048e+02
1.115040000000000049e+02
1.117930000000000064e+02
1.118824000000000041e+02
1.119389999999999930e+02
1.119939999999999998e+02
1.121790000000000020e+02
1.122660000000000053e+02
1.122879999999999967e+02
1.125613000000000028e+02
1.126000999999999976e+02
1.128619999999999948e+02
1.129429999999999978e+02
1.129620000000000033e+02
1.130000000000000000e+02
1.131839999999999975e+02
1.132725999999999971e+02
1.136821000000000055e+02
1.139249999999999972e+02
1.141389999999999958e+02
1.142057999999999964e+02
1.142952899999999943e+02
1.149449999999999932e+02
1.150300000000000011e+02
1.150669999999999931e+02
1.152890000000000015e+02
1.154729999999999990e+02
1.154899999999999949e+02
1.156263000000000005e+02
1.157088099999999997e+02
1.158210299999999933e+02
1.160319999999999965e+02
1.161885000000000048e+02
1.162660000000000053e+02
1.162660000000000053e+02
1.162669999999999959e+02
1.165420000000000016e+02
1.167390000000000043e+02
1.168479999999999990e+02
1.171590000000000060e+02
1.173469999999999942e+02
1.177437099999999930e+02
1.179354100000000045e+02
1.179665999999999997e+02
1.179860000000000042e+02
1.181907000000000068e+02
1.182009999999999934e+02
1.182378999999999962e+02
1.183619999999999948e+02
1.185660000000000025e+02
1.185789999999999935e+02
1.186179999999999950e+02
1.186346000000000060e+02
1.188670000000000044e+02
1.189185399999999930e+02
1.189711000000000070e+02
1.190051799999999957e+02
1.190939000000000050e+02
1.191200000000000045e+02
1.191340000000000003e+02
1.191811100000000039e+02
1.191907000000000068e+02
1.192211000000000070e+02
1.192211999999999961e+02
1.192319999999999993e+02
1.192600000000000051e+02
1.193760000000000048e+02
1.193807000000000045e+02
1.194099999999999966e+02
1.194955000000000069e+02
1.195370000000000061e+02
1.197729999999999961e+02
1.198482000000000056e+02
1.198499999999999943e+02
1.198686000000000007e+02
1.199339999999999975e+02
1.199959000000000060e+02
1.200095000000000027e+02
1.200459000000000032e+02
1.200559999999999974e+02
1.200853000000000037e+02
1.202000000000000028e+02
1.202065999999999946e+02
1.202463000000000051e+02
1.204722000000000008e+02
1.208352200000000067e+02
1.208401000000000067e+02
1.209164999999999992e+02
1.209191399999999987e+02
1.210081700000000069e+02
1.210802999999999940e+02
1.211723999999999961e+02
1.211898300000000006e+02
1.211953000000000031e+02
1.212330000000000041e+02
1.213425000000000011e+02
1.213479999999999990e+02
1.213953999999999951e+02
1.214552999999999940e+02
1.215083999999999946e+02
1.216212000000000018e+02
1.216723000000000070e+02
1.219171000000000049e+02
1.220545999999999935e+02
1.225236000000000018e+02
1.228310000000000031e+02
1.229783000000000044e+02
1.229907999999999930e+02
1.231483999999999952e+02
1.234849999999999994e+02
1.235587000000000018e+02
1.237186999999999983e+02
1.237297999999999973e+02
1.237442000000000064e+02
1.237744000000000000e+02
1.237985999999999933e+02
1.238627999999999929e+02
1.238810000000000002e+02
1.239162000000000035e+02
1.240206000000000017e+02
1.240352000000000032e+02
1.240531000000000006e+02
1.240861000000000018e+02
1.248790000000000049e+02
1.251235000000000070e+02
1.251235000000000070e+02
1.253110000000000070e+02
1.253760000000000048e+02
1.256082999999999998e+02
1.257623999999999995e+02
1.258858500000000049e+02
1.262544000000000040e+02
1.264180999999999955e+02
1.264669999999999987e+02
1.266648100000000028e+02
1.269209000000000032e+02
1.269955999999999960e+02
1.271765000000000043e+02
1.272763000000000062e+02
1.274050000000000011e+02
1.275730999999999966e+02
1.278264999999999958e+02
1.279449999999999932e+02
1.280010000000000048e+02
1.283483999999999980e+02
1.284454000000000065e+02
1.286324999999999932e+02
1.286788999999999987e+02
1.287531999999999925e+02
1.287700000000000102e+02
1.287946000000000026e+02
1.288209999999999980e+02
1.288230000000000075e+02
1.288650000000000091e+02
1.289393000000000029e+02
1.289812000000000012e+02
1.290075999999999965e+02
1.290485999999999933e+02
1.291910000000000025e+02
1.292439999999999998e+02
1.293509999999999991e+02
1.301129999999999995e+02
1.304547000000000025e+02
1.305209999999999866e+02
1.306432000000000073e+02
1.307761999999999887e+02
1.308160000000000025e+02
1.312135000000000105e+02
1.312429999999999950e+02
1.319569999999999936e+02
1.320569999999999879e+02
1.321589999999999918e+02
1.324919999999999902e+02
1.327680000000000007e+02
1.329149999999999920e+02
1.330060000000000002e+02
1.331189999999999998e+02
1.336049999999999898e+02
1.337898000000000138e+02
1.340519999999999925e+02
1.350178200000000004e+02
1.350517999999999859e+02
1.352856999999999914e+02
1.352856999999999914e+02
1.352856999999999914e+02
1.353745000000000118e+02
1.353745000000000118e+02
1.358789999999999907e+02
1.359639999999999986e+02
1.359960000000000093e+02
1.360297999999999945e+02
1.363351000000000113e+02
1.368908000000000129e+02
1.369199999999999875e+02
1.371009999999999991e+02
1.371240099999999984e+02
1.373700000000000045e+02
1.375790000000000077e+02
1.376617999999999995e+02
1.379670000000000130e+02
1.384139999999999873e+02
1.386939999999999884e+02
1.387930000000000064e+02
1.388788999999999874e+02
1.392330000000000041e+02
1.393420000000000130e+02
1.397800000000000011e+02
1.402021000000000015e+02
1.402870000000000061e+02
1.402870000000000061e+02
1.404750999999999976e+02
1.409490000000000123e+02
1.409979999999999905e+02
1.412771999999999935e+02
1.413155999999999892e+02
1.414240000000000066e+02
1.415400999999999954e+02
1.416049999999999898e+02
1.416480999999999995e+02
1.417221999999999866e+02
1.417557999999999936e+02
1.419479000000000042e+02
1.422176000000000045e+02
1.422580000000000098e+02
1.424995000000000118e+02
1.425037000000000091e+02
1.425639999999999930e+02
1.430519999999999925e+02
1.431017999999999972e+02
1.431864999999999952e+02
1.431935000000000002e+02
1.432510000000000048e+02
1.432969999999999970e+02
1.434155000000000086e+02
1.441825000000000045e+02
1.442170000000000130e+02
1.445869999999999891e+02
1.447512000000000114e+02
1.454650000000000034e+02
1.455264999999999986e+02
1.457956000000000074e+02
1.460167999999999893e+02
1.465391999999999939e+02
1.466239999999999952e+02
1.470023999999999944e+02
1.471303000000000054e+02
1.473400000000000034e+02
1.475639999999999930e+02
1.478100000000000023e+02
1.486049999999999898e+02
1.486887000000000114e+02
1.491450000000000102e+02
1.494790999999999883e+02
1.507442000000000064e+02
1.508369999999999891e+02
1.511879999999999882e+02
1.513199999999999932e+02
1.519070000000000107e+02
1.526140000000000043e+02
1.532160000000000082e+02
1.537539999999999907e+02
1.539123999999999910e+02
1.539830300000000136e+02
1.550192000000000121e+02
1.555943000000000040e+02
1.556879999999999882e+02
1.557254000000000076e+02
1.558919999999999959e+02
1.559029999999999916e+02
1.563580000000000041e+02
1.564164000000000101e+02
1.569250000000000114e+02
1.572539999999999907e+02
1.573002999999999929e+02
1.577899999999999920e+02
1.579379999999999882e+02
1.579379999999999882e+02
1.579379999999999882e+02
1.580919000000000096e+02
1.582040000000000077e+02
1.584459999999999980e+02
1.584707999999999970e+02
1.589275000000000091e+02
1.589869999999999948e+02
1.592620000000000005e+02
1.593540000000000134e+02
1.595459999999999923e+02
1.595999999999999943e+02
1.596058999999999912e+02
1.596949999999999932e+02
1.596949999999999932e+02
1.596949999999999932e+02
1.596949999999999932e+02
1.596949999999999932e+02
1.599410000000000025e+02
1.602030000000000030e+02
1.602030000000000030e+02
1.602769999999999868e+02
1.605766099999999881e+02
1.606646000000000072e+02
1.607309999999999945e+02
1.611814099999999996e+02
1.611873500000000092e+02
1.616415000000000077e+02
1.617810000000000059e+02
1.617930000000000064e+02
1.618399000000000001e+02
1.621359999999999957e+02
1.621359999999999957e+02
1.621359999999999957e+02
1.621680000000000064e+02
1.625627100000000098e+02
1.627536000000000058e+02
1.628580000000000041e+02
1.636821999999999946e+02
1.639054999999999893e+02
1.641049999999999898e+02
1.641200000000000045e+02
1.641550000000000011e+02
1.644234800000000121e+02
1.644470000000000027e+02
1.644808899999999880e+02
1.647789999999999964e+02
1.670786699999999882e+02
1.672721999999999980e+02
1.681808900000000051e+02
1.686250499999999874e+02
1.712429999999999950e+02
1.716279999999999859e+02
1.719439999999999884e+02
1.721243499999999926e+02
1.721271399999999971e+02
1.724951900000000080e+02
1.724983799999999974e+02
1.739738199999999892e+02
1.750612000000000137e+02
1.754120000000000061e+02
1.755431000000000097e+02
1.760104399999999885e+02
1.761975099999999941e+02
1.762424000000000035e+02
1.762898999999999887e+02
1.763869200000000035e+02
1.763952099999999916e+02
1.765636000000000081e+02
1.765815000000000055e+02
1.766384999999999934e+02
1.767730799999999931e+02
1.769139999999999873e+02
1.772802000000000078e+02
1.774002000000000123e+02
1.774770000000000039e+02
1.776189999999999998e+02
1.776974999999999909e+02
1.777824999999999989e+02
1.807416800000000023e+02
1.807585100000000011e+02
1.807650999999999897e+02
1.818351999999999862e+02
1.818392000000000053e+02
1.818563000000000045e+02
1.819285000000000139e+02
1.820124000000000137e+02
1.828587599999999895e+02
1.832837399999999946e+02
1.834807700000000068e+02
1.836963499999999954e+02
1.848888000000000034e+02
1.849149999999999920e+02
1.854716400000000078e+02
1.855805400000000134e+02
1.855928600000000017e+02
1.856095699999999908e+02
1.856274099999999976e+02
1.858026199999999903e+02
1.859979600000000062e+02
1.862081000000000017e+02
1.862311100000000010e+02
1.862789500000000089e+02
1.877040000000000077e+02
1.878504000000000076e+02
1.881159000000000106e+02
1.894480000000000075e+02
1.897401000000000124e+02
1.897460000000000093e+02
1.897500000000000000e+02
1.899194300000000055e+02
1.904326000000000079e+02
1.906408199999999908e+02
1.906596000000000117e+02
1.906673999999999864e+02
1.910825199999999882e+02
1.911013000000000090e+02
1.922160000000000082e+02
1.924753699999999981e+02
1.924824999999999875e+02
1.924878999999999962e+02
1.926029100000000085e+02
1.926947999999999865e+02
1.927069999999999936e+02
1.927129999999999939e+02
1.929977499999999964e+02
1.931048099999999863e+02
1.932267999999999972e+02
1.932376800000000117e+02
1.934503200000000049e+02
1.934712900000000104e+02
1.935840399999999875e+02
1.935840399999999875e+02
1.935948899999999924e+02
1.936457000000000050e+02
1.936906600000000083e+02
1.939021999999999935e+02
1.939260600000000068e+02
1.958247000000000071e+02
1.958770000000000095e+02
1.959000000000000057e+02
1.960321999999999889e+02
1.960646000000000129e+02
1.960845999999999947e+02
1.962590399999999988e+02
1.962644999999999982e+02
1.962691000000000088e+02
1.962734900000000096e+02
1.962762999999999920e+02
1.964989999999999952e+02
1.965315999999999974e+02
1.983650000000000091e+02
1.988699000000000012e+02
1.990531000000000006e+02
1.991049999999999898e+02
2.016514999999999986e+02
2.016704000000000008e+02
2.016839999999999975e+02
2.016844000000000108e+02
2.016885000000000048e+02
2.016984999999999957e+02
2.017019999999999982e+02
2.022733000000000061e+02
2.037400000000000091e+02
2.039879999999999995e+02
2.040060000000000002e+02
2.044929999999999950e+02
2.045070000000000050e+02
2.048290000000000077e+02
2.048449999999999989e+02
2.048530000000000086e+02
2.074670999999999879e+02
2.080279999999999916e+02
2.080279999999999916e+02
2.080529999999999973e+02
2.080809999999999889e+02
2.081119999999999948e+02
2.081119999999999948e+02
2.081450000000000102e+02
2.081810000000000116e+02
2.082059999999999889e+02
2.082144000000000119e+02
2.082230000000000132e+02
2.082669999999999959e+02
2.083160000000000025e+02
2.083189999999999884e+02
2.083760000000000048e+02
2.084410000000000025e+02
2.084410000000000025e+02
2.085140000000000100e+02
2.085900000000000034e+02
2.085980000000000132e+02
2.086889999999999930e+02
2.087528000000000077e+02
2.088019999999999925e+02
2.089319999999999879e+02
2.089809999999999945e+02
2.090819999999999936e+02
2.092359999999999900e+02
2.092589999999999861e+02
2.094000000000000057e+02
2.094749999999999943e+02
2.094928999999999917e+02
2.095409999999999968e+02
2.095456000000000074e+02
2.095509999999999877e+02
2.095766000000000133e+02
2.095806000000000040e+02
2.097290000000000134e+02
2.099420000000000073e+02
2.099770000000000039e+02
2.100375999999999976e+02
2.100459999999999923e+02
2.103249999999999886e+02
2.103520000000000039e+02
2.104329999999999927e+02
2.104379999999999882e+02
2.108220000000000027e+02
2.109290000000000020e+02
2.109290000000000020e+02
2.114279999999999973e+02
2.117230000000000132e+02
2.118982000000000028e+02
2.122259999999999991e+02
2.124033000000000015e+02
2.127969999999999970e+02
2.129120000000000061e+02
2.130335000000000036e+02
2.131510000000000105e+02
2.131589999999999918e+02
2.131589999999999918e+02
2.133060000000000116e+02
2.135406000000000120e+02
2.143069999999999879e+02
2.146230999999999938e+02
2.146930000000000121e+02
2.148220000000000027e+02
2.151375999999999920e+02
2.152969999999999970e+02
2.155312000000000126e+02
2.155312000000000126e+02
2.155312000000000126e+02
2.159000000000000057e+02
2.161062000000000012e+02
2.161800000000000068e+02
2.162920000000000016e+02
2.165229999999999961e+02
2.165595000000000141e+02
2.169484999999999957e+02
2.170490000000000066e+02
2.174709000000000003e+02
2.177520000000000095e+02
2.178077999999999861e+02
2.181679000000000030e+02
2.184730000000000132e+02
2.193289000000000044e+02
2.194875000000000114e+02
2.194930999999999983e+02
2.196142000000000110e+02
2.196187999999999931e+02
2.199836999999999989e+02
2.205278000000000134e+02
2.205347999999999900e+02
2.209830000000000041e+02
2.210349999999999966e+02
2.210734999999999957e+02
2.211899999999999977e+02
2.212899999999999920e+02
2.214250000000000114e+02
2.214250000000000114e+02
2.229819999999999993e+02
2.241169999999999902e+02
2.241257999999999981e+02
2.243740999999999985e+02
2.257886000000000024e+02
2.258697999999999979e+02
2.261537999999999897e+02
2.264162000000000035e+02
2.264430999999999869e+02
2.266715000000000089e+02
2.268230000000000075e+02
2.269798000000000116e+02
2.269921999999999969e+02
2.273050000000000068e+02
2.273360000000000127e+02
2.283731999999999971e+02
2.285831000000000017e+02
2.286175000000000068e+02
2.286399999999999864e+02
2.287719999999999914e+02
2.289000000000000057e+02
2.295230999999999995e+02
2.300180000000000007e+02
2.300180000000000007e+02
2.300180000000000007e+02
2.301750000000000114e+02
2.311745999999999981e+02
2.312935999999999979e+02
2.313201999999999998e+02
2.314236999999999966e+02
2.314479000000000042e+02
2.315695000000000050e+02
2.318194000000000017e+02
2.319770000000000039e+02
2.322274999999999920e+02
2.324840000000000089e+02
2.324912999999999954e+02
2.326150000000000091e+02
2.326208000000000027e+02
2.327159000000000049e+02
2.327210000000000036e+02
2.328909999999999911e+02
2.345409999999999968e+02
2.346189999999999998e+02
2.346639999999999873e+02
2.348234999999999957e+02
2.366183000000000050e+02
2.367775000000000034e+02
2.368334000000000117e+02
2.368834999999999980e+02
2.368994999999999891e+02
2.370028000000000077e+02
2.370948999999999955e+02
2.371450000000000102e+02
2.371750999999999863e+02
2.372794000000000096e+02
2.373848999999999876e+02
2.374073999999999955e+02
2.374295999999999935e+02
2.375220999999999947e+02
2.379094000000000051e+02
2.384081999999999937e+02
2.388979999999999961e+02
2.389763000000000090e+02
2.391420999999999992e+02
2.392005000000000052e+02
2.392806999999999960e+02
2.392963000000000022e+02
2.394489000000000090e+02
2.399710000000000036e+02
2.399710000000000036e+02
2.399710000000000036e+02
2.423180000000000121e+02
2.423180000000000121e+02
2.423180000000000121e+02
2.423789999999999907e+02
2.425509999999999877e+02
2.425790000000000077e+02
2.426331999999999880e+02
2.428479000000000099e+02
2.453326999999999884e+02
2.454165999999999883e+02
2.455920000000000130e+02
2.457931000000000097e+02
2.458780999999999892e+02
2.459619999999999891e+02
2.460552999999999884e+02
2.460569999999999879e+02
2.466490000000000009e+02
2.467030000000000030e+02
2.473754999999999882e+02
2.475999999999999943e+02
2.477069999999999936e+02
2.480500000000000114e+02
2.482350000000000136e+02
2.486100000000000136e+02
2.496220000000000141e+02
2.497889999999999873e+02
2.497889999999999873e+02
2.498639000000000010e+02
2.502119999999999891e+02
2.502119999999999891e+02
2.502350000000000136e+02
2.502350000000000136e+02
2.505000000000000000e+02
2.513901999999999930e+02
2.514062000000000126e+02
2.515060000000000002e+02
2.515060000000000002e+02
2.516239999999999952e+02
2.516239999999999952e+02
2.516239999999999952e+02
2.516630000000000109e+02
2.516630000000000109e+02
2.516630000000000109e+02
2.516630000000000109e+02
2.516630000000000109e+02
2.516959999999999980e+02
2.516959999999999980e+02
2.518050000000000068e+02
2.519979999999999905e+02
2.520271999999999935e+02
2.521337000000000046e+02
2.521440000000000055e+02
2.521440000000000055e+02
2.523040000000000020e+02
2.523040000000000020e+02
2.527246000000000095e+02
2.528029999999999973e+02
2.528259999999999934e+02
2.528259999999999934e+02
2.530389999999999873e+02
2.530389999999999873e+02
2.530660000000000025e+02
2.530660000000000025e+02
2.532853000000000065e+02
2.533389999999999986e+02
2.533877999999999986e+02
2.533931000000000040e+02
2.540942000000000007e+02
2.541468999999999880e+02
2.546370000000000005e+02
2.550079000000000065e+02
2.550981999999999914e+02
2.552874999999999943e+02
2.556774000000000058e+02
2.557560000000000002e+02
2.558473999999999933e+02
2.560394999999999754e+02
2.566462999999999965e+02
2.568754000000000133e+02
2.575865000000000009e+02
2.576163999999999987e+02
2.587602999999999724e+02
2.597767999999999802e+02
2.605489999999999782e+02
2.623709000000000060e+02
2.625319999999999823e+02
2.628380999999999972e+02
2.632330999999999790e+02
2.634739999999999895e+02
2.635804999999999723e+02
2.636820000000000164e+02
2.637110000000000127e+02
2.637509999999999764e+02
2.638475000000000250e+02
2.638964000000000283e+02
2.639041000000000281e+02
2.639413000000000125e+02
2.639476000000000226e+02
2.641195000000000164e+02
2.648279999999999745e+02
2.649399999999999977e+02
2.650862000000000194e+02
2.653274000000000115e+02
2.658197000000000116e+02
2.660120000000000005e+02
2.661184000000000083e+02
2.669950999999999794e+02
2.672604999999999791e+02
2.684071000000000140e+02
2.689540999999999826e+02
2.706571999999999889e+02
2.707237999999999829e+02
2.708254999999999768e+02
2.710396000000000072e+02
2.720690000000000168e+02
2.723904999999999745e+02
2.741791000000000054e+02
2.748878000000000270e+02
2.749737999999999829e+02
2.761659999999999968e+02
2.763279999999999745e+02
2.763630999999999744e+02
2.763630999999999744e+02
2.763630999999999744e+02
2.776009999999999991e+02
2.778450000000000273e+02
2.802004000000000019e+02
2.806345000000000027e+02
2.817013999999999783e+02
2.821476000000000113e+02
2.838691000000000031e+02
2.838797999999999888e+02
2.840933999999999742e+02
2.841039999999999850e+02
2.869336000000000126e+02
2.869759999999999991e+02
2.869820000000000277e+02
2.872409999999999854e+02
2.882294999999999732e+02
2.884952000000000112e+02
2.895076000000000249e+02
2.902991000000000099e+02
2.903107999999999720e+02
2.904076000000000022e+02
2.904569000000000187e+02
2.907900000000000205e+02
2.907900000000000205e+02
2.907900000000000205e+02
2.914119999999999777e+02
2.916510000000000105e+02
2.928786999999999807e+02
2.936899999999999977e+02
2.961920000000000073e+02
2.961920000000000073e+02
2.962160000000000082e+02
2.995149999999999864e+02
2.996399000000000115e+02
2.997160000000000082e+02
2.999024000000000001e+02
3.002665000000000077e+02
3.005899999999999750e+02
3.023668999999999869e+02
3.024957999999999743e+02
3.027642000000000166e+02
3.042160999999999831e+02
3.050960000000000036e+02
3.055566999999999780e+02
3.058032999999999788e+02
3.059918000000000120e+02
3.060813999999999737e+02
3.065181000000000040e+02
3.066009999999999991e+02
3.067035999999999945e+02
3.075584000000000060e+02
3.083048099999999749e+02
3.087919999999999732e+02
3.089413000000000125e+02
3.090720000000000027e+02
3.093607700000000023e+02
3.093736400000000231e+02
3.136757000000000062e+02
3.181030999999999835e+02
3.184744999999999777e+02
3.192452000000000112e+02
3.204320000000000164e+02
3.209130000000000109e+02
3.215059999999999718e+02
3.242278000000000020e+02
3.242529999999999859e+02
3.247080000000000268e+02
3.252540000000000191e+02
3.254363999999999919e+02
3.268154999999999859e+02
3.276711000000000240e+02
3.283149999999999977e+02
3.284261999999999944e+02
3.286080000000000041e+02
3.288249000000000137e+02
3.298892999999999915e+02
3.314298000000000002e+02
3.314424000000000206e+02
3.315710000000000264e+02
3.315837000000000216e+02
3.315935000000000059e+02
3.316469999999999914e+02
3.316562000000000126e+02
3.317500000000000000e+02
3.333921000000000276e+02
3.345419999999999732e+02
3.349479999999999791e+02
3.351847999999999956e+02
3.352425000000000068e+02
3.424107000000000198e+02
3.429877000000000180e+02
3.440332999999999970e+02
3.444626999999999839e+02
3.445851999999999862e+02
3.453147999999999911e+02
3.453645999999999958e+02
3.459207000000000107e+02
3.459207000000000107e+02
3.464619999999999891e+02
3.470790000000000077e+02
3.474531000000000063e+02
3.480801999999999907e+02
3.483625000000000114e+02
3.493224999999999909e+02
3.509461000000000013e+02
3.512287999999999784e+02
3.517060000000000173e+02
3.518562000000000012e+02
3.520643999999999778e+02
3.528041999999999803e+02
3.535865999999999758e+02
3.542087999999999965e+02
3.547783000000000015e+02
3.553009999999999877e+02
3.587581000000000131e+02
3.587731999999999744e+02
3.587835000000000036e+02
3.587936000000000263e+02
3.587943999999999960e+02
3.587959999999999923e+02
3.588091999999999757e+02
3.588188999999999851e+02
3.588208999999999946e+02
3.588219000000000278e+02
3.588333000000000084e+02
3.588353999999999928e+02
3.588365999999999758e+02
3.588473999999999933e+02
3.598530000000000086e+02
3.602656000000000063e+02
3.602953999999999724e+02
3.613385999999999854e+02
3.639900000000000091e+02
3.650224000000000046e+02
3.650240000000000009e+02
3.650271999999999935e+02
3.652105000000000246e+02
3.652117999999999824e+02
3.652135999999999854e+02
3.656021999999999821e+02
3.656032000000000153e+02
3.656039000000000101e+02
3.657361000000000217e+02
3.659300000000000068e+02
3.659300000000000068e+02
3.663050000000000068e+02
3.663919999999999959e+02
3.703158999999999992e+02
3.704273000000000025e+02
3.714178999999999746e+02
3.726979999999999791e+02
3.733013000000000261e+02
3.734970000000000141e+02
3.735629000000000133e+02
3.735776999999999930e+02
3.735776999999999930e+02
3.739078000000000088e+02
3.754169999999999732e+02
3.806890000000000214e+02
3.843127000000000066e+02
3.843303000000000225e+02
3.843407000000000266e+02
3.860419999999999732e+02
3.867255999999999858e+02
3.901779999999999973e+02
3.933109000000000037e+02
3.936791000000000054e+02
3.945122200000000134e+02
3.962640900000000101e+02
3.981270000000000095e+02
3.981270000000000095e+02
3.996967999999999961e+02
3.997205000000000155e+02
3.997273000000000138e+02
3.997312000000000012e+02
3.997452999999999861e+02
3.997500000000000000e+02
3.999293999999999869e+02
4.002506999999999948e+02
4.006800000000000068e+02
4.010710000000000264e+02
4.027599999999999909e+02
4.057900000000000205e+02
4.083602999999999952e+02
4.089764999999999873e+02
4.143539999999999850e+02
4.143539999999999850e+02
4.151084999999999923e+02
4.151342999999999961e+02
4.152080000000000268e+02
4.152080000000000268e+02
4.152080000000000268e+02
4.190910000000000082e+02
4.190910000000000082e+02
4.190910000000000082e+02
4.191589999999999918e+02
4.228002999999999929e+02
4.228107999999999720e+02
4.228611000000000217e+02
4.228682999999999765e+02
4.228736000000000104e+02
4.229066000000000258e+02
4.229135999999999740e+02
4.229189999999999827e+02
4.241902000000000044e+02
4.256320000000000050e+02
4.284180000000000064e+02
4.308414999999999964e+02
4.333199999999999932e+02
4.348088000000000193e+02
4.348118999999999801e+02
4.348140000000000214e+02
4.358786999999999807e+02
4.365869000000000142e+02
4.379809999999999945e+02
4.412620000000000005e+02
4.434060000000000059e+02
4.437400000000000091e+02
4.449051999999999794e+02
4.470099999999999909e+02
4.481148999999999774e+02
4.481225000000000023e+02
4.491129999999999995e+02
4.503509999999999991e+02
4.505000000000000000e+02
4.513829999999999814e+02
4.530212000000000216e+02
4.530464000000000055e+02
4.550550000000000068e+02
4.587101999999999862e+02
4.589368000000000052e+02
4.589476999999999975e+02
4.590960000000000036e+02
4.591028000000000020e+02
4.611000000000000227e+02
4.621639999999999873e+02
4.627359999999999900e+02
4.631000000000000227e+02
4.632799999999999727e+02
4.634499999999999886e+02
4.637060999999999922e+02
4.648621999999999730e+02
4.649913000000000238e+02
4.654300000000000068e+02
4.656349999999999909e+02
4.664361000000000104e+02
4.668106000000000222e+02
4.702463000000000193e+02
4.702728000000000179e+02
4.899889999999999759e+02
4.900129999999999768e+02
4.901009999999999991e+02
4.904139999999999873e+02
4.905470000000000255e+02
4.905470000000000255e+02
4.920350000000000250e+02
4.963480000000000132e+02
5.002370000000000232e+02
5.086440000000000055e+02
5.095070000000000050e+02
5.101759999999999877e+02
5.108942999999999870e+02
5.109365999999999985e+02
5.152440000000000282e+02
5.152440000000000282e+02
5.165330000000000155e+02
5.165330000000000155e+02
5.172039999999999509e+02
5.172039999999999509e+02
5.261570000000000391e+02
5.261570000000000391e+02
5.277889999999999873e+02
5.278279999999999745e+02
5.279149999999999636e+02
5.280090000000000146e+02
5.281683000000000447e+02
5.285204999999999700e+02
5.287313000000000329e+02
5.312240000000000464e+02
5.313799999999999955e+02
5.317554000000000087e+02
5.326090000000000373e+02
5.373329999999999700e+02
5.373329999999999700e+02
5.389980000000000473e+02
5.558605999999999767e+02
5.559491000000000440e+02
5.594855000000000018e+02
5.614849000000000387e+02
5.698183999999999969e+02
5.724316000000000031e+02
5.855240000000000009e+02
5.863150000000000546e+02
5.869439999999999600e+02
5.973633999999999560e+02
6.001359999999999673e+02
6.001409999999999627e+02
6.001490000000000009e+02
6.002839999999999918e+02
6.003419999999999845e+02
6.003540000000000418e+02
6.008074000000000296e+02
6.056889999999999645e+02
6.061520000000000437e+02
6.062802000000000362e+02
6.067999999999999545e+02
6.068049999999999500e+02
6.068120000000000118e+02
6.070109999999999673e+02
6.070149999999999864e+02
6.070209999999999582e+02
6.074878999999999678e+02
6.183279999999999745e+02
6.183339999999999463e+02
6.183390000000000555e+02
6.227899999999999636e+02
6.233469000000000051e+02
6.245090000000000146e+02
6.303590000000000373e+02
6.303590000000000373e+02
6.337453000000000429e+02
6.497240000000000464e+02
6.544930000000000518e+02
6.544930000000000518e+02
6.544930000000000518e+02
6.557989999999999782e+02
6.557989999999999782e+02
6.557989999999999782e+02
6.611470000000000482e+02
6.697863999999999578e+02
6.698239999999999554e+02
6.700521999999999707e+02
6.701309999999999718e+02
6.787100000000000364e+02
6.818569999999999709e+02
6.825359999999999445e+02
6.839030000000000200e+02
6.908300000000000409e+02
6.919840000000000373e+02
6.921870000000000118e+02
7.043999999999999773e+02
7.058550000000000182e+02
7.065589999999999691e+02
7.085920999999999594e+02
7.086597000000000435e+02
7.363596000000000004e+02
7.364325000000000045e+02
7.451470000000000482e+02
7.473469999999999800e+02
7.556241999999999734e+02
7.565295999999999594e+02
7.608252999999999702e+02
7.616915999999999940e+02
7.617435000000000400e+02
7.626580000000000155e+02
7.629950000000000045e+02
7.637430000000000518e+02
7.637469999999999573e+02
7.637469999999999573e+02
7.662368000000000166e+02
7.684085000000000036e+02
7.814460000000000264e+02
7.817980000000000018e+02
7.825869999999999891e+02
7.837464999999999691e+02
7.838289999999999509e+02
7.838289999999999509e+02
7.883958000000000084e+02
7.884684999999999491e+02
7.907688000000000557e+02
7.923840000000000146e+02
7.923840000000000146e+02
7.995245999999999640e+02
8.005386999999999489e+02
8.068185999999999467e+02
8.077573999999999614e+02
8.078509999999999991e+02
8.089130000000000109e+02
8.121950000000000500e+02
8.124120000000000346e+02
8.124260000000000446e+02
8.124310000000000400e+02
8.125750000000000455e+02
8.125750000000000455e+02
8.125750000000000455e+02
8.245860000000000127e+02
8.245860000000000127e+02
8.277380000000000564e+02
8.277380000000000564e+02
8.303899999999999864e+02
8.306299999999999955e+02
8.306299999999999955e+02
8.306299999999999955e+02
8.326849999999999454e+02
8.326849999999999454e+02
8.326849999999999454e+02
8.356613999999999578e+02
8.361530000000000200e+02
8.361788999999999987e+02
8.365548999999999751e+02
8.365766999999999598e+02
8.643078000000000429e+02
8.673440000000000509e+02
8.673590000000000373e+02
8.673659999999999854e+02
8.696369999999999436e+02
8.696369999999999436e+02
8.775275000000000318e+02
8.776304999999999836e+02
8.776304999999999836e+02
8.831332999999999629e+02
8.843704999999999927e+02
8.915347000000000435e+02
8.926005000000000109e+02
8.927953999999999724e+02
9.092400999999999840e+02
9.142459000000000060e+02
9.165775999999999613e+02
9.574149999999999636e+02
9.608619999999999663e+02
1.077131300000000010e+03
1.078500000000000000e+03
1.078972500000000082e+03
1.087595299999999952e+03
1.089471600000000080e+03
1.125157899999999927e+03
1.125626999999999953e+03
1.125800799999999981e+03
1.125800799999999981e+03
1.242644600000000082e+03
1.275115800000000036e+03
1.275339699999999993e+03
1.276076499999999896e+03
1.312696699999999964e+03
1.312700499999999920e+03
1.312703199999999924e+03
1.315430499999999938e+03
1.315434999999999945e+03
1.315438300000000027e+03
1.382763899999999921e+03
1.404490299999999934e+03
1.404532200000000103e+03
1.404551600000000008e+03
1.404590300000000070e+03
1.405604299999999967e+03
1.405635999999999967e+03
1.405642399999999952e+03
1.405665899999999965e+03
1.405685699999999997e+03
1.405699000000000069e+03
1.405703299999999899e+03
1.408136999999999944e+03
1.408175799999999981e+03
1.408188000000000102e+03
1.408199200000000019e+03
1.408214300000000094e+03
1.408231600000000071e+03
1.447258000000000038e+03
1.535488399999999956e+03
1.535540999999999940e+03
1.535557199999999966e+03
1.535606500000000096e+03
1.536820400000000063e+03
1.536858400000000074e+03
1.536880699999999933e+03
1.536889699999999948e+03
1.536909499999999980e+03
1.536926799999999957e+03
1.536938799999999901e+03
1.539848600000000033e+03
1.539882299999999987e+03
1.539893900000000031e+03
1.539925700000000006e+03
1.539928100000000086e+03
1.539943899999999985e+03
1.539951499999999896e+03
1.539967399999999998e+03
1.596098199999999906e+03
1.597250000000000000e+03
1.597259999999999991e+03
1.597260999999999967e+03
1.597272999999999911e+03
1.625036200000000008e+03
1.625086900000000014e+03
1.625114900000000034e+03
1.625135700000000043e+03
1.625147999999999911e+03
1.625160000000000082e+03
1.625192099999999982e+03
1.625213999999999942e+03
1.625228499999999940e+03
1.672354100000000017e+03
1.675500399999999900e+03
1.675503500000000031e+03
1.675509499999999889e+03
1.675517599999999902e+03
1.675521799999999985e+03
1.676794799999999896e+03
1.692180200000000013e+03
1.692232999999999947e+03
1.692330999999999904e+03
1.742352699999999913e+03
1.742450199999999995e+03
1.742482099999999946e+03
1.742486000000000104e+03
1.742507599999999911e+03
1.742526399999999967e+03
1.742545499999999947e+03
1.742560400000000072e+03
1.742590799999999945e+03
1.749407500000000027e+03
1.749425999999999931e+03
1.749450100000000020e+03
1.749482500000000073e+03
1.749519999999999982e+03
1.749537299999999959e+03
1.749553499999999985e+03
1.754817000000000007e+03
1.754832000000000107e+03
1.754852699999999913e+03
1.754876700000000028e+03
1.754910000000000082e+03
1.754915500000000065e+03
1.754927300000000059e+03
1.754941700000000083e+03
1.754964799999999968e+03
1.770388500000000022e+03
1.771287199999999984e+03
1.776525799999999890e+03
1.776549199999999928e+03
1.776557999999999993e+03
1.776581899999999905e+03
1.776586999999999989e+03
1.776626299999999901e+03
1.776643900000000031e+03
1.776688699999999926e+03
1.780574000000000069e+03
1.780592000000000098e+03
1.780613000000000056e+03
1.780642000000000053e+03
1.780651000000000067e+03
1.780685999999999922e+03
1.780737000000000080e+03
1.782365999999999985e+03
1.782433999999999969e+03
1.782458000000000084e+03
1.782529999999999973e+03
1.876532999999999902e+03
1.928540999999999940e+03
1.930740000000000009e+03
2.040113000000000056e+03
2.042000000000000000e+03
2.042012999999999920e+03
2.042019999999999982e+03
2.042028999999999996e+03
2.109884000000000015e+03
2.116958000000000084e+03
2.121396000000000186e+03
2.121396000000000186e+03
2.221092000000000098e+03
2.268364000000000033e+03
2.269833000000000084e+03
2.270684999999999945e+03
2.270697999999999865e+03
2.270708000000000084e+03
2.270711999999999989e+03
2.270728999999999814e+03
2.288432999999999993e+03
2.302971000000000004e+03
2.303039999999999964e+03
2.303054000000000087e+03
2.303121000000000095e+03
2.359286000000000058e+03
2.359353999999999814e+03
2.359387000000000171e+03
2.359422999999999774e+03
2.359447999999999865e+03
2.359458000000000084e+03
2.359539999999999964e+03
2.359628000000000156e+03
2.359641000000000076e+03
2.359664999999999964e+03
2.359704999999999927e+03
2.359757999999999811e+03
2.359791000000000167e+03
2.359860000000000127e+03
2.359914999999999964e+03
2.359925000000000182e+03
2.360027999999999793e+03
2.360085000000000036e+03
2.366521999999999935e+03
2.366567000000000007e+03
2.366592000000000098e+03
2.366610000000000127e+03
2.366637000000000171e+03
2.366780999999999949e+03
2.366853000000000065e+03
2.366867000000000189e+03
2.366918999999999869e+03
2.366998999999999796e+03
2.367054999999999836e+03
2.367076000000000022e+03
2.367143000000000029e+03
2.367177000000000135e+03
2.367211999999999989e+03
2.367246999999999844e+03
2.370034000000000106e+03
2.370253999999999905e+03
2.370260999999999967e+03
2.370311000000000149e+03
2.370344999999999800e+03
2.499275000000000091e+03
2.502969000000000051e+03
2.562576000000000022e+03
2.562576000000000022e+03
2.567773000000000138e+03
2.570052000000000135e+03
2.576496999999999844e+03
2.636336999999999989e+03
2.636382000000000062e+03
2.636400000000000091e+03
2.636429000000000087e+03
2.636541000000000167e+03
2.869992999999999938e+03
2.875391000000000076e+03
3.155286000000000058e+03
3.377309999999999945e+03
3.381920000000000073e+03
3.562800000000000182e+03
3.562884000000000015e+03
3.562929999999999836e+03
3.563016000000000076e+03
3.563028999999999996e+03
3.563063999999999851e+03
3.563195999999999913e+03
3.563257000000000062e+03
3.570858999999999924e+03
3.570978000000000065e+03
3.571201000000000022e+03
3.571253000000000156e+03
3.571349000000000160e+03
3.571496999999999844e+03
3.575181000000000040e+03
3.575451000000000022e+03
3.575525000000000091e+03
3.575822999999999865e+03
3.601155000000000200e+03
3.603231000000000222e+03
3.723079999999999927e+03
3.726460000000000036e+03
3.863282999999999902e+03
3.872119000000000142e+03
3.911820999999999913e+03
3.911820999999999913e+03
4.184125000000000000e+03
4.184141999999999825e+03
4.184158000000000357e+03
4.192041000000000167e+03
4.192069999999999709e+03
4.192087999999999738e+03
4.192136999999999716e+03
4.192170000000000073e+03
4.192198999999999614e+03
4.546796000000000276e+03
4.546832999999999629e+03
4.546858000000000175e+03
4.546951000000000022e+03
4.547014000000000124e+03
4.547039999999999964e+03
4.547198999999999614e+03
4.559216999999999643e+03
4.559751000000000204e+03
4.559923999999999978e+03
4.560042999999999665e+03
4.560332000000000335e+03
4.560534999999999854e+03
4.560632999999999811e+03
4.560640000000000327e+03
4.560680999999999585e+03
4.561001000000000204e+03
4.671291000000000167e+03
4.671315999999999804e+03
4.671341000000000349e+03
5.097474000000000160e+03
5.102217999999999847e+03
5.102278000000000247e+03
5.102287999999999556e+03
5.102345000000000255e+03
5.112863999999999578e+03
5.155019000000000233e+03
5.155139000000000124e+03
5.155167000000000371e+03
5.155204999999999927e+03
5.155310999999999694e+03
5.155527000000000044e+03
5.162203999999999724e+03
5.162287000000000262e+03
5.162447000000000116e+03
5.162570999999999913e+03
5.162726999999999862e+03
5.163221999999999753e+03
5.163667999999999665e+03
5.163712999999999738e+03
5.163899000000000342e+03
5.164037999999999556e+03
5.164716000000000349e+03
5.169048999999999978e+03
5.169270999999999731e+03
5.169408999999999651e+03
5.170034999999999854e+03
5.170158000000000357e+03
5.170253999999999905e+03
5.170337000000000444e+03
5.170452000000000226e+03
5.340634000000000015e+03
5.357534999999999854e+03
1.093693000000000029e+04
1.202828000000000065e+04
1.203431999999999971e+04
