2.707149999999999750e+02
2.729499999999999886e+02
2.757359999999999900e+02
2.812930000000000064e+02
2.813750000000000000e+02
2.816109999999999900e+02
2.816809999999999832e+02
2.832069999999999936e+02
2.833090000000000259e+02
2.834780000000000086e+02
2.862760000000000105e+02
2.867040000000000077e+02
2.889359999999999786e+02
2.894139999999999873e+02
2.900409999999999968e+02
2.910710000000000264e+02
2.911979999999999791e+02
2.921440000000000055e+02
2.928389999999999986e+02
2.937850000000000250e+02
2.939940000000000282e+02
2.951250000000000000e+02
2.957909999999999968e+02
2.959250000000000114e+02
2.963890000000000100e+02
2.967579999999999814e+02
2.970160000000000196e+02
2.988109999999999786e+02
2.994379999999999882e+02
3.005129999999999768e+02
3.028870000000000005e+02
3.029739999999999895e+02
3.039239999999999782e+02
3.054580000000000268e+02
3.121390000000000100e+02
3.162749999999999773e+02
3.168779999999999859e+02
3.204189999999999827e+02
3.283269999999999982e+02
3.287620000000000005e+02
3.344830000000000041e+02
3.363519999999999754e+02
3.395980000000000132e+02
3.420640000000000214e+02
3.447180000000000177e+02
3.453090000000000259e+02
3.484309999999999832e+02
3.511129999999999995e+02
3.531960000000000264e+02
3.563700000000000045e+02
3.570179999999999723e+02
3.597099999999999795e+02
3.604440000000000168e+02
3.674169999999999732e+02
3.685620000000000118e+02
3.697470000000000141e+02
3.708910000000000196e+02
3.778570000000000277e+02
3.927359999999999900e+02
3.953700000000000045e+02
4.021390000000000100e+02
4.036949999999999932e+02
4.037509999999999764e+02
4.090439999999999827e+02
4.090470000000000255e+02
4.142130000000000223e+02
4.189300000000000068e+02
4.266750000000000114e+02
4.290470000000000255e+02
4.310860000000000127e+02
4.325790000000000077e+02
4.442610000000000241e+02
4.510710000000000264e+02
4.576870000000000118e+02
4.594599999999999795e+02
4.650419999999999732e+02
4.654750000000000227e+02
4.664100000000000250e+02
4.682959999999999923e+02
4.701019999999999754e+02
4.708120000000000118e+02
4.873580000000000041e+02
4.992180000000000177e+02
5.001600000000000250e+02
5.022359999999999900e+02
5.217440000000000282e+02
5.404120000000000346e+02
5.426209999999999809e+02
5.585760000000000218e+02
5.599679999999999609e+02
6.056319999999999482e+02
6.406879999999999882e+02
6.545969999999999800e+02
6.957500000000000000e+02
