7.797299999999999898e+01
7.887800000000000011e+01
7.999299999999999500e+01
8.118300000000000693e+01
8.179500000000000171e+01
8.200600000000000023e+01
8.331600000000000250e+01
8.434399999999999409e+01
8.451399999999999579e+01
8.554900000000000659e+01
8.598999999999999488e+01
8.634199999999999875e+01
9.010299999999999443e+01
9.104500000000000171e+01
9.240200000000000102e+01
9.257200000000000273e+01
9.451000000000000512e+01
9.460299999999999443e+01
9.503900000000000148e+01
9.577800000000000580e+01
9.679399999999999693e+01
9.744700000000000273e+01
9.822400000000000375e+01
1.040630000000000024e+02
1.044489999999999981e+02
1.046809999999999974e+02
1.062669999999999959e+02
1.066959999999999980e+02
1.085000000000000000e+02
1.090780000000000030e+02
1.094920000000000044e+02
1.103310000000000031e+02
1.166760000000000019e+02
1.210859999999999985e+02
1.224569999999999936e+02
1.239959999999999951e+02
1.278509999999999991e+02
1.305339999999999918e+02
1.310469999999999970e+02
1.314840000000000089e+02
1.328369999999999891e+02
1.336260000000000048e+02
1.336719999999999970e+02
1.338369999999999891e+02
1.341680000000000064e+02
1.342800000000000011e+02
1.348890000000000100e+02
1.350089999999999861e+02
1.350320000000000107e+02
1.350840000000000032e+02
1.351740000000000066e+02
1.352820000000000107e+02
1.354139999999999873e+02
1.355610000000000070e+02
1.355790000000000077e+02
1.356129999999999995e+02
1.357860000000000014e+02
1.360509999999999877e+02
1.362059999999999889e+02
1.362330000000000041e+02
1.362470000000000141e+02
1.363149999999999977e+02
1.363979999999999961e+02
1.364149999999999920e+02
1.364739999999999895e+02
1.365399999999999920e+02
1.367170000000000130e+02
1.368619999999999948e+02
1.368979999999999961e+02
1.374819999999999993e+02
1.375759999999999934e+02
1.377729999999999961e+02
1.378689999999999998e+02
1.378870000000000005e+02
1.379979999999999905e+02
1.380529999999999973e+02
1.380529999999999973e+02
1.381359999999999957e+02
1.382750000000000057e+02
1.385329999999999870e+02
1.385790000000000077e+02
1.389139999999999873e+02
1.389410000000000025e+02
1.391459999999999866e+02
1.392270000000000039e+02
1.393799999999999955e+02
1.395999999999999943e+02
1.402119999999999891e+02
1.402909999999999968e+02
1.405120000000000005e+02
1.407379999999999995e+02
1.408449999999999989e+02
1.409499999999999886e+02
1.410689999999999884e+02
1.413799999999999955e+02
1.414269999999999925e+02
1.415219999999999914e+02
1.415540000000000020e+02
1.417090000000000032e+02
1.417390000000000043e+02
1.427419999999999902e+02
1.428930000000000007e+02
1.429190000000000111e+02
1.430060000000000002e+02
1.433369999999999891e+02
1.435790000000000077e+02
1.435809999999999889e+02
1.436119999999999948e+02
1.436610000000000014e+02
1.439120000000000061e+02
1.441210000000000093e+02
1.446370000000000005e+02
1.446690000000000111e+02
1.448420000000000130e+02
1.454950000000000045e+02
1.464720000000000084e+02
1.468849999999999909e+02
1.469170000000000016e+02
1.469279999999999973e+02
1.471279999999999859e+02
1.473319999999999936e+02
1.474730000000000132e+02
1.481100000000000136e+02
1.481759999999999877e+02
1.486550000000000011e+02
1.487150000000000034e+02
1.487909999999999968e+02
1.489470000000000027e+02
1.500370000000000061e+02
1.502470000000000141e+02
1.503739999999999952e+02
1.532820000000000107e+02
1.532860000000000014e+02
1.540260000000000105e+02
1.541999999999999886e+02
1.542249999999999943e+02
1.548499999999999943e+02
1.554610000000000127e+02
1.562040000000000077e+02
1.562330000000000041e+02
1.562410000000000139e+02
1.567539999999999907e+02
1.571939999999999884e+02
1.574850000000000136e+02
1.579439999999999884e+02
1.584099999999999966e+02
1.587160000000000082e+02
1.589559999999999889e+02
1.589679999999999893e+02
1.593410000000000082e+02
1.593410000000000082e+02
1.598240000000000123e+02
1.600509999999999877e+02
1.611109999999999900e+02
1.616649999999999920e+02
1.617160000000000082e+02
1.617779999999999916e+02
1.621930000000000121e+02
1.622829999999999870e+02
1.624339999999999975e+02
1.629130000000000109e+02
1.632529999999999859e+02
1.638880000000000052e+02
1.639900000000000091e+02
1.644170000000000016e+02
1.646670000000000016e+02
1.652740000000000009e+02
1.656990000000000123e+02
1.664770000000000039e+02
1.665759999999999934e+02
1.668110000000000070e+02
1.673590000000000089e+02
1.673930000000000007e+02
1.693940000000000055e+02
1.694379999999999882e+02
1.697090000000000032e+02
1.698650000000000091e+02
1.698979999999999961e+02
1.699339999999999975e+02
1.700000000000000000e+02
1.700689999999999884e+02
1.702249999999999943e+02
1.707529999999999859e+02
1.710159999999999911e+02
1.715689999999999884e+02
1.716709999999999923e+02
1.717829999999999870e+02
1.720039999999999907e+02
1.725749999999999886e+02
1.727309999999999945e+02
1.733170000000000073e+02
1.738480000000000132e+02
1.740519999999999925e+02
1.744389999999999930e+02
1.746100000000000136e+02
1.749799999999999898e+02
1.756150000000000091e+02
1.756920000000000073e+02
1.761949999999999932e+02
1.767419999999999902e+02
1.774420000000000073e+02
1.775169999999999959e+02
1.776399999999999864e+02
1.780569999999999879e+02
1.783220000000000027e+02
1.786109999999999900e+02
1.792649999999999864e+02
1.793309999999999889e+02
1.793760000000000048e+02
1.800579999999999927e+02
1.801980000000000075e+02
1.805240000000000009e+02
1.809809999999999945e+02
1.821169999999999902e+02
1.823240000000000123e+02
1.844890000000000043e+02
1.848830000000000098e+02
1.850149999999999864e+02
1.861800000000000068e+02
1.871920000000000073e+02
1.879830000000000041e+02
1.918280000000000030e+02
1.919639999999999986e+02
1.921639999999999873e+02
1.932040000000000077e+02
1.935420000000000016e+02
1.942309999999999945e+02
1.948789999999999907e+02
1.951930000000000121e+02
1.958470000000000084e+02
1.978189999999999884e+02
1.989629999999999939e+02
1.996850000000000023e+02
2.001459999999999866e+02
2.012700000000000102e+02
2.022040000000000077e+02
2.045200000000000102e+02
2.082750000000000057e+02
2.083750000000000000e+02
2.086109999999999900e+02
2.095800000000000125e+02
2.098810000000000002e+02
2.111349999999999909e+02
2.125960000000000036e+02
2.127299999999999898e+02
2.159759999999999991e+02
2.168009999999999877e+02
2.171430000000000007e+02
2.172880000000000109e+02
2.184790000000000134e+02
2.189490000000000123e+02
2.189650000000000034e+02
2.202009999999999934e+02
2.216320000000000050e+02
2.229569999999999936e+02
2.231870000000000118e+02
2.240860000000000127e+02
2.249259999999999877e+02
2.264319999999999879e+02
2.264579999999999984e+02
2.278220000000000027e+02
2.284000000000000057e+02
2.292110000000000127e+02
2.305399999999999920e+02
2.315260000000000105e+02
2.316459999999999866e+02
2.322980000000000018e+02
2.340780000000000030e+02
2.353300000000000125e+02
2.377009999999999934e+02
2.383129999999999882e+02
2.388480000000000132e+02
2.403439999999999941e+02
2.405850000000000080e+02
2.428689999999999998e+02
2.534279999999999973e+02
2.544939999999999998e+02
2.553439999999999941e+02
2.590020000000000095e+02
2.590810000000000173e+02
2.617180000000000177e+02
2.627799999999999727e+02
2.642269999999999754e+02
2.676750000000000114e+02
2.688430000000000177e+02
2.688960000000000150e+02
2.689510000000000218e+02
2.701689999999999827e+02
2.749060000000000059e+02
2.749519999999999982e+02
2.781639999999999873e+02
2.801759999999999877e+02
2.802869999999999777e+02
2.820620000000000118e+02
2.823380000000000223e+02
2.823960000000000150e+02
2.826270000000000095e+02
2.833860000000000241e+02
2.838679999999999950e+02
2.847760000000000105e+02
2.857579999999999814e+02
2.873199999999999932e+02
2.884300000000000068e+02
2.887810000000000059e+02
2.889250000000000114e+02
2.892810000000000059e+02
2.894100000000000250e+02
2.906589999999999918e+02
2.906750000000000114e+02
2.907889999999999873e+02
2.914370000000000118e+02
2.915670000000000073e+02
2.919089999999999918e+02
2.941530000000000200e+02
2.955079999999999814e+02
2.974200000000000159e+02
2.991139999999999759e+02
2.995670000000000073e+02
3.003530000000000086e+02
3.006730000000000018e+02
3.025550000000000068e+02
3.030079999999999814e+02
3.034130000000000109e+02
3.066309999999999718e+02
3.103530000000000086e+02
3.117909999999999968e+02
3.123410000000000082e+02
3.123690000000000282e+02
3.127769999999999868e+02
3.127939999999999827e+02
3.165799999999999841e+02
3.173269999999999982e+02
3.192679999999999723e+02
3.195640000000000214e+02
3.201290000000000191e+02
3.205670000000000073e+02
3.222789999999999964e+02
3.226179999999999950e+02
3.228919999999999959e+02
3.231560000000000059e+02
3.254879999999999995e+02
3.266039999999999850e+02
3.268009999999999877e+02
3.272570000000000050e+02
3.274409999999999741e+02
3.309250000000000114e+02
3.310590000000000259e+02
3.310810000000000173e+02
3.321080000000000041e+02
3.356109999999999900e+02
3.369409999999999741e+02
3.382869999999999777e+02
3.392280000000000086e+02
3.396370000000000005e+02
3.441349999999999909e+02
3.468199999999999932e+02
3.472599999999999909e+02
3.510040000000000191e+02
3.511820000000000164e+02
3.524350000000000023e+02
3.546619999999999777e+02
3.554590000000000032e+02
3.558380000000000223e+02
3.559239999999999782e+02
3.566990000000000123e+02
3.585389999999999873e+02
3.587749999999999773e+02
3.589809999999999945e+02
3.599089999999999918e+02
3.612599999999999909e+02
3.615029999999999859e+02
3.623770000000000095e+02
3.632350000000000136e+02
3.634259999999999877e+02
3.635570000000000164e+02
3.636159999999999854e+02
3.638940000000000055e+02
3.640910000000000082e+02
3.646059999999999945e+02
3.650129999999999768e+02
3.651779999999999973e+02
3.654569999999999936e+02
3.655729999999999791e+02
3.656340000000000146e+02
3.657939999999999827e+02
3.707599999999999909e+02
3.710679999999999836e+02
3.767679999999999723e+02
3.771829999999999927e+02
3.797090000000000032e+02
3.803000000000000114e+02
3.805090000000000146e+02
3.822930000000000064e+02
3.826789999999999736e+02
3.875830000000000268e+02
3.881349999999999909e+02
3.890579999999999927e+02
3.893360000000000127e+02
3.898960000000000150e+02
3.902200000000000273e+02
3.910489999999999782e+02
3.928799999999999955e+02
3.960219999999999914e+02
3.967350000000000136e+02
3.977769999999999868e+02
3.980810000000000173e+02
3.992500000000000000e+02
4.013700000000000045e+02
4.017210000000000036e+02
4.042069999999999936e+02
4.053929999999999723e+02
4.066220000000000141e+02
4.077500000000000000e+02
4.084429999999999836e+02
4.085249999999999773e+02
4.102860000000000014e+02
4.129750000000000227e+02
4.202309999999999945e+02
4.229069999999999823e+02
4.242989999999999782e+02
4.316320000000000050e+02
4.362269999999999754e+02
4.421850000000000023e+02
4.438519999999999754e+02
4.489510000000000218e+02
4.608799999999999955e+02
4.621850000000000023e+02
4.665230000000000246e+02
4.665280000000000200e+02
4.696000000000000227e+02
4.761499999999999773e+02
4.793919999999999959e+02
4.812939999999999827e+02
4.824309999999999832e+02
4.952200000000000273e+02
5.066000000000000227e+02
5.110260000000000105e+02
5.148869999999999436e+02
5.231720000000000255e+02
5.263220000000000027e+02
5.657340000000000373e+02
5.722949999999999591e+02
5.838990000000000009e+02
5.864560000000000173e+02
5.958609999999999900e+02
5.964329999999999927e+02
6.279909999999999854e+02
6.564489999999999554e+02
6.654729999999999563e+02
7.512799999999999727e+02
8.147300000000000182e+02
9.256820000000000164e+02
