3.702999999999999847e+00
3.702999999999999847e+00
3.721000000000000085e+00
3.721000000000000085e+00
3.748000000000000220e+00
3.748000000000000220e+00
3.794000000000000039e+00
3.794000000000000039e+00
3.887000000000000011e+00
3.887000000000000011e+00
4.097999999999999865e+00
4.097999999999999865e+00
4.334999999999999964e+00
4.334999999999999964e+00
4.334999999999999964e+00
4.358999999999999986e+00
4.358999999999999986e+00
4.358999999999999986e+00
4.830400000000000027e+00
4.830400000000000027e+00
4.843700000000000117e+00
4.858999999999999986e+00
4.858999999999999986e+00
4.871800000000000352e+00
4.871800000000000352e+00
4.871800000000000352e+00
4.876999999999999780e+00
4.876999999999999780e+00
4.876999999999999780e+00
4.889999999999999680e+00
4.893299999999999983e+00
4.907000000000000028e+00
4.907000000000000028e+00
4.907000000000000028e+00
4.907000000000000028e+00
4.945490000000000386e+00
4.993800000000000239e+00
5.003300000000000303e+00
5.003300000000000303e+00
5.003300000000000303e+00
5.019000000000000128e+00
5.043470000000000120e+00
5.123999999999999666e+00
5.166000000000000369e+00
5.166000000000000369e+00
5.268530000000000157e+00
5.286999999999999922e+00
5.392000000000000348e+00
5.392000000000000348e+00
5.392000000000000348e+00
5.392000000000000348e+00
5.469000000000000306e+00
5.469000000000000306e+00
5.469000000000000306e+00
5.469000000000000306e+00
5.525999999999999801e+00
5.578000000000000291e+00
5.578000000000000291e+00
5.578000000000000291e+00
5.578000000000000291e+00
5.615999999999999659e+00
5.615999999999999659e+00
5.615999999999999659e+00
5.629999999999999893e+00
5.629999999999999893e+00
5.634999999999999787e+00
5.634999999999999787e+00
5.655999999999999694e+00
5.655999999999999694e+00
5.738000000000000433e+00
5.759000000000000341e+00
5.801000000000000156e+00
5.900999999999999801e+00
6.031439999999999912e+00
6.039600000000000080e+00
6.039600000000000080e+00
6.043999999999999595e+00
6.043999999999999595e+00
6.049299999999999677e+00
6.049299999999999677e+00
6.049999999999999822e+00
6.049999999999999822e+00
6.064300000000000246e+00
6.064300000000000246e+00
6.067000000000000171e+00
6.067000000000000171e+00
6.067499999999999893e+00
6.067499999999999893e+00
6.067499999999999893e+00
6.108799999999999564e+00
6.118999999999999773e+00
6.118999999999999773e+00
6.123800000000000132e+00
6.123800000000000132e+00
6.134000000000000341e+00
6.134000000000000341e+00
6.137599999999999945e+00
6.137599999999999945e+00
6.137599999999999945e+00
6.152000000000000135e+00
6.152000000000000135e+00
6.195000000000000284e+00
6.195000000000000284e+00
6.213000000000000078e+00
6.213000000000000078e+00
6.226099999999999746e+00
6.226099999999999746e+00
6.226300000000000168e+00
6.233999999999999986e+00
6.233999999999999986e+00
6.245000000000000107e+00
6.245000000000000107e+00
6.254999999999999893e+00
6.254999999999999893e+00
6.256000000000000227e+00
6.256000000000000227e+00
6.378999999999999559e+00
6.461999999999999744e+00
6.461999999999999744e+00
6.501000000000000334e+00
6.501000000000000334e+00
6.506000000000000227e+00
6.506000000000000227e+00
6.639999999999999680e+00
6.639999999999999680e+00
1.586999999999999922e+01
1.586999999999999922e+01
1.586999999999999922e+01
1.586999999999999922e+01
1.639999999999999858e+01
1.639999999999999858e+01
1.639999999999999858e+01
1.639999999999999858e+01
1.735000000000000142e+01
1.735000000000000142e+01
1.735000000000000142e+01
1.735000000000000142e+01
1.944000000000000128e+01
1.944000000000000128e+01
1.944000000000000128e+01
1.944000000000000128e+01
2.130399999999999849e+01
2.160399999999999920e+01
2.201000000000000156e+01
2.267099999999999937e+01
2.300000000000000000e+01
2.308399999999999963e+01
2.308399999999999963e+01
2.308399999999999963e+01
2.330799999999999983e+01
2.339900000000000091e+01
2.339900000000000091e+01
2.339900000000000091e+01
2.377100000000000080e+01
2.385600000000000165e+01
2.385600000000000165e+01
2.385600000000000165e+01
2.424899999999999878e+01
2.424899999999999878e+01
2.453000000000000114e+01
2.460200000000000031e+01
2.461499999999999844e+01
2.461499999999999844e+01
2.461499999999999844e+01
2.473499999999999943e+01
2.473499999999999943e+01
2.473499999999999943e+01
2.511100000000000065e+01
2.588400000000000034e+01
2.596499999999999986e+01
2.598900000000000077e+01
2.598900000000000077e+01
2.598900000000000077e+01
2.598900000000000077e+01
2.598900000000000077e+01
2.598900000000000077e+01
2.623999999999999844e+01
2.623999999999999844e+01
2.623999999999999844e+01
2.623999999999999844e+01
2.640200000000000102e+01
2.640200000000000102e+01
2.640200000000000102e+01
2.749500000000000099e+01
2.881200000000000117e+01
2.896399999999999864e+01
2.896399999999999864e+01
2.896399999999999864e+01
2.896399999999999864e+01
2.896399999999999864e+01
2.896399999999999864e+01
2.944999999999999929e+01
2.944999999999999929e+01
2.944999999999999929e+01
3.028999999999999915e+01
3.039000000000000057e+01
3.084100000000000108e+01
3.105199999999999960e+01
3.165399999999999991e+01
3.180000000000000071e+01
3.243299999999999983e+01
3.272099999999999653e+01
3.289500000000000313e+01
3.296200000000000330e+01
3.382999999999999829e+01
3.440100000000000335e+01
3.440100000000000335e+01
3.440100000000000335e+01
3.502799999999999869e+01
3.502799999999999869e+01
3.596800000000000352e+01
3.596800000000000352e+01
3.656900000000000261e+01
3.663100000000000023e+01
3.677000000000000313e+01
3.689200000000000301e+01
3.689200000000000301e+01
3.689200000000000301e+01
3.689200000000000301e+01
3.689200000000000301e+01
3.722999999999999687e+01
3.763730000000000331e+01
3.763730000000000331e+01
3.801400000000000290e+01
3.809400000000000119e+01
3.817099999999999937e+01
3.817099999999999937e+01
3.817099999999999937e+01
3.817099999999999937e+01
3.817099999999999937e+01
3.850000000000000000e+01
3.850000000000000000e+01
3.850000000000000000e+01
3.850000000000000000e+01
3.850000000000000000e+01
3.850000000000000000e+01
3.979099999999999682e+01
3.984100000000000108e+01
3.997699999999999676e+01
4.025300000000000011e+01
4.050909999999999656e+01
4.057300000000000040e+01
4.067000000000000171e+01
4.068399999999999750e+01
4.068399999999999750e+01
4.068399999999999750e+01
4.075999999999999801e+01
4.075999999999999801e+01
4.077799999999999869e+01
4.087299999999999756e+01
4.089800000000000324e+01
4.105400000000000205e+01
4.118099999999999739e+01
4.118099999999999739e+01
4.124699999999999989e+01
4.130499999999999972e+01
4.130499999999999972e+01
4.148100000000000165e+01
4.150500000000000256e+01
4.178860000000000241e+01
4.186599999999999966e+01
4.212899999999999778e+01
4.212899999999999778e+01
4.215299999999999869e+01
4.232699999999999818e+01
4.232699999999999818e+01
4.270580000000000354e+01
4.277000000000000313e+01
4.325000000000000000e+01
4.339699999999999847e+01
4.346269999999999811e+01
4.346269999999999811e+01
4.374000000000000199e+01
4.374000000000000199e+01
4.374000000000000199e+01
4.374000000000000199e+01
4.374000000000000199e+01
4.381900000000000261e+01
4.381900000000000261e+01
4.447659999999999769e+01
4.476700000000000301e+01
4.575500000000000256e+01
4.586520000000000152e+01
4.587290000000000134e+01
4.587290000000000134e+01
4.607900000000000063e+01
4.655700000000000216e+01
4.655700000000000216e+01
4.735199999999999676e+01
4.735199999999999676e+01
4.735199999999999676e+01
4.745700000000000074e+01
4.745700000000000074e+01
4.745700000000000074e+01
4.754200000000000159e+01
4.760399999999999920e+01
4.760399999999999920e+01
4.760399999999999920e+01
4.778999999999999915e+01
4.778999999999999915e+01
4.778999999999999915e+01
4.803499999999999659e+01
4.803499999999999659e+01
4.803499999999999659e+01
4.839999999999999858e+01
4.839999999999999858e+01
4.839999999999999858e+01
4.874199999999999733e+01
4.894599999999999795e+01
4.894599999999999795e+01
4.894599999999999795e+01
4.934000000000000341e+01
4.978000000000000114e+01
4.978000000000000114e+01
4.978000000000000114e+01
4.988100000000000023e+01
4.988100000000000023e+01
4.988100000000000023e+01
4.996699999999999875e+01
5.072999999999999687e+01
5.107699999999999818e+01
5.108599999999999852e+01
5.108599999999999852e+01
5.113000000000000256e+01
5.122999999999999687e+01
5.122999999999999687e+01
5.122999999999999687e+01
5.122999999999999687e+01
5.122999999999999687e+01
5.129899999999999949e+01
5.129899999999999949e+01
5.129899999999999949e+01
5.149000000000000199e+01
5.149600000000000222e+01
5.149600000000000222e+01
5.149600000000000222e+01
5.171999999999999886e+01
5.182410000000000139e+01
5.182620000000000005e+01
5.189500000000000313e+01
5.256000000000000227e+01
5.281510000000000105e+01
5.282560000000000144e+01
5.339999999999999858e+01
5.339999999999999858e+01
5.363000000000000256e+01
5.442900000000000205e+01
5.442900000000000205e+01
5.442900000000000205e+01
5.491799999999999926e+01
5.491799999999999926e+01
5.491799999999999926e+01
5.501550000000000296e+01
5.510000000000000142e+01
5.599499999999999744e+01
5.617999999999999972e+01
5.617999999999999972e+01
5.617999999999999972e+01
5.617999999999999972e+01
5.672999999999999687e+01
5.672999999999999687e+01
5.672999999999999687e+01
5.763000000000000256e+01
5.763000000000000256e+01
5.763000000000000256e+01
5.778999999999999915e+01
5.785999999999999943e+01
5.802000000000000313e+01
5.802000000000000313e+01
5.802000000000000313e+01
5.811999999999999744e+01
5.821999999999999886e+01
5.821999999999999886e+01
5.821999999999999886e+01
5.821999999999999886e+01
5.856000000000000227e+01
5.861979999999999791e+01
5.960999999999999943e+01
5.960999999999999943e+01
5.960999999999999943e+01
5.960999999999999943e+01
6.010999999999999943e+01
6.022999999999999687e+01
6.103999999999999915e+01
6.103999999999999915e+01
6.103999999999999915e+01
6.135999999999999943e+01
6.135999999999999943e+01
6.135999999999999943e+01
6.210000000000000142e+01
6.210000000000000142e+01
6.210000000000000142e+01
6.250000000000000000e+01
6.250000000000000000e+01
6.250000000000000000e+01
6.254999999999999716e+01
6.274000000000000199e+01
6.274000000000000199e+01
6.274000000000000199e+01
6.310000000000000142e+01
6.310000000000000142e+01
6.310000000000000142e+01
6.318750000000000000e+01
6.318750000000000000e+01
6.334000000000000341e+01
6.343999999999999773e+01
6.343999999999999773e+01
6.343999999999999773e+01
6.350000000000000000e+01
6.396000000000000085e+01
6.396000000000000085e+01
6.396000000000000085e+01
6.415800000000000125e+01
6.415800000000000125e+01
6.415800000000000125e+01
6.456000000000000227e+01
6.456000000000000227e+01
6.456000000000000227e+01
6.506399999999999295e+01
6.506399999999999295e+01
6.506399999999999295e+01
6.540219999999999345e+01
6.540219999999999345e+01
6.540219999999999345e+01
6.598000000000000398e+01
6.625000000000000000e+01
6.625000000000000000e+01
6.625000000000000000e+01
6.630660000000000309e+01
6.630660000000000309e+01
6.630660000000000309e+01
6.655200000000000671e+01
6.655200000000000671e+01
6.655200000000000671e+01
6.696999999999999886e+01
6.696999999999999886e+01
6.696999999999999886e+01
6.769950000000000045e+01
6.771420000000000528e+01
6.771420000000000528e+01
6.789849999999999852e+01
6.789849999999999852e+01
6.789849999999999852e+01
6.826000000000000512e+01
6.826000000000000512e+01
6.826000000000000512e+01
6.826000000000000512e+01
6.826000000000000512e+01
6.826000000000000512e+01
6.854000000000000625e+01
6.854000000000000625e+01
6.854000000000000625e+01
6.872199999999999420e+01
6.895999999999999375e+01
6.929999999999999716e+01
6.939440000000000452e+01
6.966599999999999682e+01
6.966599999999999682e+01
6.966599999999999682e+01
7.245999999999999375e+01
7.245999999999999375e+01
7.245999999999999375e+01
7.313930000000000575e+01
7.313930000000000575e+01
7.314669999999999561e+01
7.445999999999999375e+01
7.445999999999999375e+01
7.445999999999999375e+01
7.496999999999999886e+01
7.496999999999999886e+01
7.496999999999999886e+01
7.496999999999999886e+01
7.584759999999999991e+01
7.586679999999999779e+01
7.676999999999999602e+01
7.707999999999999829e+01
7.723999999999999488e+01
7.723999999999999488e+01
7.723999999999999488e+01
7.723999999999999488e+01
7.723999999999999488e+01
7.723999999999999488e+01
7.752100000000000080e+01
7.752899999999999636e+01
7.779999999999999716e+01
7.779999999999999716e+01
7.779999999999999716e+01
7.779999999999999716e+01
7.779999999999999716e+01
7.779999999999999716e+01
7.779999999999999716e+01
7.900000000000000000e+01
7.900000000000000000e+01
7.900000000000000000e+01
7.996599999999999397e+01
7.996599999999999397e+01
7.996599999999999397e+01
7.996599999999999397e+01
7.996599999999999397e+01
7.996599999999999397e+01
8.006000000000000227e+01
8.054999999999999716e+01
8.054999999999999716e+01
8.054999999999999716e+01
8.054999999999999716e+01
8.054999999999999716e+01
8.054999999999999716e+01
8.056900000000000261e+01
8.056900000000000261e+01
8.056900000000000261e+01
8.091500000000000625e+01
8.095999999999999375e+01
8.170000000000000284e+01
8.365000000000000568e+01
8.528209999999999980e+01
8.576999999999999602e+01
8.640800000000000125e+01
8.662999999999999545e+01
8.662999999999999545e+01
8.662999999999999545e+01
8.662999999999999545e+01
8.662999999999999545e+01
8.662999999999999545e+01
8.662999999999999545e+01
8.684000000000000341e+01
8.825369999999999493e+01
8.825369999999999493e+01
8.826789999999999736e+01
8.934449999999999648e+01
9.495099999999999341e+01
9.495099999999999341e+01
9.732909999999999684e+01
9.789430000000000121e+01
9.846450000000000102e+01
9.846450000000000102e+01
9.846949999999999648e+01
9.899899999999999523e+01
9.923000000000000398e+01
9.923000000000000398e+01
9.933799999999999386e+01
1.010901999999999958e+02
1.011058000000000021e+02
1.025100000000000051e+02
1.025100000000000051e+02
1.025100000000000051e+02
1.025600000000000023e+02
1.025600000000000023e+02
1.047647000000000048e+02
1.047694999999999936e+02
1.047824999999999989e+02
1.047866999999999962e+02
1.048679999999999950e+02
1.049800000000000040e+02
1.049800000000000040e+02
1.049800000000000040e+02
1.049800000000000040e+02
1.049800000000000040e+02
1.049800000000000040e+02
1.057788000000000039e+02
1.059099999999999966e+02
1.059099999999999966e+02
1.059099999999999966e+02
1.077600000000000051e+02
1.077600000000000051e+02
1.081795000000000044e+02
1.081872999999999934e+02
1.082065000000000055e+02
1.099300000000000068e+02
1.112159999999999940e+02
1.112159999999999940e+02
1.112159999999999940e+02
1.112159999999999940e+02
1.112159999999999940e+02
1.112159999999999940e+02
1.115000000000000000e+02
1.115000000000000000e+02
1.115000000000000000e+02
1.129701000000000022e+02
1.129881000000000029e+02
1.134800000000000040e+02
1.134800000000000040e+02
1.134800000000000040e+02
1.134800000000000040e+02
1.134800000000000040e+02
1.134800000000000040e+02
1.142269000000000005e+02
1.142304000000000030e+02
1.151206999999999994e+02
1.151281000000000034e+02
1.151422000000000025e+02
1.151488999999999976e+02
1.154500000000000028e+02
1.154500000000000028e+02
1.154500000000000028e+02
1.163799999999999955e+02
1.168900000000000006e+02
1.168900000000000006e+02
1.168900000000000006e+02
1.168900000000000006e+02
1.168900000000000006e+02
1.168900000000000006e+02
1.169200000000000017e+02
1.169200000000000017e+02
1.169200000000000017e+02
1.169200000000000017e+02
1.169200000000000017e+02
1.170859999999999985e+02
1.186702999999999975e+02
1.187600000000000051e+02
1.187600000000000051e+02
1.187600000000000051e+02
1.190559999999999974e+02
1.195000000000000000e+02
1.195000000000000000e+02
1.196059999999999945e+02
1.196059999999999945e+02
1.196059999999999945e+02
1.196059999999999945e+02
1.196059999999999945e+02
1.196059999999999945e+02
1.208362999999999943e+02
1.208558000000000021e+02
1.208558000000000021e+02
1.208673000000000002e+02
1.208855999999999966e+02
1.208855999999999966e+02
1.210704999999999956e+02
1.213199999999999932e+02
1.213199999999999932e+02
1.213199999999999932e+02
1.215049999999999955e+02
1.215049999999999955e+02
1.215049999999999955e+02
1.215049999999999955e+02
1.215049999999999955e+02
1.215049999999999955e+02
1.215049999999999955e+02
1.215049999999999955e+02
1.215049999999999955e+02
1.215049999999999955e+02
1.215049999999999955e+02
1.221500000000000057e+02
1.224099999999999966e+02
1.224099999999999966e+02
1.224099999999999966e+02
1.230160000000000053e+02
1.251200000000000045e+02
1.259380000000000024e+02
1.275600000000000023e+02
1.291200000000000045e+02
1.296800000000000068e+02
1.308660000000000139e+02
1.318770000000000095e+02
1.318770000000000095e+02
1.318770000000000095e+02
1.323919999999999959e+02
1.351419999999999959e+02
1.351419999999999959e+02
1.351419999999999959e+02
1.353069999999999879e+02
1.353069999999999879e+02
1.353069999999999879e+02
1.357800000000000011e+02
1.357800000000000011e+02
1.357800000000000011e+02
1.362462999999999909e+02
1.366299999999999955e+02
1.366299999999999955e+02
1.378185000000000002e+02
1.378653999999999940e+02
1.378874999999999886e+02
1.378942999999999870e+02
1.379165999999999883e+02
1.400459999999999923e+02
1.413940000000000055e+02
1.416399999999999864e+02
1.416399999999999864e+02
1.416399999999999864e+02
1.421409999999999911e+02
1.421409999999999911e+02
1.424329999999999927e+02
1.424532000000000096e+02
1.435699999999999932e+02
1.435699999999999932e+02
1.449199999999999875e+02
1.449199999999999875e+02
1.449199999999999875e+02
1.455000000000000000e+02
1.463160000000000025e+02
1.463160000000000025e+02
1.463160000000000025e+02
1.465548000000000002e+02
1.465663000000000125e+02
1.465800999999999874e+02
1.469014999999999986e+02
1.469070000000000107e+02
1.469296999999999969e+02
1.494989999999999952e+02
1.494989999999999952e+02
1.494989999999999952e+02
1.494989999999999952e+02
1.494989999999999952e+02
1.494989999999999952e+02
1.494989999999999952e+02
1.494989999999999952e+02
1.496102999999999952e+02
1.496183000000000050e+02
1.496277000000000044e+02
1.496377999999999986e+02
1.496488999999999976e+02
1.496531999999999982e+02
1.496614999999999895e+02
1.496696000000000026e+02
1.496742000000000132e+02
1.496879999999999882e+02
1.496879999999999882e+02
1.497044999999999959e+02
1.497221000000000117e+02
1.497282999999999902e+02
1.497409000000000106e+02
1.497519000000000062e+02
1.497624000000000137e+02
1.497786000000000115e+02
1.497863000000000113e+02
1.498081999999999994e+02
1.498129000000000133e+02
1.498422999999999945e+02
1.498422999999999945e+02
1.498764999999999930e+02
1.498805999999999869e+02
1.499148000000000138e+02
1.499240000000000066e+02
1.499584999999999866e+02
1.499742999999999995e+02
1.500082999999999913e+02
1.500318000000000040e+02
1.500662000000000091e+02
1.500988999999999862e+02
1.501333999999999946e+02
1.501776999999999873e+02
1.502120999999999924e+02
1.502709000000000117e+02
1.503053999999999917e+02
1.503823999999999899e+02
1.504168999999999983e+02
1.505170999999999992e+02
1.505517000000000110e+02
1.506819999999999879e+02
1.507168000000000063e+02
1.508872000000000071e+02
1.509219999999999970e+02
1.510759999999999934e+02
1.511465000000000032e+02
1.511816000000000031e+02
1.514815999999999860e+02
1.515167999999999893e+02
1.519245999999999981e+02
1.519598000000000013e+02
1.524170000000000016e+02
1.524530000000000030e+02
1.525280999999999949e+02
1.525637000000000114e+02
1.532093999999999880e+02
1.532451000000000079e+02
1.533805999999999869e+02
1.534165999999999883e+02
1.534165999999999883e+02
1.543397999999999968e+02
1.543762999999999863e+02
1.546423000000000059e+02
1.546788999999999987e+02
1.546788999999999987e+02
1.557001999999999953e+02
1.557119999999999891e+02
1.558701000000000079e+02
1.559071000000000140e+02
1.566286000000000058e+02
1.566659999999999968e+02
1.566659999999999968e+02
1.573300999999999874e+02
1.573678999999999917e+02
1.574867999999999881e+02
1.587340000000000089e+02
1.587384999999999877e+02
1.587451000000000079e+02
1.587500000000000000e+02
1.587596000000000060e+02
1.587652999999999963e+02
1.587746999999999957e+02
1.588530000000000086e+02
1.588530000000000086e+02
1.588530000000000086e+02
1.590349999999999966e+02
1.590349999999999966e+02
1.590349999999999966e+02
1.596659999999999968e+02
1.596659999999999968e+02
1.600372999999999877e+02
1.600455000000000041e+02
1.600760999999999967e+02
1.600760999999999967e+02
1.600850000000000080e+02
1.607644999999999982e+02
1.607733000000000061e+02
1.607820000000000107e+02
1.607889999999999873e+02
1.607932000000000130e+02
1.610329999999999870e+02
1.616310000000000002e+02
1.619970000000000141e+02
1.619970000000000141e+02
1.619970000000000141e+02
1.619970000000000141e+02
1.619970000000000141e+02
1.619970000000000141e+02
1.623597000000000037e+02
1.623789999999999907e+02
1.623951000000000136e+02
1.624022999999999968e+02
1.624174999999999898e+02
1.624376000000000033e+02
1.633120000000000118e+02
1.633120000000000118e+02
1.633120000000000118e+02
1.637599999999999909e+02
1.637599999999999909e+02
1.637599999999999909e+02
1.637599999999999909e+02
1.637599999999999909e+02
1.637599999999999909e+02
1.640089999999999861e+02
1.640089999999999861e+02
1.640089999999999861e+02
1.653120000000000118e+02
1.653120000000000118e+02
1.653120000000000118e+02
1.655219999999999914e+02
1.662607999999999890e+02
1.663031000000000006e+02
1.666850000000000023e+02
1.667272000000000105e+02
1.667272000000000105e+02
1.672539999999999907e+02
1.692210000000000036e+02
1.695814000000000021e+02
1.701990000000000123e+02
1.705670000000000073e+02
1.727280000000000086e+02
1.752649999999999864e+02
1.753509999999999991e+02
1.753509999999999991e+02
1.764910000000000139e+02
1.785500000000000114e+02
1.786570000000000107e+02
1.787599999999999909e+02
1.787599999999999909e+02
1.795600000000000023e+02
1.817090000000000032e+02
1.817843699999999956e+02
1.818348909999999989e+02
1.820440000000000111e+02
1.820440000000000111e+02
1.825893900000000087e+02
1.826399519999999939e+02
1.836740000000000066e+02
1.842820000000000107e+02
1.848280000000000030e+02
1.850819999999999936e+02
1.850819999999999936e+02
1.850819999999999936e+02
1.860449999999999875e+02
1.860449999999999875e+02
1.860449999999999875e+02
1.860449999999999875e+02
1.860449999999999875e+02
1.860449999999999875e+02
1.860449999999999875e+02
1.860449999999999875e+02
1.864819999999999993e+02
1.864819999999999993e+02
1.867309999999999945e+02
1.879089999999999918e+02
1.879089999999999918e+02
1.891210000000000093e+02
1.898859999999999957e+02
1.900159999999999911e+02
1.900159999999999911e+02
1.900159999999999911e+02
1.912239999999999895e+02
1.918220000000000027e+02
1.926670000000000016e+02
1.927461999999999875e+02
1.927813999999999908e+02
1.936916999999999973e+02
1.937045999999999992e+02
1.937293999999999983e+02
1.937459000000000060e+02
1.937564999999999884e+02
1.953495000000000061e+02
1.953826999999999998e+02
1.953826999999999998e+02
1.960060000000000002e+02
1.961419999999999959e+02
1.962959999999999923e+02
1.964660000000000082e+02
1.964660000000000082e+02
1.979159999999999968e+02
1.985600000000000023e+02
1.985600000000000023e+02
1.996930000000000121e+02
1.996930000000000121e+02
1.996930000000000121e+02
2.006517000000000053e+02
2.006728999999999985e+02
2.006878000000000100e+02
2.012510000000000048e+02
2.014250000000000114e+02
2.016220000000000141e+02
2.018799999999999955e+02
2.018799999999999955e+02
2.018799999999999955e+02
2.040500000000000114e+02
2.042160000000000082e+02
2.042160000000000082e+02
2.042160000000000082e+02
2.043650000000000091e+02
2.054170000000000016e+02
2.057479999999999905e+02
2.057479999999999905e+02
2.057479999999999905e+02
2.059610000000000127e+02
2.059610000000000127e+02
2.059610000000000127e+02
2.059610000000000127e+02
2.059610000000000127e+02
2.059610000000000127e+02
2.059610000000000127e+02
2.066438699999999926e+02
2.067036999999999978e+02
2.067314000000000078e+02
2.067589999999999861e+02
2.067680000000000007e+02
2.067853000000000065e+02
2.067853000000000065e+02
2.067895900000000040e+02
2.077749000000000024e+02
2.077749000000000024e+02
2.089552930000000117e+02
2.089900000000000091e+02
2.089900000000000091e+02
2.089900000000000091e+02
2.090234590000000026e+02
2.091260000000000048e+02
2.091260000000000048e+02
2.098269999999999982e+02
2.098269999999999982e+02
2.124527999999999963e+02
2.124527999999999963e+02
2.125217000000000098e+02
2.125217000000000098e+02
2.125632999999999981e+02
2.125632999999999981e+02
2.132640000000000100e+02
2.132640000000000100e+02
2.138499999999999943e+02
2.138499999999999943e+02
2.157129999999999939e+02
2.157129999999999939e+02
2.157129999999999939e+02
2.159859999999999900e+02
2.159859999999999900e+02
2.161550000000000011e+02
2.161550000000000011e+02
2.161550000000000011e+02
2.165380000000000109e+02
2.165380000000000109e+02
2.165380000000000109e+02
2.198530000000000086e+02
2.220988999999999862e+02
2.234781999999999869e+02
2.235286999999999864e+02
2.256589999999999918e+02
2.256589999999999918e+02
2.256589999999999918e+02
2.263580000000000041e+02
2.263580000000000041e+02
2.263580000000000041e+02
2.265380000000000109e+02
2.284410000000000025e+02
2.284410000000000025e+02
2.284410000000000025e+02
2.323744000000000085e+02
2.329382999999999981e+02
2.329410000000000025e+02
2.329410000000000025e+02
2.333770000000000095e+02
2.333770000000000095e+02
2.333770000000000095e+02
2.333770000000000095e+02
2.336430000000000007e+02
2.336430000000000007e+02
2.336430000000000007e+02
2.336430000000000007e+02
2.336430000000000007e+02
2.336430000000000007e+02
2.336430000000000007e+02
2.347609999999999957e+02
2.351759999999999877e+02
2.360989999999999895e+02
2.363100000000000023e+02
2.381589999999999918e+02
2.381589999999999918e+02
2.381589999999999918e+02
2.385180000000000007e+02
2.389300000000000068e+02
2.389300000000000068e+02
2.393933000000000106e+02
2.395777999999999963e+02
2.401990000000000123e+02
2.401990000000000123e+02
2.405260000000000105e+02
2.405260000000000105e+02
2.415540000000000020e+02
2.415540000000000020e+02
2.415540000000000020e+02
2.415540000000000020e+02
2.415540000000000020e+02
2.415540000000000020e+02
2.426006999999999891e+02
2.460433999999999912e+02
2.460433999999999912e+02
2.460638999999999896e+02
2.475790000000000077e+02
2.475790000000000077e+02
2.480879999999999939e+02
2.497521600000000035e+02
2.498475500000000125e+02
2.520014999999999930e+02
2.520014999999999930e+02
2.520014999999999930e+02
2.525159999999999911e+02
2.525159999999999911e+02
2.525159999999999911e+02
2.525159999999999911e+02
2.525159999999999911e+02
2.525159999999999911e+02
2.530819999999999936e+02
2.530819999999999936e+02
2.530819999999999936e+02
2.530819999999999936e+02
2.530819999999999936e+02
2.530819999999999936e+02
2.530819999999999936e+02
2.530819999999999936e+02
2.534499999999999886e+02
2.534499999999999886e+02
2.534499999999999886e+02
2.534499999999999886e+02
2.534499999999999886e+02
2.534499999999999886e+02
2.536560000000000059e+02
2.536560000000000059e+02
2.536560000000000059e+02
2.567289999999999850e+02
2.589929999999999950e+02
2.589929999999999950e+02
2.589929999999999950e+02
2.589929999999999950e+02
2.589929999999999950e+02
2.589929999999999950e+02
2.595790000000000077e+02
2.595790000000000077e+02
2.595790000000000077e+02
2.641100000000000136e+02
2.670292000000000030e+02
2.675960000000000036e+02
2.691589999999999918e+02
2.705360000000000014e+02
2.707810000000000059e+02
2.709533000000000129e+02
2.709533000000000129e+02
2.709796000000000049e+02
2.795830000000000268e+02
2.797370000000000232e+02
2.805609999999999786e+02
2.805609999999999786e+02
2.805609999999999786e+02
2.822460199999999872e+02
2.825367400000000089e+02
2.826661399999999844e+02
2.861899999999999977e+02
2.861899999999999977e+02
2.902620000000000005e+02
2.902620000000000005e+02
2.902620000000000005e+02
2.906909999999999741e+02
2.906909999999999741e+02
2.906909999999999741e+02
2.906909999999999741e+02
2.906909999999999741e+02
2.906909999999999741e+02
2.906909999999999741e+02
2.910939999999999941e+02
2.910939999999999941e+02
2.910939999999999941e+02
2.915559999999999832e+02
2.915559999999999832e+02
2.918929999999999723e+02
2.918929999999999723e+02
2.918929999999999723e+02
2.926240000000000236e+02
2.945860000000000127e+02
2.945860000000000127e+02
2.945860000000000127e+02
2.958960000000000150e+02
2.958960000000000150e+02
2.982230000000000132e+02
2.982230000000000132e+02
2.982230000000000132e+02
2.982230000000000132e+02
2.982230000000000132e+02
2.982230000000000132e+02
2.999499999999999886e+02
2.999499999999999886e+02
3.033140999999999963e+02
3.033140999999999963e+02
3.033140999999999963e+02
3.033140999999999963e+02
3.033140999999999963e+02
3.053589999999999804e+02
3.097160000000000082e+02
3.180251000000000090e+02
3.223009999999999877e+02
3.225179999999999723e+02
3.226200000000000045e+02
3.260699999999999932e+02
3.270400000000000205e+02
3.303389999999999986e+02
3.324134000000000242e+02
3.324134000000000242e+02
3.324553000000000225e+02
3.371349999999999909e+02
3.371349999999999909e+02
3.375000000000000000e+02
3.375000000000000000e+02
3.375000000000000000e+02
3.452291799999999853e+02
3.568190000000000168e+02
3.568450000000000273e+02
3.656630000000000109e+02
3.656630000000000109e+02
3.656630000000000109e+02
3.661100000000000136e+02
3.661100000000000136e+02
3.661100000000000136e+02
3.693399999999999750e+02
3.696390000000000100e+02
3.789490000000000123e+02
3.947400000000000091e+02
3.947400000000000091e+02
3.947400000000000091e+02
3.951490000000000009e+02
3.991370000000000005e+02
4.001200000000000045e+02
4.123095999999999890e+02
4.123095999999999890e+02
4.123095999999999890e+02
4.123095999999999890e+02
4.123095999999999890e+02
4.123095999999999890e+02
4.148419999999999845e+02
4.148419999999999845e+02
4.148419999999999845e+02
4.195973999999999933e+02
4.198949999999999818e+02
4.244169999999999732e+02
4.244800000000000182e+02
4.244800000000000182e+02
4.273929999999999723e+02
4.296920000000000073e+02
4.362699999999999818e+02
4.367339999999999804e+02
4.432699999999999818e+02
4.432699999999999818e+02
4.432699999999999818e+02
4.460690000000000168e+02
4.460690000000000168e+02
4.460690000000000168e+02
4.473355999999999995e+02
4.473355999999999995e+02
4.473799999999999955e+02
4.473799999999999955e+02
4.474105999999999881e+02
4.488310000000000173e+02
4.488310000000000173e+02
4.492060000000000173e+02
4.498990000000000009e+02
4.506070000000000277e+02
4.506070000000000277e+02
4.598600000000000136e+02
4.598600000000000136e+02
4.612420000000000186e+02
4.612420000000000186e+02
4.633790000000000191e+02
4.633790000000000191e+02
4.648430000000000177e+02
4.648430000000000177e+02
4.648430000000000177e+02
4.648430000000000177e+02
4.648430000000000177e+02
4.648430000000000177e+02
4.659449999999999932e+02
4.659449999999999932e+02
4.659449999999999932e+02
4.659449999999999932e+02
4.659449999999999932e+02
4.659449999999999932e+02
4.659449999999999932e+02
4.659449999999999932e+02
4.686309999999999718e+02
4.686309999999999718e+02
4.686309999999999718e+02
4.686309999999999718e+02
4.686309999999999718e+02
4.717429999999999950e+02
4.721000000000000227e+02
4.774599999999999795e+02
4.774599999999999795e+02
4.774599999999999795e+02
4.785543000000000120e+02
4.785543000000000120e+02
4.785543000000000120e+02
4.785543000000000120e+02
4.814119999999999777e+02
4.814119999999999777e+02
4.814119999999999777e+02
4.918799999999999955e+02
4.919800000000000182e+02
4.941754999999999995e+02
4.945980000000000132e+02
4.945980000000000132e+02
4.990049999999999955e+02
4.990049999999999955e+02
5.127219999999999800e+02
5.127219999999999800e+02
5.127219999999999800e+02
5.159289999999999736e+02
5.159289999999999736e+02
5.167400000000000091e+02
5.167400000000000091e+02
5.228319999999999936e+02
5.228319999999999936e+02
5.228319999999999936e+02
5.264579999999999700e+02
5.264579999999999700e+02
5.264579999999999700e+02
5.292899999999999636e+02
5.292899999999999636e+02
5.349139999999999873e+02
5.394669999999999845e+02
5.506094000000000506e+02
5.506094000000000506e+02
5.564729999999999563e+02
5.564729999999999563e+02
5.634633000000000038e+02
5.645887999999999920e+02
5.645887999999999920e+02
5.763541000000000167e+02
5.763541000000000167e+02
5.763541000000000167e+02
5.820009999999999764e+02
5.822680000000000291e+02
5.823940000000000055e+02
5.944279999999999973e+02
5.944279999999999973e+02
5.944370000000000118e+02
6.015130000000000337e+02
6.015130000000000337e+02
6.015130000000000337e+02
6.082119999999999891e+02
6.126720000000000255e+02
6.129600000000000364e+02
6.129600000000000364e+02
6.150620000000000118e+02
6.150620000000000118e+02
6.150620000000000118e+02
6.246299999999999955e+02
6.246299999999999955e+02
6.246390000000000100e+02
6.287210000000000036e+02
6.350910000000000082e+02
6.350910000000000082e+02
6.350910000000000082e+02
6.358569999999999709e+02
6.573099999999999454e+02
6.719500000000000455e+02
6.787989999999999782e+02
7.032140000000000555e+02
7.033840000000000146e+02
7.034479999999999791e+02
7.837409999999999854e+02
7.843569999999999709e+02
8.214089999999999918e+02
8.214299999999999500e+02
8.669604000000000497e+02
8.670951000000000022e+02
9.228970000000000482e+02
9.228970000000000482e+02
9.228970000000000482e+02
9.448959999999999582e+02
9.653949999999999818e+02
9.653949999999999818e+02
9.653949999999999818e+02
9.653949999999999818e+02
1.166641599999999926e+03
1.166884099999999989e+03
1.290864700000000084e+03
1.290888599999999997e+03
1.290888599999999997e+03
1.563325299999999970e+03
1.563761099999999942e+03
1.624920599999999922e+03
1.625352599999999939e+03
1.625391399999999976e+03
1.900437799999999925e+03
1.900488100000000031e+03
3.311947000000000116e+03
3.312104899999999816e+03
3.312641000000000076e+03
3.601221000000000004e+03
3.602045999999999822e+03
