5.812999999999999723e+00
5.812999999999999723e+00
5.857000000000000206e+00
5.857000000000000206e+00
5.932000000000000384e+00
5.932000000000000384e+00
6.073999999999999844e+00
6.073999999999999844e+00
6.405999999999999694e+00
6.405999999999999694e+00
7.592999999999999972e+00
7.592999999999999972e+00
7.610000000000000320e+00
7.647999999999999687e+00
7.647999999999999687e+00
7.647999999999999687e+00
7.852999999999999758e+00
7.852999999999999758e+00
7.852999999999999758e+00
7.865999999999999659e+00
7.865999999999999659e+00
7.865999999999999659e+00
7.865999999999999659e+00
7.865999999999999659e+00
7.865999999999999659e+00
7.892000000000000348e+00
8.085000000000000853e+00
8.085000000000000853e+00
8.085000000000000853e+00
8.189000000000000057e+00
8.237999999999999545e+00
8.257999999999999119e+00
8.257999999999999119e+00
8.320000000000000284e+00
8.364000000000000767e+00
8.364000000000000767e+00
8.476000000000000867e+00
8.830999999999999517e+00
9.023999999999999133e+00
9.067000000000000171e+00
9.148999999999999133e+00
9.148999999999999133e+00
9.148999999999999133e+00
9.148999999999999133e+00
9.220000000000000639e+00
9.253000000000000114e+00
9.253000000000000114e+00
9.253000000000000114e+00
9.253000000000000114e+00
9.316000000000000725e+00
9.316000000000000725e+00
9.342999999999999972e+00
9.342999999999999972e+00
9.371000000000000441e+00
9.371000000000000441e+00
9.371000000000000441e+00
9.371000000000000441e+00
9.393000000000000682e+00
9.393000000000000682e+00
9.455999999999999517e+00
9.455999999999999517e+00
9.455999999999999517e+00
9.455999999999999517e+00
9.478999999999999204e+00
9.478999999999999204e+00
9.478999999999999204e+00
9.534000000000000696e+00
9.534000000000000696e+00
9.561999999999999389e+00
9.561999999999999389e+00
9.561999999999999389e+00
9.573399999999999466e+00
9.573399999999999466e+00
9.576999999999999957e+00
9.576999999999999957e+00
9.576999999999999957e+00
9.602000000000000313e+00
9.602000000000000313e+00
9.602000000000000313e+00
9.625000000000000000e+00
9.625000000000000000e+00
9.625000000000000000e+00
9.625000000000000000e+00
9.628999999999999559e+00
9.724000000000000199e+00
9.743999999999999773e+00
9.785999999999999588e+00
9.788000000000000256e+00
9.788000000000000256e+00
9.788000000000000256e+00
9.797000000000000597e+00
9.865999999999999659e+00
9.907000000000000028e+00
1.002500000000000036e+01
1.005499999999999972e+01
1.005499999999999972e+01
1.005499999999999972e+01
1.005499999999999972e+01
1.005499999999999972e+01
1.005499999999999972e+01
1.005499999999999972e+01
1.007779999999999987e+01
1.007779999999999987e+01
1.007779999999999987e+01
1.007779999999999987e+01
1.008600000000000030e+01
1.009490000000000087e+01
1.009490000000000087e+01
1.009490000000000087e+01
1.011999999999999922e+01
1.017500000000000071e+01
1.017500000000000071e+01
1.021299999999999919e+01
1.023499999999999943e+01
1.023499999999999943e+01
1.023499999999999943e+01
1.024900000000000055e+01
1.024900000000000055e+01
1.040099999999999980e+01
1.040099999999999980e+01
1.040099999999999980e+01
1.040099999999999980e+01
1.043999999999999950e+01
1.043999999999999950e+01
1.046499999999999986e+01
1.046499999999999986e+01
1.046499999999999986e+01
1.046700000000000053e+01
1.046700000000000053e+01
1.046700000000000053e+01
1.046700000000000053e+01
1.046700000000000053e+01
1.046700000000000053e+01
1.058000000000000007e+01
1.058000000000000007e+01
1.058000000000000007e+01
1.072600000000000087e+01
1.072600000000000087e+01
1.072600000000000087e+01
1.072600000000000087e+01
1.072600000000000087e+01
1.072600000000000087e+01
1.073799999999999955e+01
5.099900000000000233e+01
5.099900000000000233e+01
5.099900000000000233e+01
5.099900000000000233e+01
5.099900000000000233e+01
5.099900000000000233e+01
5.493099999999999739e+01
5.820799999999999841e+01
5.820799999999999841e+01
5.820799999999999841e+01
6.014999999999999858e+01
6.014999999999999858e+01
6.014999999999999858e+01
6.014999999999999858e+01
6.040999999999999659e+01
6.040999999999999659e+01
6.040999999999999659e+01
6.040999999999999659e+01
6.040999999999999659e+01
6.040999999999999659e+01
6.040999999999999659e+01
6.096000000000000085e+01
6.096000000000000085e+01
6.096000000000000085e+01
6.096000000000000085e+01
6.096000000000000085e+01
6.096000000000000085e+01
6.096000000000000085e+01
6.096000000000000085e+01
6.185000000000000142e+01
6.200999999999999801e+01
6.225999999999999801e+01
6.263000000000000256e+01
6.582999999999999829e+01
6.613200000000000500e+01
6.645000000000000284e+01
6.645000000000000284e+01
6.645000000000000284e+01
6.645000000000000284e+01
6.645000000000000284e+01
6.645000000000000284e+01
6.645000000000000284e+01
6.645000000000000284e+01
6.755899999999999750e+01
6.755899999999999750e+01
6.755899999999999750e+01
6.755899999999999750e+01
6.755899999999999750e+01
6.755899999999999750e+01
7.010999999999999943e+01
7.071999999999999886e+01
7.071999999999999886e+01
7.142000000000000171e+01
7.142000000000000171e+01
7.142000000000000171e+01
7.142000000000000171e+01
7.142000000000000171e+01
7.142000000000000171e+01
7.142000000000000171e+01
7.142000000000000171e+01
7.142000000000000171e+01
7.142000000000000171e+01
7.142000000000000171e+01
7.142000000000000171e+01
7.142000000000000171e+01
7.142000000000000171e+01
7.142000000000000171e+01
7.145999999999999375e+01
7.145999999999999375e+01
7.145999999999999375e+01
7.145999999999999375e+01
7.145999999999999375e+01
7.145999999999999375e+01
7.145999999999999375e+01
7.145999999999999375e+01
7.145999999999999375e+01
7.145999999999999375e+01
7.164000000000000057e+01
7.164000000000000057e+01
7.164000000000000057e+01
7.255899999999999750e+01
7.255899999999999750e+01
7.255899999999999750e+01
7.257099999999999795e+01
7.257099999999999795e+01
7.364000000000000057e+01
7.364000000000000057e+01
7.364000000000000057e+01
7.364000000000000057e+01
7.364000000000000057e+01
7.364000000000000057e+01
7.364000000000000057e+01
7.364000000000000057e+01
7.420000000000000284e+01
7.420000000000000284e+01
7.420000000000000284e+01
7.420000000000000284e+01
7.420000000000000284e+01
7.420000000000000284e+01
7.420000000000000284e+01
7.420000000000000284e+01
7.435790000000000077e+01
7.435790000000000077e+01
7.462300000000000466e+01
7.543999999999999773e+01
7.543999999999999773e+01
7.543999999999999773e+01
7.677500000000000568e+01
7.753749999999999432e+01
7.753749999999999432e+01
8.031000000000000227e+01
8.031000000000000227e+01
8.031000000000000227e+01
8.031000000000000227e+01
8.031000000000000227e+01
8.031000000000000227e+01
8.031000000000000227e+01
8.031000000000000227e+01
8.129999999999999716e+01
8.129999999999999716e+01
8.129999999999999716e+01
8.129999999999999716e+01
8.420569999999999311e+01
8.420569999999999311e+01
8.670999999999999375e+01
8.670999999999999375e+01
8.670999999999999375e+01
8.670999999999999375e+01
8.670999999999999375e+01
8.670999999999999375e+01
8.670999999999999375e+01
8.670999999999999375e+01
8.775000000000000000e+01
8.775000000000000000e+01
8.775000000000000000e+01
8.775000000000000000e+01
9.237999999999999545e+01
9.237999999999999545e+01
9.237999999999999545e+01
9.252460000000000662e+01
9.252460000000000662e+01
9.401000000000000512e+01
9.414000000000000057e+01
9.426999999999999602e+01
9.435590000000000543e+01
9.435590000000000543e+01
9.448999999999999488e+01
9.476999999999999602e+01
9.497459999999999525e+01
9.515999999999999659e+01
9.578000000000000114e+01
9.596999999999999886e+01
9.600000000000000000e+01
9.600000000000000000e+01
9.600000000000000000e+01
9.600000000000000000e+01
9.600000000000000000e+01
9.600000000000000000e+01
9.600000000000000000e+01
9.678000000000000114e+01
9.718999999999999773e+01
9.732659999999999911e+01
9.732659999999999911e+01
9.817000000000000171e+01
9.817000000000000171e+01
9.817000000000000171e+01
9.817000000000000171e+01
9.817000000000000171e+01
9.817000000000000171e+01
9.817000000000000171e+01
9.817000000000000171e+01
9.840250000000000341e+01
9.862000000000000455e+01
9.945999999999999375e+01
1.006500000000000057e+02
1.006500000000000057e+02
1.006500000000000057e+02
1.020100000000000051e+02
1.020100000000000051e+02
1.020100000000000051e+02
1.025000000000000000e+02
1.026925999999999988e+02
1.026925999999999988e+02
1.036270999999999987e+02
1.045799999999999983e+02
1.048234000000000066e+02
1.111800000000000068e+02
1.111800000000000068e+02
1.111800000000000068e+02
1.111800000000000068e+02
1.114689999999999941e+02
1.114689999999999941e+02
1.114689999999999941e+02
1.114689999999999941e+02
1.114689999999999941e+02
1.114689999999999941e+02
1.134000000000000057e+02
1.142955999999999932e+02
1.143029999999999973e+02
1.143029999999999973e+02
1.155900000000000034e+02
1.155900000000000034e+02
1.155900000000000034e+02
1.155900000000000034e+02
1.155900000000000034e+02
1.155900000000000034e+02
1.155900000000000034e+02
1.187500000000000000e+02
1.187500000000000000e+02
1.187500000000000000e+02
1.197189999999999941e+02
1.213119999999999976e+02
1.213119999999999976e+02
1.213119999999999976e+02
1.213119999999999976e+02
1.213119999999999976e+02
1.213119999999999976e+02
1.214320000000000022e+02
1.342199999999999989e+02
1.344699999999999989e+02
1.347400000000000091e+02
1.351299999999999955e+02
1.356500000000000057e+02
1.362249999999999943e+02
1.362249999999999943e+02
1.362249999999999943e+02
1.362249999999999943e+02
1.362249999999999943e+02
1.362249999999999943e+02
1.364300000000000068e+02
1.375600000000000023e+02
1.393899999999999864e+02
1.401519999999999868e+02
1.401519999999999868e+02
1.401519999999999868e+02
1.421260000000000048e+02
1.421260000000000048e+02
1.421260000000000048e+02
1.421260000000000048e+02
1.421260000000000048e+02
1.421260000000000048e+02
1.422860000000000014e+02
1.426117000000000132e+02
1.435169999999999959e+02
1.435169999999999959e+02
1.435169999999999959e+02
1.435169999999999959e+02
1.435169999999999959e+02
1.435169999999999959e+02
1.440769999999999982e+02
1.491761999999999944e+02
1.512257999999999925e+02
1.512411999999999921e+02
1.512411999999999921e+02
1.661477999999999895e+02
1.754689999999999941e+02
1.754689999999999941e+02
1.754689999999999941e+02
1.776100000000000136e+02
1.776306999999999903e+02
1.907119999999999891e+02
1.907119999999999891e+02
1.907119999999999891e+02
1.907119999999999891e+02
1.907119999999999891e+02
1.907119999999999891e+02
1.909499999999999886e+02
1.909499999999999886e+02
1.909499999999999886e+02
1.912489999999999952e+02
1.912489999999999952e+02
1.912489999999999952e+02
1.912489999999999952e+02
1.912489999999999952e+02
1.912489999999999952e+02
1.917030000000000030e+02
1.919759999999999991e+02
1.919759999999999991e+02
1.919759999999999991e+02
1.919759999999999991e+02
1.919759999999999991e+02
1.919759999999999991e+02
1.929670000000000130e+02
1.929670000000000130e+02
1.929670000000000130e+02
1.929670000000000130e+02
1.929670000000000130e+02
1.929670000000000130e+02
1.943679999999999950e+02
1.943679999999999950e+02
1.943679999999999950e+02
1.943679999999999950e+02
1.943679999999999950e+02
1.943679999999999950e+02
1.954970000000000141e+02
1.954970000000000141e+02
1.954970000000000141e+02
1.954970000000000141e+02
1.954970000000000141e+02
1.954970000000000141e+02
1.956630000000000109e+02
1.956630000000000109e+02
1.956630000000000109e+02
1.964590000000000032e+02
1.964590000000000032e+02
1.964590000000000032e+02
1.964590000000000032e+02
1.964590000000000032e+02
1.964590000000000032e+02
1.985130000000000052e+02
1.985130000000000052e+02
1.985130000000000052e+02
1.998009999999999877e+02
1.998009999999999877e+02
1.998009999999999877e+02
1.998009999999999877e+02
1.998009999999999877e+02
1.998009999999999877e+02
2.033300000000000125e+02
2.033300000000000125e+02
2.033300000000000125e+02
2.056560000000000059e+02
2.056560000000000059e+02
2.056560000000000059e+02
2.056670000000000016e+02
2.056670000000000016e+02
2.056670000000000016e+02
2.077599999999999909e+02
2.077599999999999909e+02
2.077599999999999909e+02
2.077599999999999909e+02
2.077599999999999909e+02
2.077599999999999909e+02
2.081040000000000134e+02
2.119230000000000018e+02
2.122940000000000111e+02
2.126239999999999952e+02
2.126239999999999952e+02
2.126357000000000141e+02
2.127870000000000061e+02
2.127870000000000061e+02
2.127870000000000061e+02
2.137920000000000016e+02
2.148029999999999973e+02
2.161954000000000065e+02
2.161954000000000065e+02
2.175668000000000006e+02
2.175668000000000006e+02
2.175668000000000006e+02
2.175784999999999911e+02
2.175784999999999911e+02
2.175784999999999911e+02
2.192259999999999991e+02
2.194935000000000116e+02
2.223789999999999907e+02
2.223789999999999907e+02
2.223789999999999907e+02
2.273700000000000045e+02
2.273700000000000045e+02
2.273700000000000045e+02
2.297680000000000007e+02
2.297680000000000007e+02
2.297680000000000007e+02
2.306999999999999886e+02
2.306999999999999886e+02
2.306999999999999886e+02
2.325310000000000059e+02
2.325310000000000059e+02
2.325310000000000059e+02
2.325310000000000059e+02
2.325310000000000059e+02
2.325310000000000059e+02
2.325310000000000059e+02
2.325310000000000059e+02
2.325310000000000059e+02
2.325310000000000059e+02
2.325310000000000059e+02
2.325310000000000059e+02
2.325310000000000059e+02
2.325310000000000059e+02
2.325310000000000059e+02
2.330939999999999941e+02
2.330939999999999941e+02
2.330939999999999941e+02
2.337220000000000084e+02
2.349328999999999894e+02
2.351381000000000085e+02
2.351423000000000059e+02
2.351548999999999978e+02
2.382750000000000057e+02
2.382750000000000057e+02
2.382750000000000057e+02
2.387849999999999966e+02
2.387849999999999966e+02
2.414073999999999955e+02
2.414189000000000078e+02
2.414189000000000078e+02
2.454586999999999932e+02
2.454586999999999932e+02
2.482067999999999870e+02
2.482067999999999870e+02
2.482067999999999870e+02
2.495295000000000130e+02
2.495335000000000036e+02
2.495335000000000036e+02
2.495480000000000018e+02
2.495480000000000018e+02
2.495480000000000018e+02
2.508183999999999969e+02
2.508183999999999969e+02
2.508183999999999969e+02
2.563700000000000045e+02
2.563700000000000045e+02
2.563700000000000045e+02
2.600000000000000000e+02
2.600000000000000000e+02
2.600000000000000000e+02
2.600000000000000000e+02
2.600000000000000000e+02
2.600000000000000000e+02
2.600000000000000000e+02
2.600000000000000000e+02
2.600000000000000000e+02
2.618765999999999963e+02
2.618913999999999760e+02
2.618913999999999760e+02
2.651243000000000052e+02
2.651338999999999828e+02
2.651401999999999930e+02
2.651408000000000129e+02
2.651483000000000061e+02
2.651548999999999978e+02
2.698254999999999768e+02
2.698385000000000105e+02
2.729685000000000059e+02
2.729685000000000059e+02
2.729685000000000059e+02
2.738860000000000241e+02
2.765000000000000000e+02
2.765000000000000000e+02
2.765000000000000000e+02
2.765000000000000000e+02
2.765000000000000000e+02
2.765000000000000000e+02
2.765000000000000000e+02
2.765000000000000000e+02
2.765000000000000000e+02
2.776000000000000227e+02
2.776000000000000227e+02
2.776000000000000227e+02
2.776000000000000227e+02
2.776000000000000227e+02
2.776000000000000227e+02
2.776000000000000227e+02
2.829599999999999795e+02
2.829599999999999795e+02
2.829599999999999795e+02
2.829599999999999795e+02
2.846100000000000136e+02
2.846100000000000136e+02
2.846100000000000136e+02
2.896000000000000227e+02
2.896000000000000227e+02
2.896000000000000227e+02
2.896000000000000227e+02
2.896000000000000227e+02
2.896000000000000227e+02
2.896000000000000227e+02
2.896000000000000227e+02
2.898976000000000113e+02
2.899037000000000148e+02
2.899103000000000065e+02
2.899103000000000065e+02
2.986933000000000220e+02
2.987289000000000101e+02
2.987490000000000236e+02
3.020212000000000216e+02
3.020371000000000095e+02
3.020405000000000086e+02
3.020479000000000269e+02
3.031999999999999886e+02
3.031999999999999886e+02
3.031999999999999886e+02
3.031999999999999886e+02
3.031999999999999886e+02
3.031999999999999886e+02
3.031999999999999886e+02
3.031999999999999886e+02
3.031999999999999886e+02
3.047409999999999854e+02
3.047576999999999998e+02
3.090722999999999843e+02
3.090722999999999843e+02
3.090919999999999845e+02
3.090919999999999845e+02
3.090919999999999845e+02
3.091027000000000271e+02
3.111716000000000122e+02
3.111716000000000122e+02
3.111820000000000164e+02
3.111820000000000164e+02
3.111820000000000164e+02
3.111888000000000147e+02
3.111888000000000147e+02
3.111970000000000027e+02
3.111970000000000027e+02
3.112137000000000171e+02
3.112137000000000171e+02
3.112137000000000171e+02
3.112323000000000093e+02
3.120754999999999768e+02
3.120754999999999768e+02
3.120873000000000275e+02
3.120873000000000275e+02
3.120873000000000275e+02
3.120924999999999727e+02
3.120924999999999727e+02
3.125899000000000001e+02
3.125899000000000001e+02
3.126025000000000205e+02
3.126025000000000205e+02
3.126025000000000205e+02
3.131329200000000128e+02
3.131974200000000224e+02
3.135670999999999822e+02
3.136970000000000027e+02
3.139594000000000165e+02
3.146336000000000013e+02
3.150989999999999895e+02
3.161682999999999879e+02
3.164759999999999991e+02
3.169519000000000233e+02
3.180790000000000077e+02
3.180790000000000077e+02
3.180790000000000077e+02
3.188260000000000218e+02
3.194753000000000043e+02
3.198027000000000157e+02
3.198072999999999979e+02
3.209526999999999930e+02
3.221320000000000050e+02
3.230552000000000135e+02
3.231999999999999886e+02
3.231999999999999886e+02
3.231999999999999886e+02
3.231999999999999886e+02
3.231999999999999886e+02
3.231999999999999886e+02
3.231999999999999886e+02
3.234451999999999998e+02
3.234451999999999998e+02
3.241000000000000227e+02
3.241000000000000227e+02
3.241000000000000227e+02
3.241000000000000227e+02
3.241000000000000227e+02
3.241000000000000227e+02
3.241000000000000227e+02
3.241000000000000227e+02
3.242559999999999718e+02
3.242762000000000171e+02
3.269979999999999905e+02
3.275527999999999906e+02
3.275613999999999919e+02
3.276999999999999886e+02
3.276999999999999886e+02
3.276999999999999886e+02
3.283851000000000226e+02
3.321967000000000212e+02
3.322035000000000196e+02
3.322296000000000049e+02
3.346392000000000166e+02
3.368600000000000136e+02
3.380899999999999750e+02
3.380899999999999750e+02
3.380899999999999750e+02
3.380899999999999750e+02
3.380899999999999750e+02
3.380899999999999750e+02
3.380899999999999750e+02
3.380899999999999750e+02
3.380899999999999750e+02
3.380899999999999750e+02
3.406399999999999864e+02
3.406399999999999864e+02
3.406399999999999864e+02
3.406399999999999864e+02
3.406399999999999864e+02
3.406399999999999864e+02
3.406399999999999864e+02
3.406399999999999864e+02
3.406399999999999864e+02
3.406399999999999864e+02
3.436000000000000227e+02
3.436000000000000227e+02
3.436000000000000227e+02
3.452361000000000217e+02
3.456173000000000002e+02
3.477558999999999969e+02
3.511519999999999868e+02
3.511519999999999868e+02
3.511519999999999868e+02
3.511519999999999868e+02
3.511519999999999868e+02
3.511519999999999868e+02
3.511519999999999868e+02
3.511519999999999868e+02
3.511519999999999868e+02
3.516544000000000096e+02
3.531000000000000227e+02
3.531000000000000227e+02
3.531000000000000227e+02
3.562327000000000226e+02
3.625000000000000000e+02
3.625000000000000000e+02
3.625000000000000000e+02
3.625000000000000000e+02
3.625000000000000000e+02
3.625000000000000000e+02
3.625000000000000000e+02
3.625000000000000000e+02
3.625000000000000000e+02
3.625000000000000000e+02
3.636999999999999886e+02
3.636999999999999886e+02
3.636999999999999886e+02
3.636999999999999886e+02
3.636999999999999886e+02
3.636999999999999886e+02
3.636999999999999886e+02
3.636999999999999886e+02
3.661000000000000227e+02
3.661000000000000227e+02
3.661000000000000227e+02
3.661000000000000227e+02
3.661000000000000227e+02
3.661000000000000227e+02
3.661000000000000227e+02
3.661000000000000227e+02
3.661000000000000227e+02
3.661000000000000227e+02
3.708999999999999773e+02
3.708999999999999773e+02
3.708999999999999773e+02
3.708999999999999773e+02
3.708999999999999773e+02
3.708999999999999773e+02
3.708999999999999773e+02
3.708999999999999773e+02
3.721419999999999959e+02
3.721979999999999791e+02
3.724039999999999964e+02
3.737359999999999900e+02
3.750400000000000205e+02
3.750400000000000205e+02
3.750400000000000205e+02
3.750400000000000205e+02
3.750400000000000205e+02
3.750400000000000205e+02
3.750400000000000205e+02
3.750400000000000205e+02
3.786000000000000227e+02
3.786000000000000227e+02
3.786000000000000227e+02
3.786000000000000227e+02
3.786000000000000227e+02
3.786000000000000227e+02
3.786000000000000227e+02
3.786000000000000227e+02
3.786000000000000227e+02
3.786000000000000227e+02
3.814535999999999945e+02
3.853000000000000114e+02
3.853000000000000114e+02
3.853000000000000114e+02
3.853000000000000114e+02
3.853000000000000114e+02
3.853000000000000114e+02
3.853000000000000114e+02
3.853000000000000114e+02
3.866225999999999772e+02
3.866519000000000119e+02
3.866609000000000265e+02
3.866818000000000097e+02
3.867121000000000208e+02
3.867121000000000208e+02
3.996600000000000250e+02
3.996600000000000250e+02
3.996600000000000250e+02
4.040500000000000114e+02
4.040500000000000114e+02
4.040500000000000114e+02
4.040500000000000114e+02
4.040500000000000114e+02
4.040500000000000114e+02
4.040500000000000114e+02
4.040500000000000114e+02
4.040500000000000114e+02
4.250339999999999918e+02
4.250339999999999918e+02
4.250339999999999918e+02
4.250339999999999918e+02
4.250339999999999918e+02
4.250339999999999918e+02
4.253299999999999841e+02
4.253299999999999841e+02
4.253299999999999841e+02
4.254250000000000114e+02
4.254250000000000114e+02
4.254250000000000114e+02
4.254959999999999809e+02
4.254959999999999809e+02
4.255319999999999823e+02
4.330769999999999982e+02
4.330769999999999982e+02
4.330769999999999982e+02
4.330769999999999982e+02
4.330769999999999982e+02
4.330769999999999982e+02
4.330769999999999982e+02
4.330769999999999982e+02
4.330769999999999982e+02
4.334390000000000214e+02
4.334390000000000214e+02
4.334390000000000214e+02
4.361888999999999896e+02
4.362214000000000169e+02
4.372330000000000041e+02
4.372330000000000041e+02
4.372330000000000041e+02
4.372330000000000041e+02
4.372330000000000041e+02
4.372330000000000041e+02
4.372330000000000041e+02
4.372330000000000041e+02
4.372330000000000041e+02
4.405249999999999773e+02
4.405249999999999773e+02
4.405249999999999773e+02
4.409173000000000116e+02
4.469030000000000200e+02
4.469030000000000200e+02
4.477799999999999727e+02
4.477799999999999727e+02
4.486779999999999973e+02
4.488559999999999945e+02
4.488559999999999945e+02
4.488559999999999945e+02
4.488559999999999945e+02
4.488559999999999945e+02
4.488559999999999945e+02
4.496349999999999909e+02
4.499100000000000250e+02
4.527678000000000225e+02
4.536669999999999732e+02
4.536669999999999732e+02
4.536669999999999732e+02
4.541800000000000068e+02
4.541800000000000068e+02
4.541800000000000068e+02
4.549049999999999727e+02
4.549049999999999727e+02
4.549049999999999727e+02
4.549812999999999761e+02
4.573946000000000254e+02
4.596999999999999886e+02
4.596999999999999886e+02
4.596999999999999886e+02
4.596999999999999886e+02
4.596999999999999886e+02
4.596999999999999886e+02
4.596999999999999886e+02
4.596999999999999886e+02
4.611000000000000227e+02
4.611000000000000227e+02
4.611000000000000227e+02
4.611000000000000227e+02
4.611000000000000227e+02
4.611000000000000227e+02
4.611000000000000227e+02
4.665049999999999955e+02
4.665049999999999955e+02
4.665049999999999955e+02
4.665049999999999955e+02
4.665049999999999955e+02
4.665049999999999955e+02
4.665049999999999955e+02
4.665049999999999955e+02
4.674637000000000171e+02
4.674730999999999881e+02
4.703890000000000100e+02
4.703890000000000100e+02
4.703890000000000100e+02
4.710690000000000168e+02
4.710690000000000168e+02
4.710690000000000168e+02
4.809119999999999777e+02
4.809119999999999777e+02
4.829508000000000152e+02
4.829508000000000152e+02
4.850509999999999877e+02
4.850509999999999877e+02
4.850509999999999877e+02
4.853550000000000182e+02
4.853550000000000182e+02
4.853550000000000182e+02
4.859580000000000268e+02
4.859580000000000268e+02
4.859580000000000268e+02
5.089169999999999732e+02
5.089169999999999732e+02
5.089169999999999732e+02
5.219568000000000438e+02
5.219778999999999769e+02
5.219778999999999769e+02
5.257319999999999709e+02
5.257319999999999709e+02
5.262989000000000033e+02
5.271751000000000431e+02
5.272278000000000020e+02
5.404542000000000144e+02
5.404542000000000144e+02
5.404542000000000144e+02
5.411710000000000491e+02
5.411710000000000491e+02
5.411710000000000491e+02
5.417210000000000036e+02
5.417210000000000036e+02
5.442409999999999854e+02
5.442409999999999854e+02
5.442409999999999854e+02
5.559299999999999500e+02
5.559299999999999500e+02
5.559299999999999500e+02
5.858630000000000564e+02
6.143709999999999809e+02
6.230833000000000084e+02
6.281163999999999987e+02
6.281467000000000098e+02
6.281467000000000098e+02
6.475327999999999520e+02
6.549695000000000391e+02
6.549695000000000391e+02
6.549695000000000391e+02
6.560176999999999907e+02
6.560176999999999907e+02
6.560176999999999907e+02
6.566334000000000515e+02
6.638269999999999982e+02
6.638269999999999982e+02
6.638269999999999982e+02
6.727899999999999636e+02
6.758590000000000373e+02
6.758999999999999773e+02
6.788432000000000244e+02
6.788432000000000244e+02
6.788432000000000244e+02
6.886119999999999663e+02
6.886340000000000146e+02
6.886340000000000146e+02
6.886340000000000146e+02
6.984674999999999727e+02
7.156369999999999436e+02
7.156620000000000346e+02
7.156620000000000346e+02
7.156620000000000346e+02
7.211121000000000549e+02
7.310180000000000291e+02
7.403239999999999554e+02
7.403469999999999800e+02
7.500399999999999636e+02
7.553976999999999862e+02
7.620777000000000498e+02
7.620978000000000065e+02
7.620978000000000065e+02
7.620978000000000065e+02
7.794139999999999873e+02
8.092286000000000286e+02
8.161236000000000104e+02
8.161485999999999876e+02
8.256339000000000397e+02
8.289349999999999454e+02
8.549714000000000169e+02
8.550007000000000517e+02
8.550007000000000517e+02
8.550007000000000517e+02
8.803786999999999807e+02
8.884619999999999891e+02
8.884619999999999891e+02
8.884619999999999891e+02
8.884619999999999891e+02
8.884619999999999891e+02
8.884619999999999891e+02
9.192970000000000255e+02
9.192970000000000255e+02
9.192970000000000255e+02
9.192970000000000255e+02
9.192970000000000255e+02
9.192970000000000255e+02
9.246453000000000202e+02
9.346449999999999818e+02
9.346449999999999818e+02
9.346449999999999818e+02
9.395320000000000391e+02
9.395320000000000391e+02
9.395320000000000391e+02
9.395320000000000391e+02
9.395320000000000391e+02
9.395320000000000391e+02
9.479026000000000067e+02
9.479628999999999905e+02
9.850019999999999527e+02
9.898339999999999463e+02
9.898669999999999618e+02
9.942509999999999764e+02
9.942509999999999764e+02
9.942509999999999764e+02
9.942509999999999764e+02
9.942509999999999764e+02
9.942509999999999764e+02
1.009828999999999951e+03
1.009850000000000023e+03
1.012269000000000005e+03
1.012269000000000005e+03
1.012269000000000005e+03
1.033385999999999967e+03
1.033385999999999967e+03
1.033385999999999967e+03
1.033385999999999967e+03
1.033385999999999967e+03
1.033385999999999967e+03
1.106909000000000106e+03
1.106949000000000069e+03
1.106949000000000069e+03
1.106949000000000069e+03
1.117679000000000087e+03
1.117679000000000087e+03
1.149953999999999951e+03
1.149953999999999951e+03
1.149953999999999951e+03
1.149953999999999951e+03
1.149953999999999951e+03
1.149953999999999951e+03
1.162834000000000060e+03
1.162834000000000060e+03
1.162834000000000060e+03
1.166344000000000051e+03
1.209866999999999962e+03
1.210148999999999887e+03
1.464791999999999916e+03
1.464875000000000000e+03
1.616212999999999965e+03
1.616212999999999965e+03
1.616212999999999965e+03
1.616212999999999965e+03
1.616212999999999965e+03
1.616212999999999965e+03
1.786026000000000067e+03
1.786151000000000067e+03
1.814848999999999933e+03
1.977068999999999960e+03
3.025813999999999851e+03
3.178371999999999844e+03
3.178737000000000080e+03
3.178737000000000080e+03
3.178737000000000080e+03
