3.557699999999999818e+01
3.695199999999999818e+01
4.207000000000000028e+01
4.297800000000000153e+01
4.311999999999999744e+01
4.356300000000000239e+01
4.883899999999999864e+01
4.927199999999999847e+01
5.636200000000000188e+01
5.907300000000000040e+01
6.707599999999999341e+01
6.788700000000000045e+01
6.868800000000000239e+01
7.065399999999999636e+01
7.307099999999999795e+01
7.381699999999999307e+01
7.751600000000000534e+01
7.904999999999999716e+01
7.906000000000000227e+01
7.925000000000000000e+01
8.036499999999999488e+01
8.203000000000000114e+01
8.229000000000000625e+01
8.248999999999999488e+01
8.498600000000000421e+01
8.556799999999999784e+01
8.644499999999999318e+01
8.726000000000000512e+01
8.768000000000000682e+01
8.801699999999999591e+01
9.167000000000000171e+01
9.209300000000000352e+01
9.239000000000000057e+01
9.254800000000000182e+01
9.298099999999999454e+01
9.432999999999999829e+01
9.676000000000000512e+01
9.687999999999999545e+01
9.898000000000000398e+01
1.039989999999999952e+02
1.045759999999999934e+02
1.051809999999999974e+02
1.058880000000000052e+02
1.085469999999999970e+02
1.099200000000000017e+02
1.103400000000000034e+02
1.128799999999999955e+02
1.138599999999999994e+02
1.139009999999999962e+02
1.139459999999999980e+02
1.139800000000000040e+02
1.145909999999999940e+02
1.149699999999999989e+02
1.163190000000000026e+02
1.167060000000000031e+02
1.224639999999999986e+02
1.225430000000000064e+02
1.232780000000000058e+02
1.241045000000000016e+02
1.265349999999999966e+02
1.283714999999999975e+02
1.306179999999999950e+02
1.316999999999999886e+02
1.325459999999999923e+02
1.326839999999999975e+02
1.329470000000000027e+02
1.346119999999999948e+02
1.350070000000000050e+02
1.372609999999999957e+02
1.376020000000000039e+02
1.393919999999999959e+02
1.423329999999999984e+02
1.423520000000000039e+02
1.436810000000000116e+02
1.447940000000000111e+02
1.455090999999999894e+02
1.460999999999999943e+02
1.462139999999999986e+02
1.486954000000000065e+02
1.502500000000000000e+02
1.520549000000000035e+02
1.533138999999999896e+02
1.536744999999999948e+02
1.538036999999999921e+02
1.563669999999999902e+02
1.573689999999999998e+02
1.591759999999999877e+02
1.601579999999999870e+02
1.606399999999999864e+02
1.609689999999999941e+02
1.611357999999999890e+02
1.652810000000000059e+02
1.691500000000000057e+02
1.749290000000000020e+02
1.777050000000000125e+02
1.787406000000000006e+02
1.791842000000000041e+02
1.823728000000000122e+02
1.834319999999999879e+02
1.863899999999999864e+02
1.902341000000000122e+02
1.910000000000000000e+02
1.912119999999999891e+02
1.954705999999999904e+02
1.960048999999999921e+02
1.988259999999999934e+02
1.989350000000000023e+02
2.021399999999999864e+02
2.021801000000000101e+02
2.021800000000000068e+02
2.062292999999999950e+02
2.069598000000000013e+02
2.073880000000000052e+02
2.074029999999999916e+02
2.094000000000000057e+02
2.104089999999999918e+02
2.110886000000000138e+02
2.134273000000000025e+02
2.144079999999999870e+02
2.144139999999999873e+02
2.178576999999999941e+02
2.187614000000000090e+02
2.214240000000000066e+02
2.214721000000000117e+02
2.228896000000000015e+02
2.231295000000000073e+02
2.277280000000000086e+02
2.311999999999999886e+02
2.326999999999999886e+02
2.368839999999999861e+02
2.369106999999999914e+02
2.376999999999999886e+02
2.401610000000000014e+02
2.415300000000000011e+02
2.438300000000000125e+02
2.501800000000000068e+02
2.516450000000000102e+02
2.525250000000000057e+02
2.545300000000000011e+02
2.628688000000000216e+02
2.630000000000000000e+02
2.678000000000000114e+02
2.693799999999999955e+02
2.697559999999999718e+02
2.714100000000000250e+02
2.731309999999999718e+02
2.768000000000000114e+02
2.773000000000000114e+02
2.781297000000000139e+02
2.786999999999999886e+02
2.800299999999999727e+02
2.804250000000000114e+02
2.804529999999999745e+02
2.806100000000000136e+02
2.810450000000000159e+02
2.843000000000000114e+02
2.848199999999999932e+02
2.856399999999999864e+02
2.898813999999999851e+02
2.925000000000000000e+02
2.933999999999999773e+02
2.936999999999999886e+02
2.937599999999999909e+02
2.939155999999999835e+02
2.951299999999999955e+02
2.964300000000000068e+02
2.989891000000000076e+02
2.994209000000000174e+02
3.013000000000000114e+02
3.025502000000000180e+02
3.035749999999999886e+02
3.043000000000000114e+02
3.068591999999999871e+02
3.077549999999999955e+02
3.115899999999999750e+02
3.240000000000000000e+02
3.398172999999999888e+02
3.403852999999999724e+02
3.431589000000000169e+02
3.432210000000000036e+02
3.451999999999999886e+02
3.474800000000000182e+02
3.486499999999999773e+02
3.511868000000000052e+02
3.541800000000000068e+02
3.597123000000000275e+02
3.614399999999999977e+02
3.643999999999999773e+02
3.655199999999999818e+02
3.683000000000000114e+02
3.696370000000000005e+02
3.696730000000000018e+02
3.735000000000000000e+02
3.793641000000000076e+02
3.812200000000000273e+02
3.816899999999999977e+02
3.846899999999999977e+02
3.865120999999999754e+02
3.868999999999999773e+02
3.889268000000000143e+02
4.080224000000000046e+02
4.098399999999999750e+02
4.122690000000000055e+02
4.123020000000000209e+02
4.225799999999999841e+02
4.260611999999999853e+02
4.273199999999999932e+02
4.302907000000000153e+02
4.309735000000000014e+02
4.328999999999999773e+02
4.341000000000000227e+02
4.341700000000000159e+02
4.343000000000000114e+02
4.380600000000000023e+02
4.478100000000000023e+02
4.494264999999999759e+02
4.562119999999999891e+02
4.562819999999999823e+02
4.706601999999999748e+02
4.723847999999999843e+02
4.731589999999999918e+02
4.751000000000000227e+02
4.798700000000000045e+02
4.909599999999999795e+02
4.918000000000000114e+02
4.971100000000000136e+02
4.995000000000000000e+02
5.080699999999999932e+02
5.093000000000000114e+02
5.125783999999999878e+02
5.145924999999999727e+02
5.202899999999999636e+02
5.210774999999999864e+02
5.271979000000000042e+02
5.347999999999999545e+02
5.399299999999999500e+02
5.553890000000000100e+02
5.600960000000000036e+02
5.656799999999999500e+02
5.720724999999999909e+02
5.744139999999999873e+02
5.819900000000000091e+02
5.861799999999999500e+02
5.974700000000000273e+02
6.060800000000000409e+02
6.129700000000000273e+02
6.136520000000000437e+02
6.477519999999999527e+02
6.478029999999999973e+02
6.499500000000000455e+02
6.578999999999999773e+02
6.602161999999999580e+02
6.625199999999999818e+02
6.811074999999999591e+02
6.993049999999999500e+02
7.035000000000000000e+02
7.038089999999999691e+02
7.382999999999999545e+02
7.382999999999999545e+02
7.504400000000000546e+02
7.552999999999999545e+02
7.600000000000000000e+02
7.638999999999999773e+02
7.638999999999999773e+02
7.752000000000000455e+02
7.840860000000000127e+02
7.842490000000000236e+02
7.967000000000000455e+02
8.010000000000000000e+02
8.052000000000000455e+02
8.072000000000000455e+02
8.102000000000000455e+02
8.330000000000000000e+02
8.390000000000000000e+02
8.533999999999999773e+02
8.546889999999999645e+02
8.582100000000000364e+02
8.655000000000000000e+02
8.672999999999999545e+02
8.757279999999999518e+02
8.763949999999999818e+02
8.865000000000000000e+02
8.910259999999999536e+02
8.936000000000000227e+02
9.659690000000000509e+02
9.830470000000000255e+02
1.010730000000000018e+03
1.014159999999999968e+03
1.030339999999999918e+03
1.053907999999999902e+03
1.107547000000000025e+03
1.155480000000000018e+03
1.171357999999999947e+03
1.200277000000000044e+03
1.216840999999999894e+03
1.237803000000000111e+03
1.269351000000000113e+03
1.282130000000000109e+03
1.433440000000000055e+03
1.600589999999999918e+03
2.255780000000000200e+03
