2.748829999999999814e+02
2.828399999999999750e+02
2.872950000000000159e+02
2.879409999999999741e+02
2.885620000000000118e+02
2.890649999999999977e+02
2.894510000000000218e+02
2.911499999999999773e+02
2.942570000000000050e+02
2.952620000000000005e+02
2.970000000000000000e+02
2.988629999999999995e+02
3.179390000000000214e+02
3.240649999999999977e+02
3.248199999999999932e+02
3.253129999999999882e+02
3.264409999999999741e+02
3.289700000000000273e+02
3.290299999999999727e+02
3.303299999999999841e+02
3.336220000000000141e+02
3.388419999999999845e+02
3.409259999999999877e+02
3.413109999999999786e+02
3.427930000000000064e+02
3.433600000000000136e+02
3.438460000000000036e+02
3.443650000000000091e+02
3.454889999999999759e+02
3.462230000000000132e+02
3.465120000000000005e+02
3.473009999999999877e+02
3.478620000000000232e+02
3.529730000000000132e+02
3.532409999999999854e+02
3.536739999999999782e+02
3.543199999999999932e+02
3.554619999999999891e+02
3.556899999999999977e+02
3.557540000000000191e+02
3.568269999999999982e+02
3.591340000000000146e+02
3.596909999999999741e+02
3.602149999999999750e+02
3.604230000000000018e+02
3.628639999999999759e+02
3.638090000000000259e+02
3.641299999999999955e+02
3.641970000000000027e+02
3.676639999999999873e+02
3.682269999999999754e+02
3.685480000000000018e+02
3.686259999999999764e+02
3.687789999999999964e+02
3.693779999999999859e+02
3.696419999999999959e+02
3.704329999999999927e+02
3.705070000000000050e+02
3.706309999999999718e+02
3.712200000000000273e+02
3.713990000000000009e+02
3.726449999999999818e+02
3.740980000000000132e+02
3.744110000000000014e+02
3.746460000000000150e+02
3.751150000000000091e+02
3.752980000000000018e+02
3.758419999999999845e+02
3.758919999999999959e+02
3.772130000000000223e+02
3.781789999999999736e+02
3.782239999999999895e+02
3.786460000000000150e+02
3.789289999999999736e+02
3.792500000000000000e+02
3.797289999999999850e+02
3.799710000000000036e+02
3.802160000000000082e+02
3.803430000000000177e+02
3.803550000000000182e+02
3.816370000000000005e+02
3.824180000000000064e+02
3.825169999999999959e+02
3.826279999999999859e+02
3.826929999999999836e+02
3.828500000000000227e+02
3.831639999999999873e+02
3.832660000000000196e+02
3.837060000000000173e+02
3.843279999999999745e+02
3.847710000000000150e+02
3.848720000000000141e+02
3.856120000000000232e+02
3.860980000000000132e+02
3.879039999999999964e+02
3.881209999999999809e+02
3.883700000000000045e+02
3.895649999999999977e+02
3.907200000000000273e+02
3.913269999999999982e+02
3.917479999999999905e+02
3.922529999999999859e+02
3.929159999999999968e+02
4.148299999999999841e+02
4.190869999999999891e+02
4.198620000000000232e+02
4.330799999999999841e+02
4.352719999999999914e+02
4.364870000000000232e+02
4.424250000000000114e+02
4.467710000000000150e+02
5.058140000000000214e+02
5.119669999999999845e+02
5.136960000000000264e+02
5.172050000000000409e+02
5.198999999999999773e+02
5.213980000000000246e+02
5.273419999999999845e+02
5.393529999999999518e+02
5.395739999999999554e+02
5.406119999999999663e+02
5.451140000000000327e+02
5.468990000000000009e+02
5.486100000000000136e+02
5.513750000000000000e+02
5.539470000000000027e+02
5.558339999999999463e+02
5.558630000000000564e+02
5.582759999999999536e+02
5.658110000000000355e+02
5.660599999999999454e+02
5.703819999999999482e+02
5.912350000000000136e+02
7.042789999999999964e+02
7.109809999999999945e+02
7.178200000000000500e+02
7.254500000000000455e+02
7.259210000000000491e+02
7.308949999999999818e+02
7.513329999999999700e+02
7.553200000000000500e+02
7.581860000000000355e+02
7.732060000000000173e+02
7.906069999999999709e+02
9.321860000000000355e+02
9.431720000000000255e+02
9.803869999999999436e+02
9.865090000000000146e+02
9.882000000000000455e+02
9.895090000000000146e+02
1.012898000000000025e+03
1.018937000000000012e+03
1.029526000000000067e+03
1.053058999999999969e+03
1.057343000000000075e+03
1.129623000000000047e+03
1.150345000000000027e+03
1.157851000000000113e+03
1.179632000000000062e+03
1.216238000000000056e+03
1.306470000000000027e+03
1.350204999999999927e+03
1.420080999999999904e+03
1.514023999999999887e+03
1.927913000000000011e+03
1.965858999999999924e+03
2.390936999999999898e+03
2.419922000000000025e+03
