3.497300000000000075e+00
4.026799999999999713e+00
2.271900000000000119e+01
2.449099999999999966e+01
2.486599999999999966e+01
2.486599999999999966e+01
2.487399999999999878e+01
2.891400000000000148e+01
2.892299999999999827e+01
2.892299999999999827e+01
3.124200000000000088e+01
3.124599999999999866e+01
3.716899999999999693e+01
3.717499999999999716e+01
3.717799999999999727e+01
3.840299999999999869e+01
3.841799999999999926e+01
3.862030000000000030e+01
4.195199999999999818e+01
4.197099999999999653e+01
4.507339999999999947e+01
4.594599999999999795e+01
4.595199999999999818e+01
4.595199999999999818e+01
4.596300000000000097e+01
5.115220000000000056e+01
5.352879999999999683e+01
5.380799999999999983e+01
5.381490000000000151e+01
5.383120000000000260e+01
5.742810000000000059e+01
5.950220000000000198e+01
5.950220000000000198e+01
6.870529999999999404e+01
6.873449999999999704e+01
8.580920000000000414e+01
8.585590000000000543e+01
9.036239999999999384e+01
9.039619999999999322e+01
9.041419999999999391e+01
9.044799999999999329e+01
9.770300000000000296e+01
1.009860000000000042e+02
1.010079999999999956e+02
1.010370000000000061e+02
1.036337000000000046e+02
1.037018000000000058e+02
1.157909999999999968e+02
1.158019000000000034e+02
1.158034999999999997e+02
1.174929999999999950e+02
1.175259999999999962e+02
1.175589999999999975e+02
1.175709999999999980e+02
1.175990000000000038e+02
1.176370000000000005e+02
1.188991999999999933e+02
1.189446999999999974e+02
1.189630999999999972e+02
1.193008999999999986e+02
1.193031000000000006e+02
1.193239999999999981e+02
1.193264000000000067e+02
1.193392999999999944e+02
1.193649000000000058e+02
1.193679000000000059e+02
1.194064000000000050e+02
1.194488000000000056e+02
1.261551999999999936e+02
1.277245000000000061e+02
1.277282000000000011e+02
1.277513000000000005e+02
1.277549999999999955e+02
1.280332999999999970e+02
1.311363000000000056e+02
1.323951000000000136e+02
1.329577999999999918e+02
1.329600000000000080e+02
1.334532000000000096e+02
1.335707999999999913e+02
1.354287999999999954e+02
1.355840000000000032e+02
1.364164000000000101e+02
1.459031999999999982e+02
1.463335999999999899e+02
1.467401999999999873e+02
1.481764000000000010e+02
1.548201999999999998e+02
1.550774000000000115e+02
1.560310000000000059e+02
1.560682999999999936e+02
1.560707999999999913e+02
1.561340999999999894e+02
1.561437999999999988e+02
1.656265999999999963e+02
1.656928000000000054e+02
1.657007999999999868e+02
1.657379999999999995e+02
1.657906999999999869e+02
1.658121999999999900e+02
1.751822999999999979e+02
1.930904999999999916e+02
2.163619999999999948e+02
2.271610000000000014e+02
2.277949999999999875e+02
2.278619999999999948e+02
2.297580000000000098e+02
2.479310000000000116e+02
2.509879999999999995e+02
2.512820000000000107e+02
2.525169999999999959e+02
2.530740000000000123e+02
2.575600000000000023e+02
2.698550000000000182e+02
2.725659999999999741e+02
2.726109999999999900e+02
2.726709999999999923e+02
2.742090000000000032e+02
2.747300000000000182e+02
2.837540000000000191e+02
2.838430000000000177e+02
2.982980000000000018e+02
2.993489999999999895e+02
3.877289999999999850e+02
3.877509999999999764e+02
3.877760000000000105e+02
3.920090000000000146e+02
3.921800000000000068e+02
4.057210000000000036e+02
4.069089999999999918e+02
4.070059999999999718e+02
4.070059999999999718e+02
4.071410000000000196e+02
4.075670000000000073e+02
4.076999999999999886e+02
4.164030000000000200e+02
4.188079999999999927e+02
4.268199999999999932e+02
4.268460000000000036e+02
4.268460000000000036e+02
4.326779999999999973e+02
4.648720000000000141e+02
4.651549999999999727e+02
4.652769999999999868e+02
4.659599999999999795e+02
4.667169999999999845e+02
4.773079999999999927e+02
4.933430000000000177e+02
4.945260000000000105e+02
4.945939999999999941e+02
5.053580000000000041e+02
5.134370000000000118e+02
5.134710000000000036e+02
5.144919999999999618e+02
5.146589999999999918e+02
5.152519999999999527e+02
5.381839999999999691e+02
5.649640000000000555e+02
5.664039999999999964e+02
5.697500000000000000e+02
5.802939999999999827e+02
5.813590000000000373e+02
5.828039999999999736e+02
5.891399999999999864e+02
5.893220000000000027e+02
6.002789999999999964e+02
6.007690000000000055e+02
6.008840000000000146e+02
6.012340000000000373e+02
6.014890000000000327e+02
6.016509999999999536e+02
6.579869999999999663e+02
6.584700000000000273e+02
6.589429999999999836e+02
6.746240000000000236e+02
6.785769999999999982e+02
7.039189999999999827e+02
7.115140000000000100e+02
7.117150000000000318e+02
7.117590000000000146e+02
7.118949999999999818e+02
7.121860000000000355e+02
7.233310000000000173e+02
7.238410000000000082e+02
7.614750000000000227e+02
7.728300000000000409e+02
7.863049999999999500e+02
8.060839999999999463e+02
8.198730000000000473e+02
8.335280000000000200e+02
8.337440000000000282e+02
8.502659999999999627e+02
9.063920000000000528e+02
9.064959999999999809e+02
9.080769999999999982e+02
9.091000000000000227e+02
9.097329999999999472e+02
9.114299999999999500e+02
9.408310000000000173e+02
9.605660000000000309e+02
9.623440000000000509e+02
9.661090000000000373e+02
1.068601000000000113e+03
1.069417999999999893e+03
1.162247000000000071e+03
1.163201000000000022e+03
1.166203999999999951e+03
1.166287000000000035e+03
1.167281999999999925e+03
1.175144000000000005e+03
1.175653999999999996e+03
1.175798000000000002e+03
1.178076000000000022e+03
1.189616999999999962e+03
1.189901000000000067e+03
1.261755000000000109e+03
1.350596000000000004e+03
1.440358999999999924e+03
1.440719000000000051e+03
1.442405999999999949e+03
1.443297000000000025e+03
1.444618999999999915e+03
1.656417999999999893e+03
1.689499000000000024e+03
1.734329999999999927e+03
1.745336999999999989e+03
1.814474999999999909e+03
1.972737000000000080e+03
