4.270100000000000051e+01
4.378799999999999670e+01
4.478499999999999659e+01
4.809000000000000341e+01
4.894899999999999807e+01
4.929999999999999716e+01
4.951299999999999812e+01
4.981400000000000006e+01
4.985300000000000153e+01
5.040899999999999892e+01
5.042000000000000171e+01
5.045000000000000284e+01
5.063100000000000023e+01
5.080100000000000193e+01
5.089500000000000313e+01
5.095499999999999829e+01
5.098100000000000165e+01
5.114000000000000057e+01
5.129999999999999716e+01
5.145000000000000284e+01
5.194200000000000017e+01
5.209700000000000131e+01
5.244100000000000250e+01
5.244700000000000273e+01
5.247699999999999676e+01
5.250999999999999801e+01
5.251899999999999835e+01
5.270700000000000074e+01
5.307900000000000063e+01
5.310900000000000176e+01
5.315100000000000335e+01
5.342900000000000205e+01
5.367699999999999960e+01
5.372399999999999665e+01
5.409000000000000341e+01
5.417399999999999949e+01
5.425999999999999801e+01
5.465500000000000114e+01
5.480100000000000193e+01
5.483299999999999841e+01
5.489000000000000057e+01
5.512700000000000244e+01
5.528999999999999915e+01
5.530599999999999739e+01
5.540500000000000114e+01
5.602600000000000335e+01
5.641599999999999682e+01
5.670100000000000051e+01
6.773900000000000432e+01
6.845799999999999841e+01
7.206999999999999318e+01
1.062229999999999990e+02
1.118160000000000025e+02
1.125999999999999943e+02
1.134080000000000013e+02
1.139039999999999964e+02
1.154639999999999986e+02
1.155729999999999933e+02
1.164650000000000034e+02
1.165780000000000030e+02
1.167300000000000040e+02
1.179729999999999990e+02
1.183070000000000022e+02
1.183400000000000034e+02
1.194129999999999967e+02
1.195630000000000024e+02
1.196470000000000056e+02
1.198930000000000007e+02
1.215379999999999967e+02
1.223520000000000039e+02
1.246059999999999945e+02
1.246560000000000059e+02
1.249939999999999998e+02
1.255999999999999943e+02
1.266470000000000056e+02
1.274410000000000025e+02
1.285629999999999882e+02
1.287580000000000098e+02
1.296430000000000007e+02
1.299459999999999980e+02
1.304360000000000070e+02
1.306069999999999993e+02
1.316889999999999930e+02
1.321850000000000023e+02
1.325550000000000068e+02
1.326500000000000057e+02
1.340970000000000084e+02
1.346150000000000091e+02
1.354780000000000086e+02
1.358110000000000070e+02
1.362549999999999955e+02
1.370480000000000018e+02
1.370910000000000082e+02
1.380980000000000132e+02
1.383600000000000136e+02
1.392100000000000080e+02
1.396779999999999973e+02
1.397649999999999864e+02
1.403679999999999950e+02
1.406579999999999870e+02
1.416279999999999859e+02
1.418890000000000100e+02
1.420289999999999964e+02
1.420540000000000020e+02
1.429830000000000041e+02
1.432860000000000014e+02
1.446080000000000041e+02
1.447539999999999907e+02
1.447549999999999955e+02
1.452630000000000052e+02
1.455740000000000123e+02
1.465970000000000084e+02
1.466140000000000043e+02
1.466670000000000016e+02
1.471970000000000027e+02
1.482949999999999875e+02
1.491790000000000020e+02
1.491810000000000116e+02
1.511009999999999991e+02
1.511649999999999920e+02
1.513129999999999882e+02
1.514259999999999877e+02
1.523549999999999898e+02
1.528400000000000034e+02
1.529300000000000068e+02
1.532100000000000080e+02
1.545169999999999959e+02
1.547570000000000050e+02
1.550070000000000050e+02
1.550449999999999875e+02
1.550889999999999986e+02
1.552179999999999893e+02
1.556479999999999961e+02
1.560660000000000025e+02
1.566030000000000086e+02
1.568979999999999961e+02
1.570200000000000102e+02
1.571579999999999870e+02
1.582390000000000043e+02
1.598729999999999905e+02
1.600420000000000016e+02
1.601589999999999918e+02
1.604869999999999948e+02
1.606639999999999873e+02
1.607280000000000086e+02
1.608909999999999911e+02
1.609610000000000127e+02
1.612510000000000048e+02
1.622870000000000061e+02
1.625269999999999868e+02
1.628540000000000134e+02
1.651870000000000118e+02
1.655629999999999882e+02
1.668600000000000136e+02
1.678149999999999977e+02
1.699699999999999989e+02
1.702470000000000141e+02
1.707160000000000082e+02
1.721930000000000121e+02
1.722949999999999875e+02
1.724410000000000025e+02
1.725660000000000025e+02
1.739000000000000057e+02
1.745689999999999884e+02
1.747669999999999959e+02
1.748149999999999977e+02
1.768820000000000050e+02
1.773060000000000116e+02
1.785840000000000032e+02
1.789190000000000111e+02
1.793400000000000034e+02
1.796100000000000136e+02
1.800569999999999879e+02
1.823410000000000082e+02
1.827700000000000102e+02
1.844660000000000082e+02
1.851129999999999995e+02
1.851370000000000005e+02
1.855850000000000080e+02
1.856670000000000016e+02
1.874079999999999870e+02
1.886490000000000009e+02
1.903480000000000132e+02
1.909979999999999905e+02
1.910569999999999879e+02
1.922230000000000132e+02
1.939590000000000032e+02
1.943540000000000134e+02
1.965540000000000020e+02
1.986889999999999930e+02
1.988810000000000002e+02
1.995430000000000064e+02
2.001250000000000000e+02
2.004720000000000084e+02
2.008139999999999930e+02
2.016769999999999925e+02
2.033100000000000023e+02
2.036879999999999882e+02
2.040490000000000066e+02
2.046270000000000095e+02
2.061910000000000025e+02
2.088569999999999993e+02
2.096670000000000016e+02
2.098120000000000118e+02
2.101140000000000043e+02
2.112270000000000039e+02
2.145089999999999861e+02
2.155740000000000123e+02
2.188470000000000084e+02
2.188810000000000002e+02
2.195250000000000057e+02
2.219120000000000061e+02
2.225120000000000005e+02
2.265720000000000027e+02
2.288728199999999902e+02
2.313480000000000132e+02
2.321779999999999973e+02
2.377549999999999955e+02
2.418969999999999914e+02
2.419420000000000073e+02
2.427100000000000080e+02
2.470480000000000018e+02
2.488679999999999950e+02
2.491750000000000114e+02
2.496330000000000098e+02
2.500560000000000116e+02
2.509663400000000024e+02
2.509869999999999948e+02
2.516980000000000075e+02
2.519345999999999890e+02
2.525955899999999872e+02
2.545377000000000010e+02
2.552750000000000057e+02
2.554230799999999988e+02
2.566558400000000120e+02
2.573700000000000045e+02
2.580878599999999778e+02
2.585643999999999778e+02
2.592801000000000045e+02
2.602825300000000084e+02
2.619590000000000032e+02
2.629762600000000248e+02
2.631340000000000146e+02
2.632974899999999820e+02
2.640206099999999765e+02
2.660020000000000095e+02
2.661116799999999785e+02
2.668990000000000009e+02
2.673410000000000082e+02
2.678335299999999961e+02
2.678544099999999730e+02
2.707799999999999727e+02
2.713308900000000108e+02
2.734629100000000221e+02
2.749350000000000023e+02
2.764710000000000036e+02
2.765047099999999887e+02
2.767810000000000059e+02
2.775777699999999868e+02
2.806419999999999959e+02
2.824019999999999868e+02
2.837734199999999873e+02
2.857300000000000182e+02
2.869021900000000187e+02
2.881612099999999828e+02
2.882069700000000125e+02
2.915520000000000209e+02
2.928729999999999905e+02
2.930129999999999768e+02
2.981490200000000073e+02
2.982232500000000073e+02
2.982723899999999730e+02
3.031480000000000246e+02
3.036600000000000250e+02
3.081717199999999934e+02
3.082370000000000232e+02
3.083488699999999767e+02
3.093240000000000123e+02
3.134074600000000146e+02
3.147699999999999818e+02
3.251270000000000095e+02
3.253462200000000166e+02
3.261995099999999752e+02
3.344169999999999732e+02
3.386460000000000150e+02
3.389850000000000136e+02
3.404628700000000094e+02
3.418469999999999800e+02
3.443410000000000082e+02
3.465419999999999732e+02
3.467192299999999818e+02
3.468647700000000214e+02
3.484080000000000155e+02
3.496440000000000055e+02
3.500953099999999836e+02
3.525120000000000005e+02
3.536700000000000159e+02
3.611537500000000023e+02
3.613903300000000058e+02
3.615483699999999772e+02
3.650598299999999767e+02
3.983051899999999819e+02
4.030260000000000105e+02
4.135939999999999941e+02
4.141466500000000224e+02
4.142660000000000196e+02
4.286290000000000191e+02
4.307883199999999988e+02
4.413650000000000091e+02
4.414228800000000206e+02
4.416870000000000118e+02
4.441700000000000159e+02
4.663657200000000103e+02
4.679458700000000135e+02
4.746019999999999754e+02
4.801254000000000133e+02
4.883079999999999927e+02
5.026899999999999977e+02
5.087239299999999957e+02
5.156096400000000131e+02
5.269479999999999791e+02
5.273070000000000164e+02
5.338959999999999582e+02
5.379629999999999654e+02
5.383390000000000555e+02
5.844919999999999618e+02
5.881849999999999454e+02
6.100830499999999574e+02
6.113187000000000353e+02
6.326915099999999939e+02
6.331763600000000451e+02
6.356480000000000246e+02
6.361739999999999782e+02
6.440249000000000024e+02
6.466730000000000018e+02
6.569460000000000264e+02
6.727640000000000100e+02
6.761059999999999945e+02
6.779986499999999978e+02
7.238999999999999773e+02
7.286390000000000100e+02
7.347694099999999935e+02
8.069210000000000491e+02
8.202563300000000481e+02
9.295000000000000000e+02
9.295000000000000000e+02
9.295000000000000000e+02
1.165799999999999955e+03
1.449500000000000000e+03
1.571599999999999909e+03
1.913000000000000000e+03
2.438500000000000000e+03
2.546199999999999818e+03
