3.656600000000000250e+01
3.993599999999999994e+01
4.042099999999999937e+01
4.431099999999999994e+01
4.475800000000000267e+01
4.829599999999999937e+01
5.521300000000000097e+01
5.589200000000000301e+01
5.715899999999999892e+01
7.417900000000000205e+01
7.545999999999999375e+01
7.557500000000000284e+01
8.402400000000000091e+01
8.441100000000000136e+01
8.450199999999999534e+01
8.478799999999999670e+01
8.511799999999999500e+01
8.526300000000000523e+01
8.534699999999999420e+01
8.537800000000000011e+01
8.551600000000000534e+01
8.582999999999999829e+01
8.601500000000000057e+01
8.622499999999999432e+01
8.687399999999999523e+01
8.695099999999999341e+01
8.698399999999999466e+01
8.711499999999999488e+01
8.712699999999999534e+01
8.806799999999999784e+01
8.817499999999999716e+01
8.840399999999999636e+01
8.852200000000000557e+01
8.883899999999999864e+01
8.927500000000000568e+01
8.993200000000000216e+01
9.127700000000000102e+01
9.370399999999999352e+01
9.751999999999999602e+01
9.992600000000000193e+01
1.009309999999999974e+02
1.022120000000000033e+02
1.025250000000000057e+02
1.025289999999999964e+02
1.026280000000000001e+02
1.029369999999999976e+02
1.034549999999999983e+02
1.041140000000000043e+02
1.042740000000000009e+02
1.051610000000000014e+02
1.057399999999999949e+02
1.057660000000000053e+02
1.057669999999999959e+02
1.058460000000000036e+02
1.059639999999999986e+02
1.062990000000000066e+02
1.063259999999999934e+02
1.063509999999999991e+02
1.067759999999999962e+02
1.068689999999999998e+02
1.070540000000000020e+02
1.072789999999999964e+02
1.073689999999999998e+02
1.079350000000000023e+02
1.080819999999999936e+02
1.088700000000000045e+02
1.090030000000000001e+02
1.092480000000000047e+02
1.099249999999999972e+02
1.100709999999999980e+02
1.107090000000000032e+02
1.111189999999999998e+02
1.116299999999999955e+02
1.125580000000000069e+02
1.129729999999999990e+02
1.132740000000000009e+02
1.142549999999999955e+02
1.192409999999999997e+02
1.201869999999999976e+02
1.204050000000000011e+02
1.289410000000000025e+02
1.332160000000000082e+02
1.372719999999999914e+02
1.572620000000000005e+02
1.577599999999999909e+02
1.641579999999999870e+02
1.719430000000000121e+02
1.775300000000000011e+02
1.779029999999999916e+02
1.796889999999999930e+02
1.836659999999999968e+02
1.836990000000000123e+02
1.862319999999999993e+02
1.914749999999999943e+02
1.937210000000000036e+02
1.950360000000000014e+02
1.990540000000000020e+02
2.001069999999999993e+02
2.003760000000000048e+02
2.010589999999999975e+02
2.033990000000000009e+02
2.058309999999999889e+02
2.078530000000000086e+02
2.083979999999999961e+02
2.090620000000000118e+02
2.109739999999999895e+02
2.123220000000000027e+02
2.137620000000000005e+02
2.152119999999999891e+02
2.167560000000000002e+02
2.170159999999999911e+02
2.181320000000000050e+02
2.184389999999999930e+02
2.203839999999999861e+02
2.218799999999999955e+02
2.222700000000000102e+02
2.225769999999999982e+02
2.228530000000000086e+02
2.228739999999999952e+02
2.242990000000000066e+02
2.249950000000000045e+02
2.265550000000000068e+02
2.268899999999999864e+02
2.288530000000000086e+02
2.299410000000000025e+02
2.301359999999999957e+02
2.302800000000000011e+02
2.318050000000000068e+02
2.319350000000000023e+02
2.325020000000000095e+02
2.338379999999999939e+02
2.350819999999999936e+02
2.363259999999999934e+02
2.368489999999999895e+02
2.373060000000000116e+02
2.377800000000000011e+02
2.378209999999999980e+02
2.380850000000000080e+02
2.383009999999999877e+02
2.385790000000000077e+02
2.395769999999999982e+02
2.406879999999999882e+02
2.408810000000000002e+02
2.410989999999999895e+02
2.416330000000000098e+02
2.417740000000000009e+02
2.423760000000000048e+02
2.429379999999999882e+02
2.430980000000000132e+02
2.432189999999999941e+02
2.434240000000000066e+02
2.440540000000000020e+02
2.442290000000000134e+02
2.445519999999999925e+02
2.446239999999999952e+02
2.455060000000000002e+02
2.463720000000000141e+02
2.470699999999999932e+02
2.472410000000000139e+02
2.478000000000000114e+02
2.480190000000000055e+02
2.480260000000000105e+02
2.484569999999999936e+02
2.498249999999999886e+02
2.504310000000000116e+02
2.505180000000000007e+02
2.519269999999999925e+02
2.532750000000000057e+02
2.540029999999999859e+02
2.549439999999999884e+02
2.558259999999999934e+02
2.578439999999999941e+02
2.579069999999999823e+02
2.585480000000000018e+02
2.604370000000000118e+02
2.608740000000000236e+02
2.616569999999999823e+02
2.650169999999999959e+02
2.651800000000000068e+02
2.663600000000000136e+02
2.696870000000000118e+02
2.707679999999999723e+02
2.720110000000000241e+02
2.724189999999999827e+02
2.730849999999999795e+02
2.742769999999999868e+02
2.744519999999999982e+02
2.749710000000000036e+02
2.751700000000000159e+02
2.755679999999999836e+02
2.762239999999999895e+02
2.769100000000000250e+02
2.785090000000000146e+02
2.786170000000000186e+02
2.791349999999999909e+02
2.792239999999999895e+02
2.831730000000000018e+02
2.834139999999999873e+02
2.850240000000000009e+02
2.862230000000000132e+02
2.874979999999999905e+02
2.907900000000000205e+02
2.909270000000000209e+02
2.919519999999999982e+02
2.924669999999999845e+02
2.926120000000000232e+02
2.932400000000000091e+02
2.949390000000000214e+02
2.956800000000000068e+02
2.965670000000000073e+02
2.973450000000000273e+02
2.974590000000000032e+02
2.977780000000000200e+02
2.978330000000000268e+02
2.981279999999999859e+02
2.991739999999999782e+02
2.995289999999999964e+02
2.996510000000000105e+02
3.009669999999999845e+02
3.018079999999999927e+02
3.023629999999999995e+02
3.032459999999999809e+02
3.038609999999999900e+02
3.052869999999999777e+02
3.056129999999999995e+02
3.056480000000000246e+02
3.057450000000000045e+02
3.057669999999999959e+02
3.058120000000000118e+02
3.058469999999999800e+02
3.063899999999999864e+02
3.084569999999999936e+02
3.085339999999999918e+02
3.086000000000000227e+02
3.091270000000000095e+02
3.104279999999999973e+02
3.107880000000000109e+02
3.108369999999999891e+02
3.111179999999999950e+02
3.111429999999999723e+02
3.112069999999999936e+02
3.122470000000000141e+02
3.128439999999999941e+02
3.131240000000000236e+02
3.131779999999999973e+02
3.142200000000000273e+02
3.144870000000000232e+02
3.145509999999999877e+02
3.146190000000000282e+02
3.147320000000000277e+02
3.147970000000000255e+02
3.165070000000000050e+02
3.170099999999999909e+02
3.172529999999999859e+02
3.184440000000000168e+02
3.187049999999999841e+02
3.191259999999999764e+02
3.195749999999999886e+02
3.200199999999999818e+02
3.202640000000000100e+02
3.219309999999999832e+02
3.219870000000000232e+02
3.222099999999999795e+02
3.226600000000000250e+02
3.228039999999999736e+02
3.229499999999999886e+02
3.230289999999999964e+02
3.232169999999999845e+02
3.235090000000000146e+02
3.235129999999999768e+02
3.235819999999999936e+02
3.237669999999999959e+02
3.244309999999999832e+02
3.247610000000000241e+02
3.261920000000000073e+02
3.264820000000000277e+02
3.268700000000000045e+02
3.268879999999999768e+02
3.273190000000000168e+02
3.275799999999999841e+02
3.280790000000000077e+02
3.286170000000000186e+02
3.296229999999999905e+02
3.297830000000000155e+02
3.301100000000000136e+02
3.305790000000000077e+02
3.313170000000000073e+02
3.315670000000000073e+02
3.318750000000000000e+02
3.335419999999999732e+02
3.342830000000000155e+02
3.344820000000000277e+02
3.345720000000000027e+02
3.354250000000000114e+02
3.355980000000000132e+02
3.358179999999999836e+02
3.361510000000000105e+02
3.367520000000000095e+02
3.372149999999999750e+02
3.374429999999999836e+02
3.374700000000000273e+02
3.378100000000000023e+02
3.384649999999999750e+02
3.396739999999999782e+02
3.399889999999999759e+02
3.405889999999999986e+02
3.406960000000000264e+02
3.418430000000000177e+02
3.423690000000000282e+02
3.427189999999999941e+02
3.428340000000000032e+02
3.442200000000000273e+02
3.444619999999999891e+02
3.455380000000000109e+02
3.460380000000000109e+02
3.471909999999999741e+02
3.477839999999999918e+02
3.483349999999999795e+02
3.486050000000000182e+02
3.498809999999999718e+02
3.505640000000000214e+02
3.508940000000000055e+02
3.515419999999999732e+02
3.518389999999999986e+02
3.521530000000000200e+02
3.522889999999999873e+02
3.527690000000000055e+02
3.535059999999999718e+02
3.540090000000000146e+02
3.545079999999999814e+02
3.546610000000000014e+02
3.547200000000000273e+02
3.553740000000000236e+02
3.556019999999999754e+02
3.561820000000000164e+02
3.577250000000000227e+02
3.578469999999999800e+02
3.591619999999999777e+02
3.608659999999999854e+02
3.610720000000000027e+02
3.614730000000000132e+02
3.623179999999999836e+02
3.624769999999999754e+02
3.624870000000000232e+02
3.632230000000000132e+02
3.648009999999999877e+02
3.648790000000000191e+02
3.648990000000000009e+02
3.654150000000000205e+02
3.654710000000000036e+02
3.656009999999999991e+02
3.656890000000000214e+02
3.660269999999999868e+02
3.661009999999999991e+02
3.661680000000000064e+02
3.669019999999999868e+02
3.673229999999999791e+02
3.673840000000000146e+02
3.680470000000000255e+02
3.695960000000000036e+02
3.706030000000000086e+02
3.710350000000000250e+02
3.710989999999999895e+02
3.717429999999999950e+02
3.719250000000000114e+02
3.719440000000000168e+02
3.720860000000000127e+02
3.726739999999999782e+02
3.729080000000000155e+02
3.729479999999999791e+02
3.749130000000000109e+02
3.752520000000000095e+02
3.756499999999999773e+02
3.764049999999999727e+02
3.765190000000000055e+02
3.766109999999999900e+02
3.769830000000000041e+02
3.771829999999999927e+02
3.772669999999999959e+02
3.777679999999999723e+02
3.782690000000000055e+02
3.783589999999999804e+02
3.784649999999999750e+02
3.785360000000000014e+02
3.787710000000000150e+02
3.789830000000000041e+02
3.793399999999999750e+02
3.802599999999999909e+02
3.804169999999999732e+02
3.809189999999999827e+02
3.810289999999999964e+02
3.813279999999999745e+02
3.816929999999999836e+02
3.818539999999999850e+02
3.820099999999999909e+02
3.824990000000000236e+02
3.831639999999999873e+02
3.832169999999999845e+02
3.835640000000000214e+02
3.837189999999999941e+02
3.839630000000000223e+02
3.844850000000000136e+02
3.847610000000000241e+02
3.849189999999999827e+02
3.849680000000000177e+02
3.854239999999999782e+02
3.855269999999999868e+02
3.855400000000000205e+02
3.856379999999999768e+02
3.858109999999999786e+02
3.858729999999999905e+02
3.863559999999999945e+02
3.869230000000000018e+02
3.875779999999999745e+02
3.878070000000000164e+02
3.879460000000000264e+02
3.883550000000000182e+02
3.891080000000000041e+02
3.891850000000000023e+02
3.892080000000000268e+02
3.896209999999999809e+02
3.897900000000000205e+02
3.899370000000000118e+02
3.900040000000000191e+02
3.904449999999999932e+02
3.905450000000000159e+02
3.908029999999999973e+02
3.908399999999999750e+02
3.909519999999999982e+02
3.909649999999999750e+02
3.910419999999999732e+02
3.913299999999999841e+02
3.913550000000000182e+02
3.916630000000000109e+02
3.917250000000000227e+02
3.918750000000000000e+02
3.919390000000000214e+02
3.920919999999999845e+02
3.922839999999999918e+02
3.924220000000000255e+02
3.925749999999999886e+02
3.932200000000000273e+02
3.932479999999999905e+02
3.932939999999999827e+02
3.934839999999999804e+02
3.937909999999999968e+02
3.939200000000000159e+02
3.941460000000000150e+02
3.942090000000000032e+02
3.943269999999999982e+02
3.943870000000000005e+02
3.945009999999999764e+02
3.949089999999999918e+02
3.953659999999999854e+02
3.954780000000000086e+02
3.956480000000000246e+02
3.957180000000000177e+02
3.957400000000000091e+02
3.958220000000000027e+02
3.959390000000000214e+02
3.959990000000000236e+02
3.962029999999999745e+02
3.965620000000000118e+02
3.968170000000000073e+02
3.972799999999999727e+02
3.973190000000000168e+02
3.976190000000000282e+02
3.979780000000000086e+02
3.982010000000000218e+02
3.984019999999999868e+02
3.984420000000000073e+02
3.985810000000000173e+02
3.990570000000000164e+02
3.993519999999999754e+02
3.994039999999999964e+02
3.994950000000000045e+02
4.000369999999999777e+02
4.002690000000000055e+02
4.004900000000000091e+02
4.006770000000000209e+02
4.008720000000000141e+02
4.013519999999999754e+02
4.016030000000000086e+02
4.017019999999999982e+02
4.020179999999999723e+02
4.023410000000000082e+02
4.025629999999999882e+02
4.026290000000000191e+02
4.029549999999999841e+02
4.031480000000000246e+02
4.032479999999999905e+02
4.038809999999999718e+02
4.041899999999999977e+02
4.043720000000000141e+02
4.046349999999999909e+02
4.047479999999999905e+02
4.052570000000000050e+02
4.053129999999999882e+02
4.054649999999999750e+02
4.056139999999999759e+02
4.063369999999999891e+02
4.064089999999999918e+02
4.068430000000000177e+02
4.069990000000000236e+02
4.072959999999999923e+02
4.074069999999999823e+02
4.074630000000000223e+02
4.074889999999999759e+02
4.076859999999999786e+02
4.076999999999999886e+02
4.077389999999999759e+02
4.078620000000000232e+02
4.079470000000000027e+02
4.079669999999999845e+02
4.081589999999999918e+02
4.082370000000000232e+02
4.084379999999999882e+02
4.086379999999999768e+02
4.088509999999999991e+02
4.090000000000000000e+02
4.102930000000000064e+02
4.106159999999999854e+02
4.108580000000000041e+02
4.111539999999999964e+02
4.112549999999999955e+02
4.116530000000000200e+02
4.118170000000000073e+02
4.118450000000000273e+02
4.118750000000000000e+02
4.119300000000000068e+02
4.120179999999999723e+02
4.120950000000000273e+02
4.121039999999999850e+02
4.121990000000000123e+02
4.124399999999999977e+02
4.124649999999999750e+02
4.125029999999999859e+02
4.125950000000000273e+02
4.128530000000000086e+02
4.128899999999999864e+02
4.129230000000000018e+02
4.131879999999999882e+02
4.132269999999999754e+02
4.134970000000000141e+02
4.136610000000000014e+02
4.138639999999999759e+02
4.138820000000000050e+02
4.139270000000000209e+02
4.139519999999999982e+02
4.143570000000000277e+02
4.145659999999999741e+02
4.146170000000000186e+02
4.147400000000000091e+02
4.150070000000000050e+02
4.150960000000000036e+02
4.151109999999999900e+02
4.152080000000000268e+02
4.153140000000000214e+02
4.154300000000000068e+02
4.160199999999999818e+02
4.164689999999999941e+02
4.166779999999999973e+02
4.168050000000000068e+02
4.168969999999999914e+02
4.170600000000000023e+02
4.170950000000000273e+02
4.171059999999999945e+02
4.177880000000000109e+02
4.182259999999999991e+02
4.186510000000000105e+02
4.187780000000000200e+02
4.188500000000000227e+02
4.192880000000000109e+02
4.194270000000000209e+02
4.194460000000000264e+02
4.195049999999999955e+02
4.196009999999999991e+02
4.197520000000000095e+02
4.199180000000000064e+02
4.199850000000000136e+02
4.199900000000000091e+02
4.202420000000000186e+02
4.204119999999999777e+02
4.210600000000000023e+02
4.214449999999999932e+02
4.215230000000000246e+02
4.218319999999999936e+02
4.218779999999999859e+02
4.223790000000000191e+02
4.228940000000000055e+02
4.232930000000000064e+02
4.235400000000000205e+02
4.237210000000000036e+02
4.241109999999999900e+02
4.243910000000000196e+02
4.247090000000000032e+02
4.247180000000000177e+02
4.247919999999999732e+02
4.249879999999999995e+02
4.254569999999999936e+02
4.256990000000000123e+02
4.264630000000000223e+02
4.271390000000000100e+02
4.271920000000000073e+02
4.280059999999999718e+02
4.285980000000000132e+02
4.286580000000000155e+02
4.289870000000000232e+02
4.290649999999999977e+02
4.291150000000000091e+02
4.297280000000000086e+02
4.297880000000000109e+02
4.297989999999999782e+02
4.300570000000000164e+02
4.301539999999999964e+02
4.305919999999999845e+02
4.306349999999999909e+02
4.307930000000000064e+02
4.310950000000000273e+02
4.321940000000000168e+02
4.331669999999999732e+02
4.333929999999999723e+02
4.337450000000000045e+02
4.338990000000000009e+02
4.340529999999999973e+02
4.347570000000000050e+02
4.351009999999999991e+02
4.353929999999999723e+02
4.365889999999999986e+02
4.375049999999999955e+02
4.377149999999999750e+02
4.383399999999999750e+02
4.388070000000000164e+02
4.389239999999999782e+02
4.391200000000000045e+02
4.392889999999999873e+02
4.400029999999999859e+02
4.400439999999999827e+02
4.411879999999999882e+02
4.411999999999999886e+02
4.418140000000000214e+02
4.420020000000000095e+02
4.424920000000000186e+02
4.428310000000000173e+02
4.429159999999999968e+02
4.429680000000000177e+02
4.430509999999999877e+02
4.445640000000000214e+02
4.445950000000000273e+02
4.449569999999999936e+02
4.450590000000000259e+02
4.451979999999999791e+02
4.461460000000000150e+02
4.462389999999999759e+02
4.464660000000000082e+02
4.468790000000000191e+02
4.472490000000000236e+02
4.473980000000000246e+02
4.480620000000000118e+02
4.485160000000000196e+02
4.486530000000000200e+02
4.488170000000000073e+02
4.499110000000000014e+02
4.507669999999999959e+02
4.517130000000000223e+02
4.520860000000000127e+02
4.523190000000000168e+02
4.524350000000000023e+02
4.528620000000000232e+02
4.529739999999999895e+02
4.533759999999999764e+02
4.536999999999999886e+02
4.540339999999999918e+02
4.541019999999999754e+02
4.546229999999999905e+02
4.552579999999999814e+02
4.561560000000000059e+02
4.562239999999999895e+02
4.563639999999999759e+02
4.567119999999999891e+02
4.573559999999999945e+02
4.578179999999999836e+02
4.583779999999999859e+02
4.592409999999999854e+02
4.595219999999999914e+02
4.607690000000000055e+02
4.626200000000000045e+02
4.628899999999999864e+02
4.629460000000000264e+02
4.633620000000000232e+02
4.651809999999999832e+02
4.655590000000000259e+02
4.670810000000000173e+02
4.681440000000000055e+02
4.685919999999999845e+02
4.715319999999999823e+02
4.716129999999999995e+02
4.726410000000000196e+02
4.734839999999999804e+02
4.738609999999999900e+02
4.740860000000000127e+02
4.748500000000000227e+02
4.759169999999999732e+02
4.767400000000000091e+02
4.770099999999999909e+02
4.775269999999999868e+02
4.823899999999999864e+02
4.849119999999999777e+02
4.883820000000000050e+02
4.944820000000000277e+02
4.972889999999999873e+02
4.977839999999999918e+02
4.996019999999999754e+02
5.010500000000000114e+02
5.013170000000000073e+02
5.024270000000000209e+02
5.039180000000000064e+02
5.042259999999999991e+02
5.045430000000000064e+02
5.073190000000000168e+02
5.076759999999999877e+02
5.081100000000000136e+02
5.114119999999999777e+02
5.118600000000000136e+02
5.131000000000000227e+02
5.148999999999999773e+02
5.151420000000000528e+02
5.161130000000000564e+02
5.162920000000000300e+02
5.175990000000000464e+02
5.188899999999999864e+02
5.193110000000000355e+02
5.213369999999999891e+02
5.224909999999999854e+02
5.231209999999999809e+02
5.234379999999999882e+02
5.247380000000000564e+02
5.267179999999999609e+02
5.275700000000000500e+02
5.298029999999999973e+02
5.329560000000000173e+02
5.332019999999999982e+02
5.355019999999999527e+02
5.394900000000000091e+02
5.399139999999999873e+02
5.410729999999999791e+02
5.421889999999999645e+02
5.450750000000000455e+02
5.469890000000000327e+02
5.473809999999999718e+02
5.513609999999999900e+02
5.557789999999999964e+02
5.566520000000000437e+02
5.567519999999999527e+02
5.597430000000000518e+02
5.602839999999999918e+02
5.652540000000000191e+02
5.656710000000000491e+02
5.665769999999999982e+02
5.671530000000000200e+02
5.679329999999999927e+02
5.692659999999999627e+02
5.694519999999999982e+02
5.698569999999999709e+02
5.700810000000000173e+02
5.712169999999999845e+02
5.720620000000000118e+02
5.751059999999999945e+02
5.774719999999999800e+02
5.789759999999999991e+02
5.814529999999999745e+02
5.942509999999999764e+02
5.951480000000000246e+02
5.963869999999999436e+02
5.964360000000000355e+02
5.981219999999999573e+02
5.985059999999999718e+02
6.001839999999999691e+02
6.003559999999999945e+02
6.004289999999999736e+02
6.007519999999999527e+02
6.007859999999999445e+02
6.008479999999999563e+02
6.009030000000000200e+02
6.015090000000000146e+02
6.018260000000000218e+02
6.025869999999999891e+02
6.028830000000000382e+02
6.032930000000000064e+02
6.034210000000000491e+02
6.035249999999999773e+02
6.035869999999999891e+02
6.036079999999999472e+02
6.037160000000000082e+02
6.045059999999999718e+02
6.047089999999999463e+02
6.049070000000000391e+02
6.053479999999999563e+02
6.059180000000000064e+02
6.059679999999999609e+02
6.062590000000000146e+02
6.063469999999999800e+02
6.068429999999999609e+02
6.071140000000000327e+02
6.071159999999999854e+02
6.073680000000000518e+02
6.078289999999999509e+02
6.078840000000000146e+02
6.082050000000000409e+02
6.082960000000000491e+02
6.090549999999999500e+02
6.090650000000000546e+02
6.094880000000000564e+02
6.099039999999999964e+02
6.100030000000000427e+02
6.100560000000000400e+02
6.101490000000000009e+02
6.110430000000000064e+02
6.120249999999999773e+02
6.120589999999999691e+02
6.125359999999999445e+02
6.133700000000000045e+02
6.133880000000000337e+02
6.136799999999999500e+02
6.137150000000000318e+02
6.140729999999999791e+02
6.144619999999999891e+02
6.145059999999999718e+02
6.148129999999999882e+02
6.149539999999999509e+02
6.153419999999999845e+02
6.161520000000000437e+02
6.163849999999999909e+02
6.167160000000000082e+02
6.176989999999999554e+02
6.187880000000000109e+02
6.189679999999999609e+02
6.196939999999999600e+02
6.197240000000000464e+02
6.199759999999999991e+02
6.210700000000000500e+02
6.218540000000000418e+02
6.230660000000000309e+02
6.230850000000000364e+02
6.234170000000000300e+02
6.239180000000000064e+02
6.240439999999999827e+02
6.243600000000000136e+02
6.244640000000000555e+02
6.255380000000000109e+02
6.259719999999999800e+02
6.266000000000000227e+02
6.273780000000000427e+02
6.278210000000000264e+02
6.289529999999999745e+02
6.297319999999999709e+02
6.301250000000000000e+02
6.301950000000000500e+02
6.308379999999999654e+02
6.309900000000000091e+02
6.311749999999999545e+02
6.337150000000000318e+02
6.338959999999999582e+02
6.342450000000000045e+02
6.343500000000000227e+02
6.345700000000000500e+02
6.372870000000000346e+02
6.388609999999999900e+02
6.394790000000000418e+02
6.396929999999999836e+02
6.427069999999999936e+02
6.431849999999999454e+02
6.436169999999999618e+02
6.438179999999999836e+02
6.447899999999999636e+02
6.459809999999999945e+02
6.468669999999999618e+02
6.469180000000000064e+02
6.475510000000000446e+02
6.492759999999999536e+02
6.505069999999999482e+02
6.508959999999999582e+02
6.515389999999999873e+02
6.519109999999999445e+02
6.553509999999999991e+02
6.557459999999999809e+02
6.580919999999999845e+02
6.608170000000000073e+02
6.608680000000000518e+02
6.613890000000000100e+02
6.624829999999999472e+02
6.630760000000000218e+02
6.652730000000000246e+02
6.654560000000000173e+02
6.663250000000000455e+02
6.667430000000000518e+02
6.677380000000000564e+02
6.688450000000000273e+02
6.702509999999999764e+02
6.706119999999999663e+02
6.706369999999999436e+02
6.707889999999999873e+02
6.730570000000000164e+02
6.731430000000000291e+02
6.746559999999999491e+02
6.748759999999999764e+02
6.776150000000000091e+02
6.777459999999999809e+02
6.780149999999999864e+02
6.809690000000000509e+02
6.810700000000000500e+02
6.820109999999999673e+02
6.831609999999999445e+02
6.849139999999999873e+02
6.858440000000000509e+02
6.895560000000000400e+02
6.900349999999999682e+02
6.926720000000000255e+02
6.941359999999999673e+02
6.946860000000000355e+02
6.975420000000000300e+02
6.985750000000000455e+02
6.987949999999999591e+02
7.056459999999999582e+02
7.060629999999999882e+02
7.061950000000000500e+02
7.063700000000000045e+02
7.066440000000000055e+02
7.088300000000000409e+02
7.107000000000000455e+02
7.117039999999999509e+02
7.126689999999999827e+02
7.143390000000000555e+02
7.152200000000000273e+02
7.153640000000000327e+02
7.157219999999999800e+02
7.158959999999999582e+02
7.191380000000000337e+02
7.193700000000000045e+02
7.203540000000000418e+02
7.203869999999999436e+02
7.205539999999999736e+02
7.212659999999999627e+02
7.219349999999999454e+02
7.237699999999999818e+02
7.240349999999999682e+02
7.243730000000000473e+02
7.254750000000000227e+02
7.264640000000000555e+02
7.279909999999999854e+02
7.298179999999999836e+02
7.303429999999999609e+02
7.315460000000000491e+02
7.331929999999999836e+02
7.336699999999999591e+02
7.345460000000000491e+02
7.399809999999999945e+02
7.403310000000000173e+02
7.419980000000000473e+02
7.435130000000000337e+02
7.440610000000000355e+02
7.446490000000000009e+02
7.474470000000000027e+02
7.488630000000000564e+02
7.529529999999999745e+02
7.529750000000000227e+02
7.535800000000000409e+02
7.553329999999999700e+02
7.564519999999999982e+02
7.564940000000000282e+02
7.565679999999999836e+02
7.605190000000000055e+02
7.618210000000000264e+02
7.648179999999999836e+02
7.649990000000000236e+02
7.684579999999999700e+02
7.691290000000000191e+02
7.734460000000000264e+02
7.741169999999999618e+02
7.750480000000000018e+02
7.760399999999999636e+02
7.799850000000000136e+02
7.828949999999999818e+02
7.844750000000000227e+02
7.847100000000000364e+02
7.852179999999999609e+02
7.853339999999999463e+02
7.859700000000000273e+02
7.866649999999999636e+02
7.868200000000000500e+02
7.901130000000000564e+02
7.915700000000000500e+02
7.929900000000000091e+02
7.936680000000000064e+02
7.950829999999999700e+02
7.962500000000000000e+02
7.993210000000000264e+02
8.027770000000000437e+02
8.033010000000000446e+02
8.072930000000000064e+02
8.086340000000000146e+02
8.096660000000000537e+02
8.122590000000000146e+02
8.179579999999999700e+02
8.188279999999999745e+02
8.224420000000000073e+02
8.243819999999999482e+02
8.263360000000000127e+02
8.420539999999999736e+02
8.498150000000000546e+02
8.541430000000000291e+02
8.615009999999999764e+02
8.650040000000000191e+02
8.704769999999999754e+02
8.774550000000000409e+02
8.813260000000000218e+02
8.893640000000000327e+02
9.059020000000000437e+02
9.082069999999999936e+02
9.330760000000000218e+02
9.369600000000000364e+02
9.569990000000000236e+02
1.046124000000000024e+03
1.049730000000000018e+03
1.053724999999999909e+03
1.068739000000000033e+03
1.276045000000000073e+03
1.282512999999999920e+03
1.585191000000000031e+03
1.596115000000000009e+03
1.596494999999999891e+03
1.613316000000000031e+03
1.858489000000000033e+03
1.914652000000000044e+03
1.938243999999999915e+03
1.947144999999999982e+03
1.950346000000000004e+03
1.952951000000000022e+03
2.069128000000000156e+03
2.138606999999999971e+03
