2.873300000000000054e+01
3.196199999999999974e+01
3.318399999999999750e+01
3.737800000000000011e+01
3.901500000000000057e+01
3.924300000000000210e+01
4.062700000000000244e+01
4.113700000000000045e+01
4.118099999999999739e+01
4.378300000000000125e+01
4.648599999999999710e+01
4.861699999999999733e+01
5.347299999999999898e+01
5.356700000000000017e+01
5.361500000000000199e+01
5.365299999999999869e+01
5.370100000000000051e+01
5.374600000000000222e+01
5.376100000000000279e+01
5.380299999999999727e+01
5.381199999999999761e+01
5.386800000000000210e+01
5.422299999999999898e+01
5.422999999999999687e+01
5.428699999999999903e+01
5.451100000000000279e+01
5.463300000000000267e+01
5.476299999999999812e+01
5.492199999999999704e+01
5.500200000000000244e+01
5.520199999999999818e+01
5.532999999999999829e+01
5.546200000000000330e+01
5.562299999999999756e+01
5.566100000000000136e+01
5.571200000000000330e+01
5.593050000000000210e+01
5.615299999999999869e+01
5.616799999999999926e+01
5.617399999999999949e+01
5.719039999999999679e+01
5.744060000000000343e+01
5.862400000000000233e+01
6.014999999999999858e+01
6.045900000000000318e+01
6.063499999999999801e+01
6.089000000000000057e+01
6.120700000000000074e+01
6.180570000000000164e+01
6.199819999999999709e+01
6.202980000000000160e+01
6.212800000000000011e+01
6.267349999999999710e+01
6.331900000000000261e+01
6.353199999999999648e+01
6.358809999999999718e+01
6.366259999999999764e+01
6.508939999999999770e+01
6.537000000000000455e+01
6.598109999999999786e+01
6.618410000000000082e+01
6.630740000000000123e+01
6.703799999999999670e+01
6.731300000000000239e+01
6.819199999999999307e+01
6.820529999999999404e+01
6.831699999999999307e+01
6.876560000000000628e+01
6.889300000000000068e+01
6.935939999999999372e+01
7.155500000000000682e+01
7.161899999999999977e+01
7.252710000000000434e+01
7.289509999999999934e+01
7.452100000000000080e+01
7.775620000000000687e+01
7.875799999999999557e+01
7.887399999999999523e+01
7.933419999999999561e+01
8.314300000000000068e+01
8.348399999999999466e+01
8.349699999999999989e+01
8.392969999999999686e+01
8.395990000000000464e+01
8.408100000000000307e+01
8.409300000000000352e+01
8.414100000000000534e+01
8.516910000000000025e+01
8.653000000000000114e+01
8.831300000000000239e+01
8.880259999999999820e+01
8.935490000000000066e+01
8.943399999999999750e+01
8.949099999999999966e+01
9.145000000000000284e+01
9.362800000000000011e+01
9.614990000000000236e+01
9.699200000000000443e+01
9.732099999999999795e+01
9.775600000000000023e+01
9.779000000000000625e+01
9.782840000000000202e+01
9.849500000000000455e+01
9.857500000000000284e+01
9.983719999999999573e+01
9.984319999999999595e+01
1.002346000000000004e+02
1.005280000000000058e+02
1.008780000000000001e+02
1.013663999999999987e+02
1.015019999999999953e+02
1.025553000000000026e+02
1.063830999999999989e+02
1.067944999999999993e+02
1.071036000000000001e+02
1.071766999999999967e+02
1.075229999999999961e+02
1.079080000000000013e+02
1.084667000000000030e+02
1.085170999999999992e+02
1.085304000000000002e+02
1.088059999999999974e+02
1.090271000000000043e+02
1.090982000000000056e+02
1.092437000000000040e+02
1.094769000000000005e+02
1.095147999999999939e+02
1.095661999999999949e+02
1.095797000000000025e+02
1.096809999999999974e+02
1.097369000000000057e+02
1.098067999999999955e+02
1.099522999999999939e+02
1.107527999999999935e+02
1.139214000000000055e+02
1.167147999999999968e+02
1.179292999999999978e+02
1.188773999999999944e+02
1.201353000000000009e+02
1.335725999999999942e+02
1.347239999999999895e+02
1.351656999999999869e+02
1.363446999999999889e+02
1.373115999999999985e+02
1.379527999999999963e+02
1.389693000000000040e+02
1.389956999999999994e+02
1.396527000000000100e+02
1.441469999999999914e+02
1.528568999999999960e+02
1.537210000000000036e+02
1.539300000000000068e+02
1.542941999999999894e+02
1.545190000000000055e+02
1.549149999999999920e+02
1.558144000000000062e+02
1.565049999999999955e+02
1.622860000000000014e+02
1.822500000000000000e+02
1.828400000000000034e+02
1.857487999999999886e+02
1.901610000000000014e+02
1.983609999999999900e+02
1.997369999999999948e+02
2.007489999999999952e+02
2.032769999999999868e+02
2.089247000000000014e+02
2.092122999999999990e+02
2.253770000000000095e+02
2.269650000000000034e+02
2.279039999999999964e+02
2.284629999999999939e+02
2.324209999999999923e+02
2.337170000000000130e+02
2.341359999999999957e+02
2.360389999999999873e+02
2.371090000000000089e+02
2.417150000000000034e+02
2.428530000000000086e+02
2.434809999999999945e+02
2.447880000000000109e+02
2.449319999999999879e+02
2.487659999999999911e+02
2.499279999999999973e+02
2.503489999999999895e+02
2.533240000000000123e+02
2.547719999999999914e+02
2.550649999999999977e+02
2.565609999999999786e+02
2.581440000000000055e+02
2.604089999999999918e+02
2.604370000000000118e+02
2.633450000000000273e+02
2.633960000000000150e+02
2.659510000000000218e+02
2.666329999999999814e+02
2.677749999999999773e+02
2.688840000000000146e+02
2.702160000000000082e+02
2.711170000000000186e+02
2.724839999999999804e+02
2.752040000000000077e+02
2.771460000000000150e+02
2.783290000000000077e+02
2.836200000000000045e+02
2.912900000000000205e+02
2.966429999999999723e+02
2.997520000000000095e+02
3.006940000000000168e+02
3.058849999999999909e+02
3.064019999999999868e+02
3.072210000000000036e+02
3.077570000000000050e+02
3.093090000000000259e+02
3.105360000000000014e+02
3.124630000000000223e+02
3.140249999999999773e+02
3.168790000000000191e+02
3.192370000000000232e+02
3.290749999999999886e+02
3.316379999999999768e+02
3.321530000000000200e+02
3.330020000000000095e+02
3.330059999999999718e+02
3.341379999999999768e+02
3.354309999999999832e+02
3.393860000000000241e+02
3.394420000000000073e+02
3.531039999999999850e+02
3.561700000000000159e+02
3.603129999999999882e+02
3.613879999999999768e+02
3.623720000000000141e+02
3.657989999999999782e+02
3.671329999999999814e+02
3.683100000000000023e+02
3.706499999999999773e+02
3.708389999999999986e+02
3.721510000000000105e+02
3.727599999999999909e+02
3.749879999999999995e+02
3.751030000000000086e+02
3.780419999999999732e+02
3.799839999999999804e+02
3.806259999999999764e+02
3.810539999999999736e+02
3.821279999999999859e+02
3.828679999999999950e+02
3.834440000000000168e+02
3.846460000000000150e+02
3.846739999999999782e+02
3.846890000000000214e+02
3.852080000000000268e+02
3.852459999999999809e+02
3.852740000000000009e+02
3.861920000000000073e+02
3.862080000000000268e+02
3.862459999999999809e+02
3.914979999999999905e+02
3.917740000000000009e+02
3.926979999999999791e+02
3.945939999999999941e+02
3.992629999999999768e+02
4.019639999999999986e+02
4.060219999999999914e+02
4.105389999999999873e+02
4.105950000000000273e+02
4.107989999999999782e+02
4.133670000000000186e+02
4.210860000000000127e+02
4.227610000000000241e+02
4.265779999999999745e+02
4.364499999999999886e+02
4.370729999999999791e+02
4.372139999999999986e+02
4.374159999999999968e+02
4.381129999999999995e+02
4.390980000000000132e+02
4.391630000000000109e+02
4.404270000000000209e+02
4.439739999999999895e+02
4.476560000000000059e+02
4.491170000000000186e+02
4.527459999999999809e+02
4.602269999999999754e+02
4.609499999999999886e+02
4.625233000000000061e+02
4.655342999999999734e+02
4.662513000000000147e+02
4.692835999999999785e+02
4.704460000000000264e+02
4.722576000000000249e+02
4.742054999999999723e+02
4.769979999999999905e+02
4.782660000000000196e+02
4.795889999999999986e+02
4.811399999999999864e+02
4.820819999999999936e+02
4.865110000000000241e+02
4.898140000000000214e+02
4.906150000000000091e+02
4.919100000000000250e+02
4.973029999999999973e+02
4.996870000000000118e+02
5.079680000000000177e+02
5.101209999999999809e+02
5.219389999999999645e+02
5.222809999999999491e+02
5.393619999999999663e+02
5.424740000000000464e+02
5.425019999999999527e+02
5.444880000000000564e+02
5.445720000000000027e+02
5.458540000000000418e+02
5.533699000000000296e+02
5.797912000000000035e+02
5.801521999999999935e+02
5.858365000000000009e+02
5.950230000000000246e+02
6.021479000000000497e+02
6.084289999999999736e+02
6.096380000000000337e+02
6.116119999999999663e+02
6.141943999999999733e+02
6.196471000000000231e+02
6.400430000000000064e+02
6.436611000000000331e+02
6.533229999999999791e+02
6.663509999999999991e+02
6.680270000000000437e+02
6.687870000000000346e+02
6.715259999999999536e+02
6.842179999999999609e+02
6.934814999999999827e+02
6.983812000000000353e+02
7.088768000000000029e+02
7.258619999999999663e+02
7.416150000000000091e+02
7.464424999999999955e+02
7.491530000000000200e+02
7.494180999999999813e+02
7.549149999999999636e+02
7.674529999999999745e+02
7.704948000000000548e+02
7.719705000000000155e+02
7.747100000000000364e+02
7.771299999999999955e+02
7.773229999999999791e+02
7.823509999999999991e+02
7.832899999999999636e+02
7.880389999999999873e+02
7.895510000000000446e+02
7.901480000000000246e+02
7.917259999999999991e+02
7.926825000000000045e+02
7.936069999999999709e+02
7.937195000000000391e+02
7.954710000000000036e+02
7.976910000000000309e+02
7.979160000000000537e+02
7.982799999999999727e+02
8.000049999999999955e+02
8.017809999999999491e+02
8.025539999999999736e+02
8.053279999999999745e+02
8.086730000000000018e+02
8.087780000000000200e+02
8.088890000000000100e+02
8.089950000000000045e+02
8.096900000000000546e+02
8.196670000000000300e+02
8.201380000000000337e+02
8.202459999999999809e+02
8.206040000000000418e+02
8.214299999999999500e+02
8.222709999999999582e+02
8.223999999999999773e+02
8.335599999999999454e+02
8.363010000000000446e+02
8.364139999999999873e+02
8.378239999999999554e+02
8.384969999999999573e+02
8.394329999999999927e+02
8.408509000000000242e+02
8.430570000000000164e+02
8.469669999999999845e+02
8.552789999999999964e+02
8.577599999999999909e+02
8.580380000000000109e+02
8.588329999999999700e+02
8.630910000000000082e+02
8.644080000000000155e+02
8.688650000000000091e+02
8.915370000000000346e+02
8.950520000000000209e+02
9.041462999999999965e+02
9.047910000000000537e+02
9.072146000000000186e+02
9.075660000000000309e+02
9.123650000000000091e+02
9.194253999999999678e+02
9.200119999999999436e+02
9.291409999999999627e+02
9.396439000000000306e+02
9.454690000000000509e+02
9.489566999999999553e+02
9.587430000000000518e+02
9.594850000000000136e+02
9.635150999999999613e+02
9.705099999999999909e+02
9.747097999999999729e+02
9.809746000000000095e+02
9.878677999999999884e+02
1.039539700000000039e+03
1.043568999999999960e+03
1.050950000000000045e+03
1.051200000000000045e+03
1.051534000000000106e+03
1.051704999999999927e+03
1.080442999999999984e+03
1.088839999999999918e+03
1.095871000000000095e+03
1.112609999999999900e+03
1.139574000000000069e+03
1.141280999999999949e+03
1.143945999999999913e+03
1.172376999999999953e+03
1.187000999999999976e+03
1.202500000000000000e+03
1.324740000000000009e+03
1.329960000000000036e+03
1.335039999999999964e+03
1.382549999999999955e+03
1.437359999999999900e+03
1.493579999999999927e+03
1.511210000000000036e+03
1.546930000000000064e+03
1.547180000000000064e+03
1.552450000000000045e+03
1.573440000000000055e+03
1.582269999999999982e+03
1.587400000000000091e+03
1.588759999999999991e+03
1.593329999999999927e+03
1.596440000000000055e+03
1.597490000000000009e+03
1.608200000000000045e+03
1.620289999999999964e+03
1.937559999999999945e+03
1.976069999999999936e+03
1.977220000000000027e+03
2.020490000000000009e+03
2.037569999999999936e+03
2.447670000000000073e+03
3.961449999999999818e+03
3.962610000000000127e+03
3.972679999999999836e+03
3.975480000000000018e+03
3.976170000000000073e+03
3.988619999999999891e+03
3.989190000000000055e+03
3.999659999999999854e+03
4.009639999999999873e+03
4.010039999999999964e+03
4.018199999999999818e+03
4.032130000000000109e+03
4.034639999999999873e+03
4.054329999999999927e+03
