2.463499999999999943e+02
2.617950000000000159e+02
2.637069999999999936e+02
2.651960000000000264e+02
2.654590000000000032e+02
2.726490000000000009e+02
2.737699999999999818e+02
2.748849999999999909e+02
2.785649999999999977e+02
2.812450000000000045e+02
2.825029999999999859e+02
2.834409999999999741e+02
2.900749999999999886e+02
2.913820000000000050e+02
2.929780000000000086e+02
2.997049999999999841e+02
3.000260000000000105e+02
3.015749999999999886e+02
3.045740000000000123e+02
3.110590000000000259e+02
3.117309999999999945e+02
3.138070000000000164e+02
3.148240000000000123e+02
3.156009999999999991e+02
3.159510000000000218e+02
3.170899999999999750e+02
3.178469999999999800e+02
3.180020000000000095e+02
3.187330000000000041e+02
3.189030000000000200e+02
3.208050000000000068e+02
3.208639999999999759e+02
3.210819999999999936e+02
3.210869999999999891e+02
3.210980000000000132e+02
3.221689999999999827e+02
3.225160000000000196e+02
3.226039999999999850e+02
3.227339999999999804e+02
3.231209999999999809e+02
3.231279999999999859e+02
3.237669999999999959e+02
3.239479999999999791e+02
3.243600000000000136e+02
3.247189999999999941e+02
3.253620000000000232e+02
3.266750000000000114e+02
3.281399999999999864e+02
3.297660000000000196e+02
3.305799999999999841e+02
3.318090000000000259e+02
3.375670000000000073e+02
3.453910000000000196e+02
3.459329999999999927e+02
3.511279999999999859e+02
3.523369999999999891e+02
3.525950000000000273e+02
3.543070000000000164e+02
3.548029999999999973e+02
3.548929999999999723e+02
3.562459999999999809e+02
3.573969999999999914e+02
3.601650000000000205e+02
3.640980000000000132e+02
3.665380000000000109e+02
3.710489999999999782e+02
3.730059999999999718e+02
3.733410000000000082e+02
3.748929999999999723e+02
3.764119999999999777e+02
3.776820000000000164e+02
3.817379999999999995e+02
3.826229999999999905e+02
3.834409999999999741e+02
3.838679999999999950e+02
3.843090000000000259e+02
3.851009999999999991e+02
3.855199999999999818e+02
3.901349999999999909e+02
3.905169999999999959e+02
3.909350000000000023e+02
3.937780000000000200e+02
3.943149999999999977e+02
3.945269999999999868e+02
3.949800000000000182e+02
3.954479999999999791e+02
3.965950000000000273e+02
3.996229999999999905e+02
4.017309999999999945e+02
4.032900000000000205e+02
4.049429999999999836e+02
4.050790000000000077e+02
4.114449999999999932e+02
4.130869999999999891e+02
4.208849999999999909e+02
4.212810000000000059e+02
4.267649999999999864e+02
4.294209999999999923e+02
4.332040000000000077e+02
4.346909999999999741e+02
4.449019999999999868e+02
4.460409999999999968e+02
4.609689999999999941e+02
5.847690000000000055e+02
5.954059999999999491e+02
6.060579999999999927e+02
6.245080000000000382e+02
6.378469999999999800e+02
6.511960000000000264e+02
6.556219999999999573e+02
6.642000000000000455e+02
6.665090000000000146e+02
6.688719999999999573e+02
6.708700000000000045e+02
6.728540000000000418e+02
6.795019999999999527e+02
7.164660000000000082e+02
7.579890000000000327e+02
7.675900000000000318e+02
7.722590000000000146e+02
8.394679999999999609e+02
9.295800000000000409e+02
9.569700000000000273e+02
9.659769999999999754e+02
1.031365999999999985e+03
1.035457000000000107e+03
1.042734999999999900e+03
1.051098999999999933e+03
1.054586999999999989e+03
1.079520999999999958e+03
1.090042999999999893e+03
1.151059999999999945e+03
1.171093000000000075e+03
1.178416999999999916e+03
1.183751999999999953e+03
1.202114000000000033e+03
1.239755000000000109e+03
1.245838999999999942e+03
1.246839999999999918e+03
1.300811999999999898e+03
1.326181000000000040e+03
1.329346999999999980e+03
1.334826999999999998e+03
1.348423000000000002e+03
1.359373000000000047e+03
1.364849999999999909e+03
1.379328999999999951e+03
1.384395999999999958e+03
1.391226000000000113e+03
1.396796000000000049e+03
1.423915999999999940e+03
1.433844000000000051e+03
1.456739000000000033e+03
1.458422000000000025e+03
1.502222999999999956e+03
1.522643000000000029e+03
1.564685999999999922e+03
1.576153999999999996e+03
1.579762999999999920e+03
1.601278000000000020e+03
1.715289999999999964e+03
1.745795000000000073e+03
1.762409000000000106e+03
1.807394999999999982e+03
1.957796000000000049e+03
1.998143000000000029e+03
2.053192000000000007e+03
2.085918000000000120e+03
2.091722999999999956e+03
2.097382999999999811e+03
2.124686000000000149e+03
2.139907000000000153e+03
