1.213000000000000050e-01
1.272000000000000075e-01
7.972000000000000197e-01
8.073000000000000176e-01
8.333000000000000407e-01
8.385000000000000231e-01
8.399999999999999689e-01
8.447000000000000064e-01
9.105999999999999650e-01
9.236999999999999655e-01
9.274000000000000021e-01
9.375000000000000000e-01
9.520999999999999464e-01
9.911999999999999700e-01
1.005700000000000038e+00
1.007400000000000073e+00
1.012100000000000000e+00
1.020299999999999985e+00
1.023400000000000087e+00
1.026000000000000023e+00
1.028200000000000003e+00
1.029099999999999904e+00
1.030599999999999961e+00
1.031600000000000072e+00
1.035400000000000098e+00
1.039199999999999902e+00
1.059700000000000086e+00
1.065299999999999914e+00
1.080000000000000071e+00
1.080100000000000060e+00
1.081299999999999928e+00
1.085800000000000098e+00
1.086300000000000043e+00
1.089299999999999935e+00
1.097099999999999964e+00
1.100200000000000067e+00
1.101399999999999935e+00
1.106500000000000039e+00
1.109699999999999909e+00
1.111399999999999944e+00
1.113599999999999923e+00
1.116200000000000081e+00
1.118500000000000050e+00
1.135199999999999987e+00
1.138300000000000090e+00
1.159399999999999986e+00
1.173599999999999977e+00
1.173599999999999977e+00
1.177400000000000002e+00
1.183000000000000052e+00
1.191999999999999948e+00
1.195599999999999996e+00
1.202900000000000080e+00
1.206099999999999950e+00
1.213999999999999968e+00
1.216499999999999915e+00
1.218599999999999905e+00
1.256999999999999895e+00
1.282699999999999951e+00
1.310999999999999943e+00
2.247500000000000053e+00
2.266099999999999781e+00
2.350299999999999834e+00
2.359900000000000109e+00
2.362099999999999866e+00
2.370400000000000063e+00
2.514200000000000212e+00
2.517500000000000071e+00
2.529700000000000060e+00
2.552599999999999980e+00
2.554300000000000015e+00
2.564599999999999991e+00
2.641599999999999948e+00
2.645199999999999996e+00
2.701299999999999812e+00
2.703199999999999825e+00
2.707500000000000018e+00
2.718199999999999950e+00
2.739500000000000046e+00
2.863100000000000200e+00
2.867399999999999949e+00
2.898699999999999832e+00
2.927700000000000191e+00
3.001900000000000013e+00
3.010400000000000187e+00
3.032500000000000195e+00
3.326600000000000001e+00
3.331700000000000106e+00
3.523800000000000043e+00
3.525599999999999845e+00
3.529399999999999871e+00
3.729299999999999837e+00
3.748800000000000132e+00
3.887599999999999945e+00
3.972500000000000142e+00
4.026299999999999990e+00
4.029799999999999827e+00
4.061300000000000132e+00
4.074900000000000411e+00
4.076900000000000190e+00
4.113400000000000389e+00
4.117300000000000182e+00
4.280999999999999694e+00
4.331000000000000405e+00
4.447000000000000064e+00
4.463000000000000078e+00
4.466999999999999638e+00
4.498000000000000220e+00
4.520999999999999908e+00
4.524000000000000021e+00
4.533199999999999896e+00
4.589999999999999858e+00
4.608999999999999986e+00
4.678099999999999703e+00
4.701200000000000045e+00
4.733500000000000263e+00
4.744200000000000195e+00
4.758499999999999730e+00
4.888499999999999623e+00
4.888499999999999623e+00
4.889000000000000234e+00
4.900999999999999801e+00
4.939499999999999780e+00
4.945199999999999818e+00
4.948999999999999844e+00
4.955799999999999983e+00
4.963899999999999757e+00
4.963899999999999757e+00
4.976899999999999658e+00
4.986200000000000188e+00
4.990000000000000213e+00
5.006700000000000372e+00
5.011800000000000033e+00
5.017000000000000348e+00
5.081000000000000405e+00
5.097999999999999865e+00
5.115999999999999659e+00
5.115999999999999659e+00
5.128700000000000259e+00
5.149600000000000399e+00
5.208000000000000185e+00
5.217999999999999972e+00
5.240999999999999659e+00
5.259000000000000341e+00
5.275999999999999801e+00
5.285000000000000142e+00
5.352000000000000313e+00
5.364300000000000068e+00
5.388899999999999579e+00
5.424000000000000377e+00
5.448000000000000398e+00
5.546000000000000263e+00
5.546599999999999753e+00
5.605999999999999872e+00
5.633300000000000196e+00
5.691499999999999559e+00
5.704699999999999882e+00
5.743999999999999773e+00
5.751999999999999780e+00
6.107999999999999652e+00
6.169999999999999929e+00
6.303799999999999848e+00
6.319200000000000372e+00
6.524000000000000021e+00
6.543000000000000149e+00
6.618000000000000327e+00
6.775900000000000034e+00
6.788199999999999790e+00
6.912799999999999834e+00
7.007299999999999862e+00
7.055100000000000371e+00
7.065599999999999881e+00
7.080400000000000027e+00
7.103299999999999947e+00
7.152999999999999581e+00
7.160899999999999821e+00
7.169999999999999929e+00
7.194799999999999862e+00
7.236900000000000333e+00
7.237300000000000288e+00
7.257200000000000095e+00
7.258000000000000007e+00
7.258000000000000007e+00
7.279200000000000337e+00
7.282099999999999795e+00
7.295600000000000307e+00
7.351600000000000357e+00
7.373400000000000176e+00
7.373499999999999943e+00
7.398200000000000109e+00
7.438299999999999912e+00
7.463300000000000267e+00
7.485599999999999810e+00
7.532499999999999751e+00
7.547200000000000131e+00
7.586599999999999788e+00
7.602199999999999847e+00
7.607599999999999696e+00
7.625600000000000378e+00
7.751199999999999868e+00
7.838400000000000034e+00
7.854199999999999626e+00
7.878599999999999604e+00
7.961500000000000021e+00
7.966400000000000148e+00
8.005699999999999150e+00
8.039999999999999147e+00
8.066599999999999326e+00
8.219500000000000028e+00
8.308400000000000674e+00
8.318300000000000693e+00
8.333999999999999631e+00
8.333999999999999631e+00
8.522600000000000620e+00
8.589999999999999858e+00
8.615999999999999659e+00
8.620400000000000063e+00
8.633599999999999497e+00
8.642200000000000770e+00
8.672000000000000597e+00
8.677599999999999980e+00
8.679199999999999804e+00
8.690699999999999648e+00
8.696400000000000574e+00
8.701800000000000423e+00
8.705500000000000682e+00
8.712799999999999656e+00
8.713499999999999801e+00
8.751599999999999824e+00
8.770300000000000651e+00
8.793200000000000571e+00
8.798299999999999343e+00
8.801999999999999602e+00
8.803200000000000358e+00
8.839499999999999247e+00
9.027599999999999625e+00
9.034100000000000463e+00
9.086399999999999366e+00
9.099000000000000199e+00
9.099999999999999645e+00
9.272800000000000153e+00
9.330199999999999605e+00
9.366699999999999804e+00
9.488799999999999457e+00
9.488799999999999457e+00
9.522199999999999775e+00
9.648500000000000298e+00
9.684499999999999886e+00
9.684499999999999886e+00
9.692999999999999616e+00
9.727199999999999847e+00
9.763899999999999579e+00
9.817999999999999616e+00
9.844400000000000261e+00
9.857599999999999696e+00
9.884800000000000253e+00
9.924300000000000566e+00
9.924300000000000566e+00
1.006370000000000076e+01
1.029599999999999937e+01
1.031789999999999985e+01
1.037020000000000053e+01
1.042919999999999980e+01
1.046199999999999974e+01
1.057600000000000051e+01
1.058590000000000053e+01
1.076590000000000025e+01
1.080020000000000024e+01
1.084789999999999921e+01
1.085190000000000055e+01
1.088780000000000037e+01
1.110710000000000086e+01
1.111860000000000070e+01
1.112739999999999974e+01
1.113530000000000086e+01
1.131400000000000006e+01
1.149740000000000073e+01
1.175070000000000014e+01
1.190000000000000036e+01
1.195720000000000027e+01
1.204420000000000002e+01
1.205599999999999916e+01
1.225799999999999912e+01
1.274799999999999933e+01
1.322400000000000020e+01
1.324779999999999980e+01
1.330339999999999989e+01
1.349140000000000050e+01
1.349890000000000079e+01
1.352860000000000085e+01
1.356550000000000011e+01
1.357339999999999947e+01
1.360340000000000060e+01
1.363860000000000028e+01
1.370359999999999978e+01
1.380649999999999977e+01
1.391750000000000043e+01
1.397710000000000008e+01
1.398680000000000057e+01
1.400709999999999944e+01
1.405799999999999983e+01
1.429630000000000045e+01
1.437560000000000038e+01
1.447199999999999953e+01
1.457000000000000028e+01
1.477420000000000044e+01
1.483179999999999943e+01
1.483179999999999943e+01
1.494549999999999912e+01
1.503689999999999927e+01
1.506380000000000052e+01
1.508360000000000056e+01
1.519379999999999953e+01
1.522899999999999920e+01
1.524660000000000082e+01
1.535130000000000017e+01
1.537110000000000021e+01
1.537669999999999959e+01
1.540799999999999947e+01
1.542709999999999937e+01
1.543629999999999924e+01
1.545909999999999940e+01
1.547129999999999939e+01
1.550999999999999979e+01
1.578999999999999915e+01
1.586999999999999922e+01
1.589439999999999920e+01
1.596770000000000067e+01
1.599970000000000070e+01
1.601429999999999865e+01
1.613810000000000144e+01
1.618519999999999825e+01
1.632740000000000080e+01
1.635999999999999943e+01
1.642279999999999873e+01
1.653490000000000038e+01
1.655039999999999978e+01
1.660249999999999915e+01
1.668870000000000076e+01
1.680189999999999984e+01
1.682949999999999946e+01
1.688789999999999836e+01
1.718750000000000000e+01
1.733399999999999963e+01
1.739209999999999923e+01
1.741679999999999851e+01
1.745050000000000168e+01
1.747390000000000043e+01
1.757849999999999824e+01
1.769800000000000040e+01
1.789590000000000103e+01
1.800009999999999977e+01
1.807000000000000028e+01
1.807000000000000028e+01
1.834850000000000136e+01
1.843199999999999861e+01
1.846130000000000138e+01
1.848549999999999827e+01
1.855940000000000012e+01
1.881899999999999906e+01
1.882150000000000034e+01
1.889529999999999887e+01
1.901739999999999853e+01
1.906889999999999930e+01
1.909649999999999892e+01
1.910829999999999984e+01
1.917229999999999990e+01
1.924609999999999843e+01
1.929540000000000077e+01
1.957659999999999911e+01
1.963789999999999836e+01
1.976470000000000127e+01
1.982239999999999824e+01
1.985600000000000165e+01
1.987180000000000035e+01
2.003999999999999915e+01
2.020860000000000056e+01
2.026350000000000051e+01
2.029619999999999891e+01
2.031550000000000011e+01
2.038810000000000144e+01
2.040719999999999956e+01
2.041100000000000136e+01
2.073120000000000118e+01
2.083279999999999887e+01
2.091600000000000037e+01
2.103849999999999909e+01
2.107000000000000028e+01
2.125509999999999877e+01
2.127499999999999858e+01
2.129390000000000072e+01
2.130870000000000175e+01
2.153000000000000114e+01
2.187160000000000082e+01
2.194099999999999895e+01
2.213690000000000069e+01
2.231700000000000017e+01
2.231700000000000017e+01
2.238230000000000075e+01
2.238299999999999912e+01
2.242370000000000019e+01
2.247889999999999944e+01
2.248410000000000153e+01
2.278079999999999927e+01
2.278500000000000014e+01
2.281599999999999895e+01
2.306749999999999901e+01
2.328399999999999892e+01
2.341989999999999839e+01
2.346099999999999852e+01
2.375700000000000145e+01
2.375700000000000145e+01
2.380999999999999872e+01
2.385200000000000031e+01
2.394620000000000104e+01
2.400280000000000058e+01
2.412500000000000000e+01
2.423000000000000043e+01
2.453999999999999915e+01
2.469910000000000139e+01
2.469999999999999929e+01
2.494669999999999987e+01
2.504289999999999949e+01
2.504799999999999827e+01
2.519539999999999935e+01
2.527400000000000091e+01
2.529810000000000159e+01
2.562020000000000053e+01
2.566120000000000090e+01
2.574640000000000128e+01
2.575000000000000000e+01
2.581800000000000139e+01
2.589499999999999957e+01
2.596000000000000085e+01
2.598570000000000135e+01
2.598570000000000135e+01
2.612470000000000070e+01
2.618199999999999861e+01
2.620870000000000033e+01
2.621199999999999974e+01
2.638800000000000168e+01
2.651450000000000173e+01
2.657199999999999918e+01
2.662580000000000169e+01
2.686469999999999914e+01
2.703160000000000096e+01
2.713299999999999912e+01
2.721199999999999974e+01
2.723000000000000043e+01
2.723000000000000043e+01
2.733539999999999992e+01
2.740099999999999980e+01
2.747790000000000177e+01
2.758129999999999882e+01
2.768209999999999837e+01
2.794000000000000128e+01
2.794000000000000128e+01
2.820380000000000109e+01
2.839699999999999847e+01
2.846999999999999886e+01
2.870899999999999963e+01
2.889399999999999835e+01
2.902390000000000114e+01
2.917050000000000054e+01
2.934100000000000108e+01
2.935800000000000054e+01
2.960699999999999932e+01
2.966000000000000014e+01
2.981619999999999848e+01
2.996399999999999864e+01
3.004169999999999874e+01
3.024060000000000059e+01
3.024060000000000059e+01
3.025600000000000023e+01
3.035490000000000066e+01
3.054400000000000048e+01
3.058299999999999841e+01
3.115299999999999869e+01
3.125100000000000122e+01
3.175629999999999953e+01
3.176300000000000168e+01
3.210499999999999687e+01
3.259700000000000131e+01
3.265699999999999648e+01
3.286899999999999977e+01
3.304399999999999693e+01
3.320199999999999818e+01
3.335600000000000165e+01
3.340019999999999811e+01
3.398799999999999955e+01
3.407699999999999818e+01
3.427000000000000313e+01
3.455420000000000158e+01
3.460000000000000142e+01
3.462500000000000000e+01
3.464399999999999835e+01
3.554099999999999682e+01
3.608599999999999852e+01
3.611599999999999966e+01
3.639600000000000080e+01
3.644500000000000028e+01
3.706300000000000239e+01
3.743999999999999773e+01
3.777600000000000335e+01
3.870000000000000284e+01
3.874000000000000199e+01
3.875600000000000023e+01
3.956700000000000017e+01
3.960600000000000165e+01
4.052400000000000091e+01
4.064500000000000313e+01
4.069400000000000261e+01
4.104599999999999937e+01
4.106000000000000227e+01
4.134499999999999886e+01
4.304399999999999693e+01
4.436800000000000210e+01
4.511599999999999966e+01
4.637199999999999989e+01
4.845300000000000296e+01
4.970000000000000284e+01
5.046000000000000085e+01
5.093800000000000239e+01
5.195100000000000051e+01
5.406499999999999773e+01
5.428999999999999915e+01
5.509199999999999875e+01
5.848499999999999943e+01
6.156700000000000017e+01
6.160300000000000153e+01
6.851409999999999911e+01
6.879800000000000182e+01
7.093129999999999313e+01
7.155299999999999727e+01
7.181789999999999452e+01
7.244889999999999475e+01
7.303799999999999670e+01
7.355200000000000671e+01
7.360320000000000107e+01
7.792950000000000443e+01
7.880700000000000216e+01
7.884600000000000364e+01
7.913599999999999568e+01
7.974550000000000693e+01
8.011400000000000432e+01
8.109980000000000189e+01
8.138830000000000098e+01
8.269960000000000377e+01
8.293399999999999750e+01
8.488079999999999359e+01
8.513030000000000541e+01
8.584869999999999379e+01
8.619939999999999714e+01
8.653900000000000148e+01
8.693359999999999843e+01
8.732630000000000337e+01
8.767230000000000700e+01
8.770120000000000005e+01
8.775549999999999784e+01
8.786990000000000123e+01
8.841330000000000666e+01
8.858469999999999800e+01
8.869429999999999836e+01
8.905670000000000641e+01
8.924139999999999873e+01
8.936780000000000257e+01
8.942270000000000607e+01
8.967589999999999861e+01
8.969759999999999422e+01
9.010729999999999507e+01
9.061129999999999995e+01
9.142130000000000223e+01
9.220189999999999486e+01
9.242390000000000327e+01
9.352320000000000277e+01
9.358979999999999677e+01
9.433350000000000080e+01
9.455249999999999488e+01
9.459650000000000603e+01
9.543829999999999814e+01
9.562900000000000489e+01
9.581539999999999679e+01
9.604139999999999588e+01
9.680419999999999447e+01
9.747589999999999577e+01
9.775669999999999504e+01
9.876569999999999538e+01
9.929529999999999745e+01
1.004055000000000035e+02
1.008568999999999960e+02
1.008727999999999980e+02
1.010268999999999977e+02
1.012596999999999952e+02
1.018706999999999994e+02
1.027831000000000046e+02
1.028328000000000060e+02
1.030263000000000062e+02
1.036470000000000056e+02
1.039347999999999956e+02
1.039582000000000050e+02
1.044518999999999949e+02
1.044744000000000028e+02
1.048880000000000052e+02
1.049754999999999967e+02
1.054689999999999941e+02
1.055797000000000025e+02
1.056129999999999995e+02
1.056954999999999956e+02
1.058799000000000063e+02
1.059095999999999975e+02
1.060634000000000015e+02
1.063004999999999995e+02
1.065781999999999954e+02
1.066133999999999986e+02
1.069194999999999993e+02
1.073744999999999976e+02
1.074719999999999942e+02
1.088395000000000010e+02
1.091650000000000063e+02
1.094402000000000044e+02
1.097052999999999940e+02
1.097099999999999937e+02
1.105499999999999972e+02
1.106239999999999952e+02
1.113220000000000027e+02
1.119429999999999978e+02
1.119946999999999946e+02
1.121200000000000045e+02
1.128799999999999955e+02
1.133859999999999957e+02
1.142379999999999995e+02
1.142639999999999958e+02
1.144856000000000051e+02
1.146610000000000014e+02
1.147249999999999943e+02
1.149060000000000059e+02
1.151430000000000007e+02
1.152180000000000035e+02
1.152330000000000041e+02
1.157540000000000049e+02
1.158520000000000039e+02
1.159929999999999950e+02
1.162710000000000008e+02
1.163169999999999931e+02
1.163790000000000049e+02
1.164419999999999931e+02
1.165240000000000009e+02
1.166179999999999950e+02
1.166290000000000049e+02
1.167349999999999994e+02
1.167390000000000043e+02
1.167530000000000001e+02
1.168949999999999960e+02
1.169110000000000014e+02
1.169639999999999986e+02
1.170949999999999989e+02
1.171140000000000043e+02
1.172069999999999936e+02
1.173580000000000041e+02
1.173990000000000009e+02
1.176530000000000058e+02
1.177159999999999940e+02
1.177699999999999960e+02
1.178490000000000038e+02
1.179000000000000057e+02
1.179599999999999937e+02
1.180250000000000057e+02
1.181099999999999994e+02
1.181970000000000027e+02
1.182210000000000036e+02
1.182969999999999970e+02
1.183299999999999983e+02
1.183490000000000038e+02
1.183629999999999995e+02
1.184909999999999997e+02
1.185160000000000053e+02
1.186800000000000068e+02
1.186949999999999932e+02
1.187249999999999943e+02
1.188619999999999948e+02
1.189699999999999989e+02
1.189929999999999950e+02
1.190120000000000005e+02
1.190819999999999936e+02
1.191359999999999957e+02
1.191869999999999976e+02
1.192450000000000045e+02
1.192540000000000049e+02
1.193070000000000022e+02
1.193070000000000022e+02
1.193310000000000031e+02
1.193940000000000055e+02
1.194459999999999980e+02
1.195019999999999953e+02
1.195109999999999957e+02
1.196310000000000002e+02
1.196389999999999958e+02
1.197920000000000016e+02
1.198029999999999973e+02
1.198539999999999992e+02
1.199300000000000068e+02
1.200000000000000000e+02
1.200240000000000009e+02
1.200960000000000036e+02
1.201219999999999999e+02
1.201400000000000006e+02
1.202753000000000014e+02
1.203220000000000027e+02
1.204899999999999949e+02
1.206230000000000047e+02
1.206580000000000013e+02
1.206770000000000067e+02
1.207530000000000001e+02
1.211889999999999930e+02
1.212379999999999995e+02
1.214360000000000070e+02
1.217660000000000053e+02
1.218259999999999934e+02
1.219300000000000068e+02
1.219719999999999942e+02
1.219950000000000045e+02
1.221290000000000049e+02
1.221340000000000003e+02
1.221389999999999958e+02
1.224849999999999994e+02
1.225289999999999964e+02
1.225289999999999964e+02
1.227439999999999998e+02
1.228870000000000005e+02
1.230109999999999957e+02
1.232090000000000032e+02
1.233280000000000030e+02
1.235420000000000016e+02
1.239729999999999990e+02
1.242570000000000050e+02
1.243400000000000034e+02
1.244380000000000024e+02
1.246989999999999981e+02
1.250048000000000030e+02
1.253070000000000022e+02
1.253149999999999977e+02
1.255529999999999973e+02
1.258689999999999998e+02
1.260120000000000005e+02
1.260240000000000009e+02
1.265506000000000029e+02
1.267099999999999937e+02
1.267549999999999955e+02
1.269350000000000023e+02
1.274839999999999947e+02
1.275571999999999946e+02
1.278199999999999932e+02
1.279140000000000015e+02
1.282454999999999927e+02
1.286129999999999995e+02
1.287280000000000086e+02
1.287468000000000075e+02
1.288280000000000030e+02
1.292079999999999984e+02
1.293460000000000036e+02
1.293710000000000093e+02
1.293880000000000052e+02
1.298394999999999868e+02
1.299219999999999970e+02
1.300169999999999959e+02
1.308297000000000025e+02
1.309410000000000025e+02
1.309720000000000084e+02
1.312390000000000043e+02
1.314336999999999875e+02
1.318890000000000100e+02
1.320686000000000035e+02
1.321169999999999902e+02
1.323280000000000030e+02
1.326394999999999982e+02
1.329219999999999970e+02
1.331719999999999970e+02
1.332969999999999970e+02
1.339480000000000075e+02
1.340080000000000098e+02
1.346670000000000016e+02
1.350420000000000016e+02
1.350594000000000108e+02
1.351836999999999875e+02
1.355304999999999893e+02
1.358772999999999911e+02
1.359009000000000071e+02
1.362050000000000125e+02
1.362599999999999909e+02
1.363079999999999927e+02
1.367950999999999908e+02
1.371839999999999975e+02
1.372139999999999986e+02
1.374799999999999898e+02
1.376790000000000020e+02
1.377379999999999995e+02
1.377489999999999952e+02
1.377820000000000107e+02
1.388799999999999955e+02
1.389879999999999995e+02
1.393128000000000100e+02
1.398642000000000110e+02
1.402777000000000100e+02
1.405490000000000066e+02
1.407169000000000096e+02
1.408420000000000130e+02
1.414898000000000025e+02
1.415269999999999868e+02
1.418426000000000045e+02
1.421759000000000128e+02
1.422870000000000061e+02
1.423480000000000132e+02
1.427829000000000121e+02
1.430243000000000109e+02
1.434339999999999975e+02
1.434903999999999940e+02
1.436236000000000104e+02
1.442138999999999953e+02
1.445983999999999980e+02
1.449057999999999993e+02
1.449689999999999941e+02
1.450303999999999860e+02
1.452293999999999983e+02
1.458001999999999896e+02
1.459412000000000091e+02
1.463752000000000066e+02
1.463838000000000079e+02
1.466069999999999993e+02
1.466179999999999950e+02
1.470697000000000116e+02
1.472394999999999925e+02
1.473977999999999895e+02
1.474935000000000116e+02
1.476058999999999912e+02
1.481229999999999905e+02
1.481544000000000096e+02
1.482769999999999868e+02
1.485328000000000088e+02
1.488831000000000131e+02
1.492834000000000003e+02
1.493366000000000042e+02
1.495430000000000064e+02
1.496687000000000012e+02
1.499809999999999945e+02
1.503368000000000109e+02
1.504756999999999891e+02
1.505388000000000090e+02
1.508632000000000062e+02
1.510506000000000029e+02
1.512464999999999975e+02
1.513366000000000042e+02
1.514491999999999905e+02
1.515279999999999916e+02
1.517631000000000085e+02
1.519491999999999905e+02
1.519836999999999989e+02
1.520540000000000020e+02
1.524859999999999900e+02
1.525764000000000067e+02
1.531855999999999938e+02
1.532130999999999972e+02
1.533985999999999876e+02
1.535002000000000066e+02
1.535120000000000005e+02
1.537558999999999969e+02
1.540238999999999976e+02
1.540389000000000124e+02
1.540587999999999909e+02
1.541702999999999975e+02
1.543460000000000036e+02
1.544677000000000078e+02
1.547958000000000141e+02
1.550653000000000077e+02
1.551119999999999948e+02
1.551389000000000067e+02
1.552646000000000015e+02
1.553896000000000015e+02
1.555133999999999901e+02
1.555703000000000031e+02
1.558344999999999914e+02
1.565923999999999978e+02
1.566415000000000077e+02
1.567350000000000136e+02
1.569415999999999940e+02
1.579491999999999905e+02
1.579650000000000034e+02
1.580626000000000033e+02
1.581995000000000005e+02
1.583470000000000084e+02
1.583682000000000016e+02
1.583797000000000139e+02
1.585870999999999924e+02
1.590165000000000077e+02
1.593556000000000097e+02
1.593750000000000000e+02
1.595120000000000005e+02
1.598402000000000100e+02
1.602387999999999977e+02
1.604848000000000070e+02
1.605280999999999949e+02
1.605622999999999934e+02
1.605657999999999959e+02
1.605694000000000017e+02
1.605735999999999990e+02
1.605775999999999897e+02
1.605819999999999936e+02
1.605863999999999976e+02
1.605914999999999964e+02
1.605969000000000051e+02
1.606023999999999887e+02
1.606084999999999923e+02
1.606149000000000058e+02
1.606218000000000075e+02
1.606293000000000006e+02
1.606372000000000071e+02
1.606457000000000050e+02
1.606548999999999978e+02
1.606648999999999887e+02
1.606756000000000029e+02
1.606834000000000060e+02
1.606872999999999934e+02
1.607000999999999920e+02
1.607139999999999986e+02
1.607290000000000134e+02
1.607453999999999894e+02
1.607635999999999967e+02
1.607837000000000103e+02
1.608060000000000116e+02
1.608139999999999930e+02
1.608306000000000040e+02
1.608580000000000041e+02
1.608639000000000010e+02
1.608887000000000000e+02
1.609232000000000085e+02
1.609619000000000142e+02
1.610058999999999969e+02
1.610295999999999879e+02
1.610560999999999865e+02
1.611135999999999910e+02
1.611800000000000068e+02
1.612572999999999865e+02
1.613479000000000099e+02
1.614551999999999907e+02
1.615834000000000117e+02
1.616923999999999921e+02
1.617384000000000128e+02
1.617915000000000134e+02
1.619282000000000039e+02
1.619282000000000039e+02
1.621296000000000106e+02
1.621425999999999874e+02
1.621641999999999939e+02
1.621641999999999939e+02
1.622427999999999884e+02
1.624625000000000057e+02
1.624625000000000057e+02
1.628465999999999951e+02
1.628485000000000014e+02
1.630268000000000086e+02
1.632323000000000093e+02
1.633537000000000035e+02
1.633583000000000141e+02
1.636605000000000132e+02
1.639749999999999943e+02
1.640435999999999979e+02
1.640517999999999859e+02
1.642210000000000036e+02
1.647030000000000030e+02
1.649457999999999913e+02
1.650132999999999868e+02
1.650159999999999911e+02
1.650298999999999978e+02
1.651719999999999970e+02
1.655318000000000040e+02
1.656322000000000116e+02
1.660001000000000033e+02
1.663001999999999896e+02
1.664312999999999931e+02
1.664719000000000051e+02
1.671483000000000061e+02
1.672776000000000067e+02
1.673439999999999941e+02
1.679139999999999873e+02
1.684673999999999978e+02
1.685695000000000050e+02
1.687052999999999940e+02
1.688077000000000112e+02
1.688848999999999876e+02
1.691064000000000078e+02
1.692653999999999996e+02
1.701290999999999940e+02
1.702100000000000080e+02
1.703842999999999961e+02
1.704370000000000118e+02
1.709396999999999878e+02
1.713365000000000009e+02
1.717720999999999947e+02
1.722369999999999948e+02
1.725668000000000006e+02
1.730569999999999879e+02
1.731320000000000050e+02
1.732667999999999893e+02
1.736551000000000045e+02
1.741370000000000005e+02
1.741576000000000022e+02
1.749201999999999941e+02
1.753281000000000063e+02
1.768859999999999957e+02
1.774825999999999908e+02
1.797990000000000066e+02
1.817264999999999873e+02
1.817560000000000002e+02
1.819230000000000018e+02
1.825348999999999933e+02
1.837040000000000077e+02
1.840910000000000082e+02
1.849619999999999891e+02
1.867239999999999895e+02
1.918710000000000093e+02
1.929750999999999976e+02
1.944596999999999980e+02
1.946493000000000109e+02
1.957518000000000029e+02
1.966310000000000002e+02
1.970494999999999948e+02
1.971949999999999932e+02
1.977026999999999930e+02
1.978129999999999882e+02
1.979955999999999960e+02
1.981649999999999920e+02
1.986111999999999966e+02
1.989855000000000018e+02
1.991876000000000033e+02
1.999499999999999886e+02
2.000346000000000117e+02
2.009901999999999873e+02
2.013870000000000005e+02
2.024599000000000046e+02
2.024653999999999883e+02
2.024978999999999871e+02
2.024989999999999952e+02
2.036508000000000038e+02
2.037781999999999982e+02
2.044457999999999913e+02
2.046348000000000127e+02
2.055637999999999863e+02
2.058340000000000032e+02
2.061419999999999959e+02
2.061419999999999959e+02
2.065240000000000009e+02
2.065240000000000009e+02
2.068980999999999995e+02
2.070070000000000050e+02
2.070070000000000050e+02
2.076320000000000050e+02
2.079325000000000045e+02
2.080197000000000003e+02
2.084574000000000069e+02
2.095826999999999884e+02
2.095960000000000036e+02
2.099063999999999908e+02
2.105465000000000089e+02
2.105780000000000030e+02
2.111674999999999898e+02
2.111948999999999899e+02
2.112769000000000119e+02
2.113930000000000007e+02
2.117980000000000018e+02
2.123651000000000124e+02
2.125020000000000095e+02
2.126716000000000122e+02
2.131434999999999889e+02
2.134955999999999960e+02
2.135013999999999896e+02
2.135626000000000033e+02
2.136655000000000086e+02
2.139219999999999970e+02
2.141040000000000134e+02
2.141208000000000027e+02
2.149660000000000082e+02
2.157959999999999923e+02
2.161999000000000137e+02
2.165773000000000081e+02
2.170267000000000053e+02
2.172515999999999963e+02
2.175663999999999874e+02
2.179626000000000090e+02
2.180092999999999961e+02
2.182402999999999906e+02
2.190314999999999941e+02
2.192952999999999975e+02
2.196368999999999971e+02
2.200269999999999868e+02
2.200439000000000078e+02
2.201195999999999913e+02
2.210494999999999948e+02
2.210956999999999937e+02
2.215270999999999901e+02
2.215795999999999992e+02
2.216343999999999994e+02
2.218798999999999921e+02
2.226389000000000067e+02
2.227472999999999956e+02
2.228468000000000018e+02
2.229560999999999922e+02
2.230776999999999930e+02
2.236973000000000127e+02
2.239148999999999887e+02
2.243314000000000021e+02
2.244961000000000126e+02
2.247699000000000069e+02
2.248199999999999932e+02
2.255985000000000014e+02
2.261228000000000122e+02
2.263783999999999992e+02
2.264485999999999990e+02
2.276961000000000013e+02
2.287350000000000136e+02
2.294551999999999907e+02
2.295074999999999932e+02
2.300180000000000007e+02
2.303825999999999965e+02
2.320276000000000067e+02
2.349071000000000140e+02
2.363920999999999992e+02
2.368890000000000100e+02
2.370613999999999919e+02
2.392470000000000141e+02
2.393359000000000094e+02
2.404068000000000040e+02
2.405595999999999890e+02
2.406229999999999905e+02
2.407396999999999991e+02
2.413069999999999879e+02
2.415930999999999926e+02
2.417339000000000055e+02
2.421340999999999894e+02
2.442376999999999896e+02
2.445180000000000007e+02
2.458480000000000132e+02
2.459619999999999891e+02
2.461670000000000016e+02
2.469159999999999968e+02
2.471579999999999870e+02
2.475566000000000031e+02
2.480312999999999874e+02
2.480502999999999929e+02
2.483110000000000070e+02
2.486542000000000030e+02
2.487210000000000036e+02
2.490404000000000053e+02
2.492898000000000138e+02
2.495639999999999930e+02
2.507027999999999963e+02
2.509250000000000114e+02
2.523139999999999930e+02
2.527352999999999952e+02
2.537429999999999950e+02
2.537620000000000005e+02
2.539420000000000073e+02
2.541140000000000043e+02
2.545569000000000131e+02
2.548240000000000123e+02
2.553329999999999984e+02
2.554060000000000059e+02
2.563935000000000173e+02
2.564320999999999913e+02
2.564723999999999933e+02
2.567139999999999986e+02
2.568099000000000274e+02
2.570658000000000243e+02
2.571569999999999823e+02
2.572525999999999726e+02
2.574100000000000250e+02
2.577889999999999873e+02
2.580059999999999718e+02
2.591304000000000087e+02
2.594429999999999836e+02
2.595919999999999845e+02
2.601046999999999798e+02
2.606039999999999850e+02
2.610090000000000146e+02
2.610099999999999909e+02
2.612080000000000268e+02
2.619146999999999821e+02
2.623657999999999788e+02
2.627461000000000126e+02
2.628149000000000228e+02
2.629644000000000119e+02
2.630788000000000011e+02
2.635717999999999961e+02
2.642336999999999989e+02
2.644621999999999957e+02
2.644710000000000036e+02
2.646091000000000122e+02
2.646981999999999857e+02
2.650629000000000133e+02
2.652228999999999814e+02
2.652481999999999971e+02
2.652853999999999814e+02
2.667083999999999833e+02
2.667379999999999995e+02
2.671997999999999820e+02
2.677223000000000184e+02
2.679990000000000236e+02
2.688480000000000132e+02
2.690097999999999843e+02
2.694879999999999995e+02
2.697180000000000177e+02
2.701763000000000261e+02
2.703450000000000273e+02
2.703450000000000273e+02
2.703985999999999876e+02
2.704889999999999759e+02
2.705980000000000132e+02
2.708299999999999841e+02
2.714311999999999898e+02
2.714800000000000182e+02
2.715339999999999918e+02
2.716150000000000091e+02
2.716347999999999843e+02
2.719583999999999833e+02
2.719653000000000134e+02
2.719902999999999906e+02
2.721005000000000109e+02
2.721429999999999723e+02
2.722482999999999720e+02
2.722559999999999718e+02
2.723507999999999925e+02
2.724759999999999991e+02
2.735667000000000257e+02
2.738152000000000044e+02
2.738417999999999779e+02
2.745160000000000196e+02
2.746082999999999856e+02
2.746263999999999896e+02
2.747524999999999977e+02
2.749409999999999741e+02
2.750199999999999818e+02
2.750547000000000253e+02
2.751598999999999933e+02
2.752099999999999795e+02
2.752139999999999986e+02
2.752624000000000137e+02
2.756499999999999773e+02
2.759035999999999831e+02
2.761070000000000277e+02
2.763399999999999750e+02
2.763399999999999750e+02
2.763910000000000196e+02
2.763910000000000196e+02
2.764624999999999773e+02
2.765579000000000178e+02
2.766116999999999848e+02
2.767187999999999874e+02
2.767187999999999874e+02
2.769696000000000140e+02
2.770486999999999966e+02
2.774519999999999982e+02
2.775299999999999727e+02
2.781648999999999887e+02
2.783412999999999897e+02
2.784372000000000185e+02
2.787318000000000211e+02
2.792617999999999938e+02
2.792774000000000001e+02
2.794309000000000083e+02
2.796868999999999801e+02
2.800353000000000065e+02
2.803381999999999721e+02
2.804511999999999716e+02
2.806539999999999964e+02
2.810609999999999786e+02
2.811632000000000176e+02
2.813570000000000277e+02
2.813570000000000277e+02
2.813770000000000095e+02
2.814386999999999830e+02
2.816539999999999964e+02
2.818299999999999841e+02
2.819510000000000218e+02
2.822060000000000173e+02
2.823690000000000282e+02
2.825201000000000136e+02
2.830249999999999773e+02
2.830710000000000264e+02
2.830710000000000264e+02
2.833319999999999936e+02
2.835129999999999768e+02
2.838170000000000073e+02
2.838201999999999998e+02
2.841759999999999877e+02
2.844995999999999867e+02
2.845677999999999770e+02
2.847314999999999827e+02
2.852581000000000131e+02
2.857499000000000251e+02
2.858586999999999989e+02
2.859064999999999941e+02
2.859574000000000069e+02
2.862909999999999968e+02
2.868475000000000250e+02
2.869311999999999898e+02
2.869311999999999898e+02
2.870640000000000214e+02
2.875403999999999769e+02
2.876084000000000174e+02
2.876510000000000105e+02
2.876868999999999801e+02
2.877943999999999960e+02
2.877945000000000277e+02
2.879700000000000273e+02
2.879700000000000273e+02
2.880588000000000193e+02
2.883779999999999859e+02
2.885042000000000257e+02
2.886254000000000133e+02
2.886254000000000133e+02
2.891689999999999827e+02
2.892490000000000236e+02
2.897679999999999723e+02
2.898899999999999864e+02
2.900480000000000018e+02
2.902029999999999745e+02
2.905310000000000059e+02
2.906512999999999920e+02
2.912067999999999870e+02
2.913768999999999778e+02
2.921150999999999840e+02
2.923684999999999832e+02
2.924067999999999756e+02
2.924560000000000173e+02
2.925738000000000056e+02
2.926295000000000073e+02
2.926913000000000125e+02
2.931272999999999911e+02
2.932556999999999903e+02
2.933917999999999893e+02
2.938625000000000114e+02
2.939726999999999748e+02
2.940312999999999874e+02
2.943299999999999841e+02
2.946089999999999804e+02
2.946089999999999804e+02
2.951268999999999778e+02
2.952069999999999936e+02
2.962029999999999745e+02
2.970670000000000073e+02
2.972370000000000232e+02
2.975543000000000120e+02
2.979164000000000101e+02
2.979739999999999895e+02
2.980249000000000024e+02
2.982993000000000166e+02
2.983634999999999877e+02
2.983908000000000129e+02
2.985138000000000034e+02
2.986797000000000253e+02
2.987205999999999904e+02
2.989882000000000062e+02
2.990874000000000024e+02
2.990874000000000024e+02
2.992653000000000247e+02
2.995000000000000000e+02
2.995000000000000000e+02
2.998238000000000056e+02
2.999257999999999811e+02
3.002110000000000127e+02
3.002649000000000115e+02
3.003156000000000176e+02
3.005609999999999786e+02
3.008679999999999950e+02
3.008999999999999773e+02
3.008999999999999773e+02
3.011714999999999804e+02
3.012882999999999925e+02
3.013652999999999906e+02
3.014388000000000147e+02
3.015726000000000226e+02
3.017119999999999891e+02
3.018969999999999914e+02
3.022423999999999751e+02
3.023487999999999829e+02
3.025874999999999773e+02
3.028700000000000045e+02
3.030480000000000018e+02
3.031139999999999759e+02
3.034363000000000170e+02
3.035437999999999761e+02
3.036985000000000241e+02
3.040371999999999844e+02
3.041351999999999975e+02
3.042509999999999764e+02
3.044913999999999987e+02
3.045910999999999831e+02
3.048682000000000016e+02
3.052789000000000215e+02
3.053442000000000007e+02
3.054270000000000209e+02
3.058249999999999886e+02
3.061730000000000018e+02
3.064300999999999817e+02
3.066902000000000044e+02
3.069798000000000116e+02
3.071859999999999786e+02
3.072850000000000250e+02
3.074691000000000258e+02
3.083430000000000177e+02
3.085860000000000127e+02
3.085860000000000127e+02
3.085860000000000127e+02
3.087370000000000232e+02
3.089028999999999883e+02
3.094886999999999944e+02
3.100828000000000202e+02
3.107812999999999874e+02
3.109354000000000156e+02
3.109506999999999834e+02
3.114384999999999764e+02
3.117251999999999725e+02
3.119259000000000128e+02
3.121340000000000146e+02
3.122839999999999918e+02
3.123910000000000196e+02
3.125278999999999883e+02
3.127015000000000100e+02
3.129608000000000061e+02
3.132239999999999895e+02
3.135919999999999845e+02
3.138629999999999995e+02
3.140079999999999814e+02
3.141222000000000207e+02
3.143353999999999928e+02
3.143706999999999994e+02
3.147731999999999744e+02
3.149245000000000232e+02
3.149479999999999791e+02
3.150419999999999732e+02
3.152529999999999859e+02
3.153199999999999932e+02
3.157543000000000006e+02
3.158929999999999723e+02
3.160962000000000103e+02
3.170597999999999956e+02
3.172581000000000131e+02
3.176589999999999918e+02
3.180262999999999920e+02
3.193140000000000214e+02
3.195022000000000162e+02
3.209157999999999902e+02
3.210425000000000182e+02
3.212359999999999900e+02
3.218570000000000277e+02
3.219132999999999925e+02
3.221580000000000155e+02
3.222280000000000086e+02
3.224365999999999985e+02
3.225595000000000141e+02
3.226019000000000005e+02
3.226628999999999792e+02
3.227472999999999956e+02
3.227533999999999992e+02
3.232110999999999876e+02
3.234832000000000107e+02
3.236646999999999821e+02
3.240090000000000146e+02
3.244100000000000250e+02
3.248476999999999748e+02
3.253158000000000243e+02
3.266965000000000146e+02
3.269220000000000255e+02
3.274900999999999840e+02
3.278254000000000019e+02
3.280760000000000218e+02
3.283661999999999921e+02
3.285962999999999852e+02
3.285962999999999852e+02
3.287139999999999986e+02
3.291365999999999872e+02
3.291489000000000260e+02
3.293340999999999781e+02
3.293774999999999977e+02
3.293913000000000011e+02
3.294764000000000124e+02
3.295117000000000189e+02
3.301831000000000245e+02
3.302180000000000177e+02
3.303738000000000170e+02
3.306481999999999744e+02
3.308899999999999864e+02
3.310511000000000195e+02
3.311940000000000168e+02
3.314153000000000020e+02
3.315769999999999982e+02
3.317230000000000132e+02
3.318172999999999888e+02
3.320636999999999830e+02
3.326768999999999892e+02
3.330593999999999824e+02
3.336173999999999751e+02
3.338804999999999836e+02
3.339608000000000061e+02
3.343414999999999964e+02
3.343729999999999905e+02
3.350242000000000075e+02
3.354429999999999836e+02
3.355437999999999761e+02
3.359239999999999782e+02
3.359710000000000036e+02
3.363090000000000259e+02
3.366308999999999969e+02
3.366614999999999895e+02
3.371422000000000025e+02
3.375921000000000163e+02
3.376150000000000091e+02
3.376641000000000190e+02
3.379676999999999794e+02
3.379676999999999794e+02
3.380624000000000251e+02
3.380835000000000150e+02
3.381682999999999879e+02
3.382094999999999914e+02
3.382391999999999825e+02
3.385769999999999982e+02
3.385917000000000030e+02
3.386365999999999872e+02
3.389039999999999964e+02
3.392989999999999782e+02
3.396451000000000136e+02
3.397298999999999864e+02
3.403220000000000027e+02
3.404083999999999719e+02
3.405640000000000214e+02
3.414085999999999785e+02
3.414322000000000230e+02
3.414995999999999867e+02
3.416779999999999973e+02
3.421147000000000276e+02
3.423079999999999927e+02
3.428849999999999909e+02
3.434956000000000245e+02
3.437527999999999793e+02
3.441492999999999824e+02
3.448577999999999975e+02
3.451320999999999799e+02
3.455676000000000272e+02
3.458840999999999894e+02
3.460418999999999983e+02
3.463129000000000133e+02
3.464490999999999872e+02
3.466392999999999915e+02
3.467230000000000132e+02
3.472742000000000075e+02
3.473134999999999764e+02
3.475572999999999979e+02
3.476994000000000256e+02
3.482610999999999990e+02
3.484757999999999925e+02
3.488564000000000078e+02
3.489855999999999767e+02
3.491956999999999880e+02
3.495500000000000114e+02
3.499064000000000192e+02
3.499938999999999965e+02
3.501324999999999932e+02
3.502253000000000043e+02
3.502531000000000176e+02
3.506061000000000263e+02
3.508410000000000082e+02
3.512839000000000169e+02
3.512989000000000033e+02
3.513125000000000000e+02
3.518045000000000186e+02
3.521037000000000035e+02
3.525239000000000260e+02
3.528489999999999895e+02
3.531392000000000166e+02
3.534755999999999858e+02
3.545975999999999999e+02
3.547445999999999913e+02
3.549879999999999995e+02
3.553709999999999809e+02
3.567149000000000001e+02
3.595049000000000206e+02
3.599037999999999897e+02
3.600158999999999878e+02
3.603059999999999832e+02
3.608229999999999791e+02
3.610323999999999955e+02
3.611838999999999942e+02
3.614791999999999916e+02
3.615249000000000024e+02
3.621383999999999901e+02
3.622278000000000020e+02
3.625269000000000119e+02
3.628349999999999795e+02
3.630806000000000040e+02
3.633342999999999847e+02
3.633593000000000188e+02
3.636951999999999998e+02
3.640459999999999923e+02
3.642730999999999995e+02
3.644669999999999845e+02
3.646270999999999844e+02
3.649422999999999888e+02
3.651895000000000095e+02
3.653380000000000223e+02
3.655283999999999764e+02
3.656900999999999726e+02
3.657826999999999771e+02
3.660394999999999754e+02
3.665120000000000005e+02
3.666779000000000224e+02
3.672998999999999796e+02
3.677925000000000182e+02
3.684048999999999978e+02
3.685720999999999776e+02
3.685978999999999814e+02
3.687604000000000042e+02
3.688487999999999829e+02
3.688758000000000266e+02
3.696410000000000196e+02
3.700149999999999864e+02
3.701589000000000169e+02
3.702123000000000275e+02
3.703969999999999914e+02
3.708170000000000073e+02
3.713065000000000282e+02
3.721829000000000178e+02
3.722724999999999795e+02
3.735242000000000075e+02
3.742305999999999813e+02
3.744427000000000021e+02
3.745760000000000218e+02
3.746421000000000276e+02
3.749340000000000259e+02
3.753129999999999882e+02
3.754585999999999899e+02
3.759363999999999919e+02
3.760559999999999832e+02
3.765907000000000266e+02
3.772975999999999885e+02
3.778039999999999736e+02
3.780140000000000100e+02
3.781118999999999915e+02
3.786569999999999823e+02
3.787345000000000255e+02
3.791879999999999882e+02
3.798322999999999752e+02
3.798926999999999907e+02
3.800960000000000036e+02
3.801580999999999904e+02
3.804150000000000205e+02
3.804569999999999936e+02
3.805210000000000150e+02
3.806311999999999784e+02
3.810260000000000105e+02
3.813029999999999973e+02
3.814624000000000024e+02
3.818573000000000093e+02
3.819963000000000193e+02
3.821967999999999961e+02
3.823559999999999945e+02
3.826132000000000062e+02
3.828007000000000062e+02
3.836829999999999927e+02
3.837789999999999964e+02
3.837789999999999964e+02
3.839064999999999941e+02
3.845600000000000023e+02
3.849347000000000207e+02
3.861567000000000007e+02
3.861902999999999793e+02
3.862841999999999985e+02
3.863876000000000204e+02
3.865233000000000061e+02
3.882780000000000200e+02
3.882814000000000192e+02
3.885231999999999744e+02
3.887019999999999982e+02
3.887019999999999982e+02
3.889499999999999886e+02
3.894026999999999816e+02
3.900319999999999823e+02
3.904282999999999788e+02
3.913442999999999756e+02
3.921764000000000010e+02
3.922377000000000180e+02
3.926385000000000218e+02
3.934139999999999873e+02
3.934381999999999948e+02
3.948054999999999950e+02
3.952733999999999810e+02
3.954929999999999950e+02
3.965280000000000200e+02
3.976800000000000068e+02
3.981080000000000041e+02
3.988152000000000044e+02
3.994431000000000154e+02
3.994821000000000026e+02
3.999148000000000138e+02
4.004159999999999968e+02
4.004608000000000061e+02
4.011177000000000135e+02
4.011970000000000027e+02
4.023765999999999963e+02
4.028163999999999874e+02
4.033786999999999807e+02
4.044626000000000090e+02
4.044893000000000143e+02
4.051761000000000195e+02
4.053525000000000205e+02
4.063788000000000125e+02
4.064386000000000081e+02
4.069254999999999995e+02
4.070679999999999836e+02
4.074374000000000251e+02
4.076723000000000070e+02
4.081686000000000263e+02
4.091639999999999873e+02
4.098371000000000208e+02
4.105375999999999976e+02
4.112599999999999909e+02
4.122900000000000205e+02
4.124449999999999932e+02
4.132527999999999793e+02
4.144184999999999945e+02
4.154793999999999983e+02
4.162312999999999761e+02
4.165457999999999856e+02
4.173027000000000157e+02
4.178935999999999922e+02
4.180690000000000168e+02
4.213052000000000135e+02
4.220000000000000000e+02
4.231639999999999873e+02
4.232099999999999795e+02
4.243450000000000273e+02
4.250151999999999930e+02
4.254587000000000216e+02
4.256832999999999743e+02
4.260600000000000023e+02
4.268405000000000200e+02
4.276309999999999718e+02
4.281166000000000054e+02
4.284610000000000127e+02
4.293677999999999884e+02
4.329900000000000091e+02
4.337219999999999800e+02
4.353190000000000168e+02
4.354019999999999868e+02
4.355960000000000036e+02
4.356460000000000150e+02
4.366596999999999866e+02
4.372069999999999936e+02
4.372629999999999768e+02
4.374660000000000082e+02
4.378340000000000032e+02
4.379429999999999836e+02
4.387649999999999864e+02
4.398199999999999932e+02
4.416779999999999973e+02
4.425049999999999955e+02
4.446078999999999724e+02
4.481607000000000198e+02
4.507266000000000190e+02
4.508609999999999900e+02
4.510638999999999896e+02
4.514458000000000197e+02
4.517316000000000145e+02
4.526381000000000085e+02
4.532054999999999723e+02
4.540967999999999734e+02
4.542305000000000064e+02
4.557196999999999889e+02
4.588260000000000218e+02
4.598193999999999733e+02
4.643879999999999768e+02
4.650572999999999979e+02
4.652425999999999817e+02
4.662667999999999893e+02
4.673009999999999877e+02
4.674884999999999877e+02
4.676030000000000086e+02
4.678648999999999774e+02
4.683303999999999974e+02
4.698804999999999836e+02
4.703029999999999973e+02
4.705910000000000082e+02
4.759764000000000124e+02
4.768820000000000050e+02
4.777559999999999718e+02
4.795339999999999918e+02
4.798383000000000038e+02
4.814293000000000120e+02
4.843643000000000143e+02
4.852617000000000189e+02
4.856344000000000278e+02
4.867459999999999809e+02
4.874664999999999964e+02
4.902796000000000163e+02
4.911105000000000018e+02
4.919748999999999910e+02
4.927798999999999978e+02
4.928790000000000191e+02
4.933075000000000045e+02
4.938070000000000164e+02
4.944406000000000176e+02
4.955106000000000108e+02
4.986897000000000162e+02
5.008197999999999865e+02
5.011247999999999934e+02
5.014017999999999802e+02
5.018009999999999877e+02
5.022678999999999974e+02
5.035760000000000218e+02
5.040421000000000049e+02
5.048754999999999882e+02
5.053201999999999998e+02
5.060319999999999823e+02
5.066870999999999867e+02
5.068507000000000176e+02
5.073716000000000008e+02
5.077588000000000079e+02
5.089694999999999823e+02
5.095235999999999876e+02
5.095699999999999932e+02
5.101487999999999943e+02
5.106963999999999828e+02
5.113337999999999965e+02
5.116920000000000073e+02
5.125904000000000451e+02
5.144099999999999682e+02
5.145552999999999884e+02
5.154670999999999594e+02
5.159529999999999745e+02
5.159800000000000182e+02
5.170410000000000537e+02
5.177039999999999509e+02
5.184810999999999694e+02
5.202319999999999709e+02
5.209790000000000418e+02
5.214230999999999767e+02
5.219655000000000200e+02
5.220660000000000309e+02
5.221522999999999683e+02
5.239109999999999445e+02
5.251979999999999791e+02
5.270059999999999718e+02
5.271458000000000084e+02
5.277993000000000166e+02
5.285000000000000000e+02
5.293990000000000009e+02
5.319260000000000446e+02
5.322279999999999518e+02
5.325259999999999536e+02
5.354154999999999518e+02
5.356440000000000055e+02
5.358819999999999482e+02
5.361521000000000186e+02
5.369876000000000431e+02
5.371280000000000427e+02
5.372770000000000437e+02
5.378361999999999625e+02
5.379660000000000082e+02
5.393120000000000118e+02
5.399909000000000106e+02
5.409840000000000373e+02
5.419990000000000236e+02
5.433559999999999945e+02
5.464655999999999949e+02
5.496470000000000482e+02
5.531559999999999491e+02
5.537319999999999709e+02
5.556477999999999611e+02
5.575489999999999782e+02
5.610560000000000400e+02
5.630800000000000409e+02
5.648099999999999454e+02
5.701821999999999662e+02
5.703700000000000045e+02
5.729550000000000409e+02
5.733914999999999509e+02
5.770159999999999627e+02
5.771349999999999909e+02
5.783735000000000355e+02
5.807599000000000160e+02
5.832880000000000109e+02
5.835131999999999834e+02
5.852340000000000373e+02
5.852699999999999818e+02
5.858559999999999945e+02
5.899605000000000246e+02
5.936390000000000100e+02
5.939221999999999753e+02
5.942842000000000553e+02
5.966900000000000546e+02
5.968239999999999554e+02
5.994919999999999618e+02
6.001781999999999471e+02
6.024932000000000016e+02
6.033999999999999773e+02
6.073899000000000115e+02
6.082025999999999613e+02
6.101679000000000315e+02
6.102559999999999718e+02
6.109103000000000065e+02
6.116185000000000400e+02
6.129429999999999836e+02
6.152086000000000467e+02
6.155924999999999727e+02
6.167400000000000091e+02
6.173745000000000118e+02
6.188596000000000004e+02
6.190388000000000375e+02
6.199806999999999562e+02
6.205978000000000065e+02
6.210175000000000409e+02
6.218659000000000106e+02
6.221565000000000509e+02
6.222830000000000155e+02
6.225380000000000109e+02
6.235510000000000446e+02
6.255099999999999909e+02
6.263579999999999472e+02
6.270030000000000427e+02
6.275084000000000515e+02
6.290434999999999945e+02
6.302752000000000407e+02
6.307716000000000349e+02
6.314238000000000284e+02
6.327200000000000273e+02
6.328215000000000146e+02
6.359850000000000136e+02
6.371029999999999518e+02
6.375030000000000427e+02
6.375099999999999909e+02
6.379602999999999611e+02
6.405153999999999996e+02
6.416950000000000500e+02
6.425660000000000309e+02
6.429349999999999454e+02
6.435130000000000337e+02
6.444746000000000095e+02
6.450340999999999667e+02
6.468033000000000357e+02
6.471956000000000131e+02
6.475990000000000464e+02
6.483228000000000293e+02
6.486213000000000193e+02
6.486970000000000027e+02
6.507939999999999827e+02
6.514339999999999691e+02
6.519117999999999711e+02
6.531887000000000398e+02
6.552789999999999964e+02
6.553096000000000458e+02
6.567350000000000136e+02
6.578896999999999480e+02
6.585359999999999445e+02
6.601499999999999773e+02
6.623440000000000509e+02
6.626121000000000549e+02
6.631499999999999773e+02
6.636499999999999773e+02
6.643229999999999791e+02
6.645960000000000036e+02
6.662800999999999476e+02
6.674070000000000391e+02
6.743279999999999745e+02
6.751150000000000091e+02
6.772231000000000449e+02
6.777509999999999764e+02
6.795069999999999482e+02
6.808093999999999824e+02
6.811526000000000067e+02
6.823740000000000236e+02
6.825085000000000264e+02
6.837350000000000136e+02
6.842880000000000109e+02
6.846046000000000049e+02
6.870685999999999467e+02
6.874126999999999725e+02
6.881301999999999452e+02
6.883840000000000146e+02
6.891820000000000164e+02
6.892799999999999727e+02
6.892799999999999727e+02
6.907849999999999682e+02
6.921970000000000027e+02
6.937730000000000246e+02
6.939466999999999643e+02
6.954788999999999533e+02
6.970259999999999536e+02
6.979496000000000322e+02
7.001979999999999791e+02
7.024796999999999798e+02
7.041309999999999718e+02
7.041309999999999718e+02
7.041309999999999718e+02
7.126620000000000346e+02
7.156259999999999764e+02
7.195539999999999736e+02
7.196879000000000133e+02
7.328025999999999840e+02
7.333713999999999942e+02
7.384311000000000149e+02
7.406393000000000484e+02
7.429199999999999591e+02
7.436204000000000178e+02
7.454600000000000364e+02
7.564097000000000435e+02
7.572169999999999845e+02
7.654438999999999851e+02
7.666757999999999811e+02
7.683902000000000498e+02
7.746227999999999838e+02
7.780878999999999905e+02
7.807332000000000107e+02
7.809806999999999562e+02
7.827807000000000244e+02
7.862740000000000009e+02
7.892738000000000511e+02
7.904727000000000317e+02
7.935312000000000126e+02
7.946622999999999593e+02
7.974225999999999885e+02
7.990359999999999445e+02
8.008410000000000082e+02
8.094859000000000151e+02
8.279835000000000491e+02
8.285436999999999443e+02
8.410460000000000491e+02
8.505732000000000426e+02
8.513398999999999432e+02
8.586399999999999864e+02
8.611499000000000024e+02
8.833700000000000045e+02
8.998700000000000045e+02
9.216280000000000427e+02
9.259299999999999500e+02
9.266079999999999472e+02
9.475000000000000000e+02
9.532899999999999636e+02
9.742300000000000182e+02
9.815904000000000451e+02
9.830673000000000457e+02
9.833493999999999460e+02
9.863984000000000378e+02
9.866842000000000326e+02
9.886679000000000315e+02
9.919138000000000375e+02
9.920673000000000457e+02
9.928315000000000055e+02
9.941722999999999502e+02
9.963084999999999809e+02
1.000933099999999968e+03
1.002571699999999964e+03
1.004084500000000048e+03
1.005769400000000019e+03
1.008311699999999973e+03
1.012730000000000018e+03
1.014956000000000017e+03
1.017479000000000042e+03
1.018200000000000045e+03
1.077470000000000027e+03
1.088630000000000109e+03
1.112119999999999891e+03
1.601016000000000076e+03
1.601097700000000032e+03
1.664349699999999984e+03
1.665356299999999919e+03
1.665444500000000062e+03
1.820126099999999951e+03
1.822400200000000041e+03
1.823385500000000093e+03
2.062344999999999800e+03
2.065253999999999905e+03
2.134942000000000007e+03
2.136670000000000073e+03
2.150581999999999880e+03
2.151958999999999833e+03
2.238891000000000076e+03
2.368795000000000073e+03
2.603909999999999854e+03
2.605929999999999836e+03
2.885333000000000084e+03
2.885601999999999862e+03
3.214447000000000116e+03
3.490117999999999938e+03
3.966592999999999847e+03
3.972271999999999935e+03
3.978018999999999778e+03
4.003563000000000102e+03
4.008322000000000116e+03
4.589238000000000284e+03
4.594689999999999600e+03
4.605920000000000073e+03
4.621310000000000400e+03
4.644180000000000291e+03
4.644180000000000291e+03
5.167122999999999593e+03
5.298560000000000400e+03
7.315960000000000036e+03
7.329560000000000400e+03
7.344340000000000146e+03
7.383560000000000400e+03
7.438869999999999891e+03
7.438869999999999891e+03
7.680630000000000109e+03
7.829760000000000218e+03
