2.357630000000000052e+02
2.388089999999999975e+02
2.403019999999999925e+02
2.410740000000000123e+02
2.423489999999999895e+02
2.440579999999999927e+02
2.455889999999999986e+02
2.460730000000000075e+02
2.472150000000000034e+02
2.481680000000000064e+02
2.491359999999999957e+02
2.511069999999999993e+02
2.514310000000000116e+02
2.518369999999999891e+02
2.544569999999999936e+02
2.545879999999999939e+02
2.553060000000000116e+02
2.558710000000000093e+02
2.560980000000000132e+02
2.567019999999999982e+02
2.586070000000000277e+02
2.592339999999999804e+02
2.593319999999999936e+02
2.600939999999999941e+02
2.601539999999999964e+02
2.609470000000000027e+02
2.624470000000000027e+02
2.635590000000000259e+02
2.642939999999999827e+02
2.646139999999999759e+02
2.668729999999999905e+02
2.677640000000000100e+02
2.678140000000000214e+02
2.690110000000000241e+02
2.693629999999999995e+02
2.709809999999999945e+02
2.727980000000000018e+02
2.730310000000000059e+02
2.736600000000000250e+02
2.740110000000000241e+02
2.741510000000000105e+02
2.756560000000000059e+02
2.757889999999999873e+02
2.767320000000000277e+02
2.773240000000000123e+02
2.773430000000000177e+02
2.780400000000000205e+02
2.792259999999999991e+02
2.801159999999999854e+02
2.801360000000000241e+02
2.802239999999999895e+02
2.817219999999999800e+02
2.826250000000000000e+02
2.863539999999999850e+02
2.878720000000000141e+02
2.885129999999999768e+02
2.886379999999999768e+02
2.891589999999999918e+02
2.901669999999999732e+02
2.905470000000000255e+02
2.907239999999999895e+02
2.914800000000000182e+02
2.935169999999999959e+02
2.935380000000000109e+02
2.941909999999999741e+02
2.945419999999999732e+02
2.947919999999999732e+02
2.948070000000000164e+02
2.949169999999999732e+02
2.951190000000000282e+02
2.952980000000000018e+02
2.954560000000000173e+02
2.965470000000000255e+02
2.978290000000000077e+02
2.986840000000000259e+02
3.016560000000000059e+02
3.027040000000000077e+02
3.030690000000000168e+02
3.039159999999999968e+02
3.044019999999999868e+02
3.048450000000000273e+02
3.061530000000000200e+02
3.063509999999999991e+02
3.067880000000000109e+02
3.072799999999999727e+02
3.074429999999999836e+02
3.079569999999999936e+02
3.102830000000000155e+02
3.104139999999999873e+02
3.110659999999999741e+02
3.129320000000000164e+02
3.136290000000000191e+02
3.141549999999999727e+02
3.142049999999999841e+02
3.144739999999999895e+02
3.147069999999999936e+02
3.148605999999999767e+02
3.157429999999999950e+02
3.163750000000000000e+02
3.170910000000000082e+02
3.178809999999999718e+02
3.179289999999999736e+02
3.185710000000000264e+02
3.187300000000000182e+02
3.188600000000000136e+02
3.194220000000000255e+02
3.207330000000000041e+02
3.208050000000000068e+02
3.209780000000000086e+02
3.216120000000000232e+02
3.217559999999999718e+02
3.222420000000000186e+02
3.224209999999999923e+02
3.226009999999999991e+02
3.226879999999999882e+02
3.236820000000000164e+02
3.237620000000000005e+02
3.246059999999999945e+02
3.249300000000000068e+02
3.252210000000000036e+02
3.253129999999999882e+02
3.257200000000000273e+02
3.264126999999999725e+02
3.267149999999999750e+02
3.270049999999999955e+02
3.273670000000000186e+02
3.281039999999999850e+02
3.283720000000000141e+02
3.288890000000000100e+02
3.294830000000000041e+02
3.297250000000000227e+02
3.306349999999999909e+02
3.306460000000000150e+02
3.307139999999999986e+02
3.309739999999999895e+02
3.309830000000000041e+02
3.313670000000000186e+02
3.317269999999999754e+02
3.318070000000000164e+02
3.320840000000000032e+02
3.327149999999999750e+02
3.341960000000000264e+02
3.342839999999999918e+02
3.348790000000000191e+02
3.353650000000000091e+02
3.354540000000000077e+02
3.360430000000000064e+02
3.369080000000000155e+02
3.385989999999999895e+02
3.387540000000000191e+02
3.389820000000000277e+02
3.392930000000000064e+02
3.394540000000000077e+02
3.397130000000000223e+02
3.408140000000000214e+02
3.408779999999999859e+02
3.409119999999999777e+02
3.414759999999999991e+02
3.415799999999999841e+02
3.420609999999999786e+02
3.426039999999999850e+02
3.430419999999999732e+02
3.435350000000000250e+02
3.439929999999999950e+02
3.441920000000000073e+02
3.442440000000000282e+02
3.446560000000000059e+02
3.447980000000000018e+02
3.450880000000000223e+02
3.455310000000000059e+02
3.455500000000000114e+02
3.457549999999999955e+02
3.461960000000000264e+02
3.469420000000000073e+02
3.472130000000000223e+02
3.472520000000000095e+02
3.474689999999999941e+02
3.478070000000000164e+02
3.495489999999999782e+02
3.497339999999999804e+02
3.498809999999999718e+02
3.499710000000000036e+02
3.502500000000000000e+02
3.505529999999999973e+02
3.506449999999999818e+02
3.507810000000000059e+02
3.512019000000000233e+02
3.518269999999999982e+02
3.524990000000000236e+02
3.532710000000000150e+02
3.535969999999999800e+02
3.537029999999999745e+02
3.539529999999999745e+02
3.540380000000000109e+02
3.543340000000000032e+02
3.545210000000000150e+02
3.545360000000000014e+02
3.547839999999999918e+02
3.549200000000000159e+02
3.551229999999999905e+02
3.552629999999999768e+02
3.559250000000000114e+02
3.560319999999999823e+02
3.564169999999999732e+02
3.564710000000000036e+02
3.572457999999999743e+02
3.574850000000000136e+02
3.575169999999999959e+02
3.577259999999999991e+02
3.577889999999999873e+02
3.578999999999999773e+02
3.581059999999999945e+02
3.585439999999999827e+02
3.586080000000000041e+02
3.586800000000000068e+02
3.587130000000000223e+02
3.591089999999999804e+02
3.592429999999999950e+02
3.592830000000000155e+02
3.593140000000000214e+02
3.596070000000000277e+02
3.597090000000000032e+02
3.601410000000000196e+02
3.603849999999999909e+02
3.607149999999999750e+02
3.619540000000000077e+02
3.621190000000000282e+02
3.625299999999999727e+02
3.630450000000000159e+02
3.631270000000000095e+02
3.633820000000000050e+02
3.636309999999999718e+02
3.638319999999999936e+02
3.641290000000000191e+02
3.644959999999999809e+02
3.646440000000000055e+02
3.646899999999999977e+02
3.649820000000000277e+02
3.665659999999999741e+02
3.667880000000000109e+02
3.673349999999999795e+02
3.673750000000000000e+02
3.674189999999999827e+02
3.675129999999999768e+02
3.677640000000000100e+02
3.679560000000000173e+02
3.685899999999999750e+02
3.686829999999999927e+02
3.695860000000000127e+02
3.698360000000000127e+02
3.699259999999999877e+02
3.702679999999999723e+02
3.708450000000000273e+02
3.708620000000000232e+02
3.709279999999999973e+02
3.711129999999999995e+02
3.712719999999999914e+02
3.725509999999999877e+02
3.729060000000000059e+02
3.740400000000000205e+02
3.748890000000000100e+02
3.754580000000000268e+02
3.754820000000000277e+02
3.758120000000000118e+02
3.758439999999999941e+02
3.768700000000000045e+02
3.772180000000000177e+02
3.774119999999999777e+02
3.775779999999999745e+02
3.782540000000000191e+02
3.786490000000000009e+02
3.787259999999999991e+02
3.789519999999999982e+02
3.792950000000000159e+02
3.805219999999999914e+02
3.807350000000000136e+02
3.813349999999999795e+02
3.814750000000000227e+02
3.817839999999999918e+02
3.826770000000000209e+02
3.837590000000000146e+02
3.841979999999999791e+02
3.842400000000000091e+02
3.843090000000000259e+02
3.845450000000000159e+02
3.847429999999999950e+02
3.848109999999999786e+02
3.850480000000000018e+02
3.854119999999999777e+02
3.859490000000000123e+02
3.867679999999999723e+02
3.869549999999999841e+02
3.869909999999999854e+02
3.870520000000000209e+02
3.870960000000000036e+02
3.873210000000000264e+02
3.875090000000000146e+02
3.880210000000000150e+02
3.883090000000000259e+02
3.899630000000000223e+02
3.915980000000000132e+02
3.916700000000000159e+02
3.918399999999999750e+02
3.924490000000000123e+02
3.928969999999999914e+02
3.931250000000000000e+02
3.932629999999999768e+02
3.933330000000000268e+02
3.934110000000000014e+02
3.935319999999999823e+02
3.937810000000000059e+02
3.943650000000000091e+02
3.945799999999999841e+02
3.948050000000000068e+02
3.951510000000000105e+02
3.955670000000000073e+02
3.958910000000000196e+02
3.963709999999999809e+02
3.968629999999999995e+02
3.969510000000000218e+02
3.979700000000000273e+02
3.983050000000000068e+02
3.984780000000000086e+02
3.985339999999999918e+02
3.992450000000000045e+02
3.997819999999999823e+02
4.001580000000000155e+02
4.006970000000000027e+02
4.007200000000000273e+02
4.012420000000000186e+02
4.014950000000000045e+02
4.015830000000000268e+02
4.024850000000000136e+02
4.028919999999999959e+02
4.029460000000000264e+02
4.033609999999999900e+02
4.034789999999999850e+02
4.037459999999999809e+02
4.043120000000000118e+02
4.047110000000000127e+02
4.051700000000000159e+02
4.056290000000000191e+02
4.074270000000000209e+02
4.079110000000000014e+02
4.086490000000000009e+02
4.097259999999999991e+02
4.104460000000000264e+02
4.105029999999999859e+02
4.112500000000000000e+02
4.125790000000000077e+02
4.129399999999999977e+02
4.130280000000000200e+02
4.130579999999999927e+02
4.131519999999999868e+02
4.135020000000000095e+02
4.142669999999999959e+02
4.144270000000000209e+02
4.147230000000000132e+02
4.169139999999999873e+02
4.173109999999999786e+02
4.184900000000000091e+02
4.188000000000000114e+02
4.192119999999999891e+02
4.192819999999999823e+02
4.196019999999999754e+02
4.196370000000000005e+02
4.199200000000000159e+02
4.202479999999999905e+02
4.203419999999999845e+02
4.206240000000000236e+02
4.207730000000000246e+02
4.212429999999999950e+02
4.212909999999999968e+02
4.214370000000000118e+02
4.216349999999999909e+02
4.219279999999999973e+02
4.222300000000000182e+02
4.223399999999999750e+02
4.226349999999999909e+02
4.233210000000000264e+02
4.241039999999999850e+02
4.247110000000000127e+02
4.257529999999999859e+02
4.269465000000000146e+02
4.277889999999999873e+02
4.293174000000000206e+02
4.296139999999999759e+02
4.296250000000000000e+02
4.309839999999999804e+02
4.327080000000000268e+02
4.359660000000000082e+02
4.375470000000000255e+02
4.375989999999999895e+02
4.410620000000000118e+02
4.445830000000000268e+02
4.450950000000000273e+02
4.456850000000000023e+02
4.469390000000000214e+02
4.528849999999999909e+02
4.529030000000000200e+02
4.542930000000000064e+02
4.566370000000000005e+02
4.579060000000000059e+02
4.590649999999999977e+02
4.613550000000000182e+02
4.615120000000000005e+02
4.616109999999999900e+02
4.618550000000000182e+02
4.621320000000000050e+02
4.664030000000000200e+02
4.665969999999999800e+02
4.674909999999999854e+02
4.683340000000000032e+02
4.691059999999999945e+02
4.699990000000000236e+02
4.722540000000000191e+02
4.728450000000000273e+02
4.733159999999999741e+02
4.747060000000000173e+02
4.756320000000000050e+02
4.761370000000000005e+02
4.773269999999999982e+02
4.776139999999999759e+02
4.777130000000000223e+02
4.788260000000000218e+02
4.792629999999999768e+02
4.801979999999999791e+02
4.809279999999999973e+02
4.811619999999999777e+02
4.814150000000000205e+02
4.820389999999999873e+02
4.826309999999999718e+02
4.830230000000000246e+02
4.831030000000000086e+02
4.833729999999999905e+02
4.835099999999999909e+02
4.843100000000000023e+02
4.857599999999999909e+02
4.869409999999999741e+02
4.877289999999999850e+02
4.881519999999999868e+02
4.885910000000000082e+02
4.889449999999999932e+02
4.890699999999999932e+02
4.891469999999999914e+02
4.895049999999999955e+02
4.900609999999999786e+02
4.917780000000000200e+02
4.923589999999999804e+02
4.924529999999999745e+02
4.958720000000000141e+02
4.960969999999999800e+02
4.974959999999999809e+02
4.986909999999999741e+02
5.005269999999999868e+02
5.005679999999999836e+02
5.011999999999999886e+02
5.019379999999999882e+02
5.023519999999999754e+02
5.025430000000000064e+02
5.025939999999999941e+02
5.029270000000000209e+02
5.034399999999999977e+02
5.044039999999999964e+02
5.048659999999999854e+02
5.051619999999999777e+02
5.054759999999999991e+02
5.056870000000000118e+02
5.072090000000000032e+02
5.079089999999999918e+02
5.091800000000000068e+02
5.111739999999999782e+02
5.121470000000000482e+02
5.136449999999999818e+02
5.141029999999999518e+02
5.162469999999999573e+02
5.165560000000000400e+02
5.166779999999999973e+02
5.171130000000000564e+02
5.174339999999999691e+02
5.186739999999999782e+02
5.189890000000000327e+02
5.194310000000000400e+02
5.199109999999999445e+02
5.248400000000000318e+02
5.261340000000000146e+02
5.262019999999999982e+02
5.268579999999999472e+02
5.273719999999999573e+02
5.276760000000000446e+02
5.281169999999999618e+02
5.283540000000000418e+02
5.286459999999999582e+02
5.299289999999999736e+02
5.303060000000000400e+02
5.310499999999999545e+02
5.326169999999999618e+02
5.338909999999999627e+02
5.341789999999999736e+02
5.353600000000000136e+02
5.369690000000000509e+02
5.387129999999999654e+02
5.391079999999999472e+02
5.397069999999999936e+02
5.401430000000000291e+02
5.405689999999999600e+02
5.420639999999999645e+02
5.424829999999999472e+02
5.425779999999999745e+02
5.428210000000000264e+02
5.444850000000000136e+02
5.452619999999999436e+02
5.456989999999999554e+02
5.470620000000000118e+02
5.498360000000000127e+02
5.504320000000000164e+02
5.508049999999999500e+02
5.516939999999999600e+02
5.529550000000000409e+02
5.548809999999999718e+02
5.602200000000000273e+02
5.607089999999999463e+02
5.614790000000000418e+02
5.629049999999999727e+02
5.641069999999999709e+02
5.647559999999999718e+02
5.653579999999999472e+02
5.687160000000000082e+02
5.700299999999999727e+02
5.704489999999999554e+02
5.720049999999999955e+02
5.741789999999999736e+02
5.747119999999999891e+02
5.752069999999999936e+02
5.760389999999999873e+02
5.869740000000000464e+02
5.916799999999999500e+02
5.926200000000000045e+02
5.947450000000000045e+02
5.966109999999999900e+02
5.976140000000000327e+02
5.986520000000000437e+02
5.990220000000000482e+02
6.010599999999999454e+02
6.012480000000000473e+02
6.018930000000000291e+02
6.032649999999999864e+02
6.059859999999999900e+02
6.086739999999999782e+02
6.089950000000000045e+02
6.128849999999999909e+02
6.135339999999999918e+02
6.159980000000000473e+02
6.170140000000000100e+02
6.197939999999999827e+02
6.260819999999999936e+02
6.262089999999999463e+02
6.345069999999999482e+02
6.388569999999999709e+02
6.398369999999999891e+02
6.423700000000000045e+02
6.438329999999999700e+02
6.462619999999999436e+02
6.470370000000000346e+02
6.476699999999999591e+02
6.485380000000000109e+02
6.488379999999999654e+02
6.559829999999999472e+02
6.581190000000000282e+02
6.595960000000000036e+02
6.645199999999999818e+02
6.660199999999999818e+02
6.663479999999999563e+02
6.669700000000000273e+02
6.702490000000000236e+02
6.749790000000000418e+02
6.759489999999999554e+02
6.767759999999999536e+02
6.820080000000000382e+02
6.837309999999999945e+02
6.854850000000000136e+02
6.858350000000000364e+02
6.890729999999999791e+02
6.899869999999999663e+02
6.901219999999999573e+02
6.908440000000000509e+02
6.931459999999999582e+02
6.952200000000000273e+02
6.953339999999999463e+02
6.960000000000000000e+02
6.984370000000000118e+02
6.993229999999999791e+02
7.000030000000000427e+02
7.019360000000000355e+02
7.057899999999999636e+02
7.077089999999999463e+02
7.111219999999999573e+02
7.122770000000000437e+02
7.177089999999999463e+02
7.215259999999999536e+02
7.232029999999999745e+02
7.252010000000000218e+02
7.347150000000000318e+02
7.372259999999999991e+02
7.378070000000000164e+02
7.409629999999999654e+02
7.414410000000000309e+02
7.428909999999999627e+02
7.459099999999999682e+02
7.518680000000000518e+02
7.545810000000000173e+02
7.555080000000000382e+02
7.561860000000000355e+02
7.565040000000000191e+02
7.579550000000000409e+02
7.593390000000000555e+02
7.613650000000000091e+02
7.619800000000000182e+02
7.643189999999999600e+02
7.647960000000000491e+02
7.648740000000000236e+02
7.664470000000000027e+02
7.668890000000000100e+02
7.717450000000000045e+02
7.731889999999999645e+02
7.753750000000000000e+02
7.814210000000000491e+02
7.911559999999999491e+02
7.970819999999999936e+02
7.985049999999999955e+02
8.149529999999999745e+02
8.201019999999999754e+02
8.203819999999999482e+02
8.220879999999999654e+02
8.267799999999999727e+02
8.328390000000000555e+02
8.394320000000000164e+02
8.408160000000000309e+02
8.418949999999999818e+02
8.440900000000000318e+02
8.632490000000000236e+02
8.658319999999999936e+02
8.660059999999999718e+02
8.680869999999999891e+02
8.699220000000000255e+02
8.718339999999999463e+02
8.752799999999999727e+02
8.783239999999999554e+02
8.793799999999999955e+02
8.835510000000000446e+02
8.852799999999999727e+02
