9.181250000000000000e+01
9.181300000000000239e+01
9.181300000000000239e+01
9.193420000000000414e+01
9.193489999999999895e+01
9.193489999999999895e+01
9.209470000000000312e+01
9.209699999999999420e+01
9.209699999999999420e+01
9.231480000000000530e+01
9.231510000000000105e+01
9.231510000000000105e+01
9.262290000000000134e+01
9.262290000000000134e+01
9.262489999999999668e+01
9.307489999999999952e+01
9.307489999999999952e+01
9.307510000000000616e+01
9.378010000000000446e+01
9.378010000000000446e+01
9.378140000000000498e+01
9.497419999999999618e+01
9.497419999999999618e+01
9.497419999999999618e+01
9.725169999999999959e+01
9.725409999999999400e+01
9.725409999999999400e+01
1.025728000000000009e+02
1.025728000000000009e+02
1.025728000000000009e+02
1.215669900000000041e+02
1.215669900000000041e+02
1.215670099999999962e+02
3.657690000000000055e+02
3.658290000000000077e+02
3.659080000000000155e+02
3.659689999999999941e+02
3.660450000000000159e+02
3.661360000000000241e+02
3.662309999999999945e+02
3.663260000000000218e+02
3.664449999999999932e+02
3.665690000000000168e+02
3.667119999999999891e+02
3.668770000000000095e+02
3.670500000000000114e+02
3.672370000000000232e+02
3.674859999999999900e+02
3.677423000000000002e+02
3.680418000000000234e+02
3.683870999999999754e+02
3.687880999999999858e+02
3.692601999999999975e+02
3.698208999999999946e+02
3.704913000000000238e+02
3.713034000000000106e+02
3.723004999999999995e+02
3.735430999999999813e+02
3.751216999999999757e+02
3.771703999999999724e+02
3.798987000000000194e+02
3.836485000000000127e+02
3.890165999999999826e+02
3.971197999999999979e+02
4.102891999999999939e+02
4.341691999999999894e+02
4.862644889669999770e+02
4.862655703909999829e+02
4.862710000000000150e+02
6.564522551999999678e+02
6.564537683999999444e+02
6.564584403999999722e+02
6.564600000000000364e+02
6.564664639999999736e+02
8.252259999999999991e+02
8.254560000000000173e+02
8.257259999999999991e+02
8.260159999999999627e+02
8.263160000000000309e+02
8.266549999999999727e+02
8.270209999999999582e+02
8.274210000000000491e+02
8.278590000000000373e+02
8.283410000000000082e+02
8.288700000000000045e+02
8.294579999999999700e+02
8.301109999999999900e+02
8.308379999999999654e+02
8.316549999999999727e+02
8.325710000000000264e+02
8.336069999999999709e+02
8.347830000000000155e+02
8.361299999999999955e+02
8.376779999999999973e+02
8.394710000000000036e+02
8.415629999999999882e+02
8.440270000000000437e+02
8.469589999999999463e+02
8.504829999999999472e+02
8.547730000000000246e+02
8.600750000000000455e+02
8.667400000000000091e+02
8.752859999999999445e+02
8.865320000000000391e+02
9.017799999999999727e+02
9.232200000000000273e+02
9.548799999999999955e+02
1.005259999999999991e+03
1.094116999999999962e+03
1.282157799999999952e+03
1.556046000000000049e+03
1.641135999999999967e+03
1.681109999999999900e+03
1.736688499999999976e+03
1.817920000000000073e+03
1.875640000000000100e+03
2.166117799999999988e+03
2.625871000000000095e+03
3.296980000000000018e+03
3.740576000000000022e+03
4.052278999999999996e+03
4.653779999999999745e+03
5.128649999999999636e+03
7.459899999999999636e+03
7.502439999999999600e+03
8.154840000000000146e+03
8.664459999999999127e+03
8.760064000000000306e+03
9.392030000000000655e+03
1.050350699999999961e+04
1.080359000000000015e+04
1.130868100000000049e+04
1.153954000000000087e+04
1.237191200000000026e+04
1.238715300000000025e+04
1.258704999999999927e+04
1.906195999999999913e+04
2.780350000000000000e+04
6.907169999999999709e+04
8.876100000000000000e+04
1.118630000000000000e+05
1.387500000000000000e+05
1.694230000000000000e+05
3.376000000000000000e+05
4.525700000000000000e+05
3.024784000000000000e+07
9.239000000000000000e+07
1.022000000000000000e+08
2.186500000000000000e+08
2.422000000000000000e+08
2.781000000000000000e+08
2.833987000000000000e+08
4.260000000000000000e+08
4.820000000000000000e+08
6.563000000000000000e+08
6.579000000000000000e+08
9.522700000000000000e+08
1.292000000000000000e+09
1.314900000000000000e+09
2.251000000000000000e+09
2.560000000000000000e+09
4.395700000000000000e+09
7.591000000000000000e+09
1.204900000000000000e+10
1.798000000000000000e+10
2.559000000000000000e+10
3.510000000000000000e+10
4.671000000000000000e+10
5.500000000000000000e+10
6.064000000000000000e+10
