3.202926000000000073e+01
3.202926000000000073e+01
3.202926000000000073e+01
5.056099999999999994e+01
5.057500000000000284e+01
5.059000000000000341e+01
5.063100000000000023e+01
5.065599999999999881e+01
5.070799999999999841e+01
5.077100000000000080e+01
5.086299999999999955e+01
5.099699999999999989e+01
5.120700000000000074e+01
5.155960000000000321e+01
5.221860000000000213e+01
5.370293000000000205e+01
5.843339000000000283e+01
5.914121000000000095e+01
2.578399999999999750e+02
2.677930999999999813e+02
2.677930999999999813e+02
2.677930999999999813e+02
2.696918999999999755e+02
2.696918999999999755e+02
2.696918999999999755e+02
2.723998000000000275e+02
2.723998000000000275e+02
2.723998000000000275e+02
2.818999999999999773e+02
2.945966999999999985e+02
2.945966999999999985e+02
2.945966999999999985e+02
3.014599999999999795e+02
3.188666999999999803e+02
3.188666999999999803e+02
3.232198999999999955e+02
3.259214999999999804e+02
3.555430000000000064e+02
3.555430000000000064e+02
3.555430000000000064e+02
3.555430000000000064e+02
3.555430000000000064e+02
3.563996999999999957e+02
3.563996999999999957e+02
3.588294000000000210e+02
3.588294000000000210e+02
3.588294000000000210e+02
3.588294000000000210e+02
3.588294000000000210e+02
3.614673999999999978e+02
3.653030999999999722e+02
3.653030999999999722e+02
3.706059000000000196e+02
3.706059000000000196e+02
3.706059000000000196e+02
3.706059000000000196e+02
3.706059000000000196e+02
3.820691400000000044e+02
3.820691400000000044e+02
3.820691400000000044e+02
3.820691400000000044e+02
3.820691400000000044e+02
3.834642000000000053e+02
3.872889000000000124e+02
3.889750000000000227e+02
3.889750000000000227e+02
3.937026000000000181e+02
3.965850899999999797e+02
4.025110000000000241e+02
4.027329199999999787e+02
4.027329199999999787e+02
4.027329199999999787e+02
4.027329199999999787e+02
4.027329199999999787e+02
4.121977999999999724e+02
4.121977999999999724e+02
4.144929999999999950e+02
4.170142000000000166e+02
4.389162400000000162e+02
4.438797000000000139e+02
4.472735000000000127e+02
4.472735000000000127e+02
4.472735000000000127e+02
4.472735000000000127e+02
4.472735000000000127e+02
4.714464399999999955e+02
4.714464399999999955e+02
4.923305300000000102e+02
5.017077199999999948e+02
5.049144999999999754e+02
5.877249000000000478e+02
5.877249000000000478e+02
5.877249000000000478e+02
5.877249000000000478e+02
6.679995000000000118e+02
7.067137999999999920e+02
7.067137999999999920e+02
7.067659999999999627e+02
7.283355000000000246e+02
9.212865000000000464e+02
9.212865000000000464e+02
9.212865000000000464e+02
9.212865000000000464e+02
9.212865000000000464e+02
9.212865000000000464e+02
9.528780000000000427e+02
9.528780000000000427e+02
9.528780000000000427e+02
9.528780000000000427e+02
9.528780000000000427e+02
9.528780000000000427e+02
9.531879999999999882e+02
1.003048000000000002e+03
1.003048000000000002e+03
1.003048000000000002e+03
1.003048000000000002e+03
1.003048000000000002e+03
1.003048000000000002e+03
1.003390999999999963e+03
1.091590999999999894e+03
1.091590999999999894e+03
1.091590999999999894e+03
1.091590999999999894e+03
1.091590999999999894e+03
1.091604000000000042e+03
1.092009000000000015e+03
1.197240000000000009e+03
1.253095000000000027e+03
1.278828999999999951e+03
1.278828999999999951e+03
1.278828999999999951e+03
1.278828999999999951e+03
1.278828999999999951e+03
1.278848999999999933e+03
1.279406999999999925e+03
1.284946999999999889e+03
1.284946999999999889e+03
1.297200000000000045e+03
1.298844000000000051e+03
1.298844000000000051e+03
1.298844000000000051e+03
1.298844000000000051e+03
1.298844000000000051e+03
1.298844000000000051e+03
1.508776000000000067e+03
1.700711000000000013e+03
1.700711000000000013e+03
1.700711000000000013e+03
1.700711000000000013e+03
1.700711000000000013e+03
1.869044000000000096e+03
1.869044000000000096e+03
1.869044000000000096e+03
1.869044000000000096e+03
1.869044000000000096e+03
1.870233999999999924e+03
1.909459000000000060e+03
1.954842000000000098e+03
2.058692000000000007e+03
2.112583000000000084e+03
2.112583000000000084e+03
2.112719999999999800e+03
2.113780000000000200e+03
