6.518359999999999843e+01
6.578979999999999961e+01
6.607540000000000191e+01
6.639270000000000493e+01
6.710259999999999536e+01
6.726800000000000068e+01
6.756069999999999709e+01
6.775709999999999411e+01
6.793630000000000280e+01
6.810809999999999320e+01
6.816880000000000450e+01
6.823560000000000514e+01
6.836090000000000089e+01
6.871219999999999573e+01
6.871689999999999543e+01
6.896339999999999293e+01
6.915309999999999491e+01
6.924679999999999325e+01
6.965869999999999607e+01
6.971590000000000487e+01
6.984210000000000207e+01
7.004179999999999495e+01
7.032139999999999702e+01
7.034139999999999304e+01
7.045359999999999445e+01
7.055060000000000286e+01
7.064690000000000225e+01
7.066259999999999764e+01
7.077219999999999800e+01
7.085080000000000666e+01
7.089010000000000389e+01
7.089650000000000318e+01
7.094939999999999714e+01
7.115489999999999782e+01
7.124509999999999366e+01
7.133839999999999293e+01
7.141240000000000521e+01
7.142980000000000018e+01
7.149339999999999407e+01
7.156170000000000186e+01
7.156919999999999504e+01
7.166089999999999804e+01
7.179720000000000368e+01
7.190179999999999438e+01
7.192619999999999436e+01
7.198199999999999932e+01
7.201349999999999341e+01
7.204519999999999413e+01
7.208750000000000568e+01
7.214839999999999520e+01
7.218640000000000612e+01
7.222589999999999577e+01
7.223390000000000555e+01
7.226250000000000284e+01
7.228449999999999420e+01
7.234640000000000271e+01
7.245019999999999527e+01
7.247939999999999827e+01
7.258759999999999479e+01
7.259180000000000632e+01
7.262890000000000157e+01
7.273319999999999652e+01
7.282569999999999766e+01
7.284550000000000125e+01
7.286759999999999593e+01
7.292109999999999559e+01
7.297110000000000696e+01
7.298139999999999361e+01
7.299339999999999407e+01
7.309799999999999898e+01
7.312730000000000530e+01
7.315449999999999875e+01
7.321330000000000382e+01
7.329789999999999850e+01
7.332769999999999300e+01
7.333710000000000662e+01
7.337340000000000373e+01
7.342829999999999302e+01
7.347990000000000066e+01
7.349509999999999366e+01
7.350939999999999941e+01
7.354160000000000252e+01
7.355629999999999313e+01
7.356579999999999586e+01
7.362600000000000477e+01
7.364060000000000628e+01
7.367480000000000473e+01
7.371359999999999957e+01
7.372159999999999513e+01
7.374859999999999616e+01
7.380010000000000048e+01
7.383010000000000161e+01
7.384439999999999316e+01
7.385620000000000118e+01
7.386109999999999332e+01
7.388410000000000366e+01
7.390059999999999718e+01
7.394360000000000355e+01
7.396680000000000632e+01
7.405110000000000525e+01
7.406119999999999948e+01
7.410280000000000200e+01
7.417059999999999320e+01
7.419660000000000366e+01
7.423180000000000689e+01
7.423579999999999757e+01
7.428079999999999927e+01
7.429999999999999716e+01
7.431520000000000437e+01
7.436849999999999739e+01
7.438609999999999900e+01
7.440009999999999479e+01
7.440770000000000550e+01
7.443829999999999814e+01
7.449160000000000537e+01
7.449880000000000280e+01
7.450610000000000355e+01
7.451850000000000307e+01
7.457389999999999475e+01
7.459050000000000580e+01
7.459879999999999711e+01
7.461289999999999623e+01
7.462619999999999720e+01
7.464849999999999852e+01
7.468519999999999470e+01
7.471580000000000155e+01
7.473130000000000450e+01
7.481510000000000105e+01
7.494240000000000634e+01
7.495539999999999736e+01
7.496559999999999491e+01
7.498959999999999582e+01
7.499790000000000134e+01
7.504909999999999570e+01
7.506589999999999918e+01
7.507089999999999463e+01
7.516639999999999588e+01
7.519979999999999620e+01
7.523180000000000689e+01
7.524410000000000309e+01
7.530740000000000123e+01
7.535429999999999495e+01
7.535639999999999361e+01
7.539289999999999736e+01
7.540340000000000487e+01
7.545940000000000225e+01
7.552320000000000277e+01
7.558809999999999718e+01
7.560450000000000159e+01
7.560450000000000159e+01
7.560450000000000159e+01
7.561849999999999739e+01
7.563269999999999982e+01
7.569859999999999900e+01
7.569859999999999900e+01
7.570940000000000225e+01
7.572769999999999868e+01
7.574979999999999336e+01
7.575610000000000355e+01
7.576279999999999859e+01
7.578810000000000002e+01
7.582819999999999538e+01
7.584260000000000446e+01
7.594180000000000064e+01
7.596479999999999677e+01
7.597650000000000148e+01
7.601319999999999766e+01
7.605100000000000193e+01
7.607250000000000512e+01
7.607959999999999923e+01
7.610009999999999764e+01
7.622100000000000364e+01
7.622990000000000066e+01
7.625459999999999638e+01
7.627190000000000225e+01
7.630400000000000205e+01
7.634149999999999636e+01
7.642310000000000514e+01
7.643449999999999989e+01
7.645980000000000132e+01
7.646909999999999741e+01
7.652689999999999770e+01
7.652689999999999770e+01
7.659000000000000341e+01
7.664319999999999311e+01
7.665349999999999397e+01
7.670420000000000016e+01
7.674219999999999686e+01
7.674219999999999686e+01
7.678000000000000114e+01
7.679470000000000596e+01
7.680429999999999779e+01
7.681059999999999377e+01
7.688830000000000098e+01
7.694339999999999691e+01
7.699580000000000268e+01
7.701739999999999498e+01
7.705889999999999418e+01
7.708089999999999975e+01
7.708920000000000528e+01
7.714329999999999643e+01
7.716349999999999909e+01
7.718590000000000373e+01
7.719880000000000564e+01
7.720260000000000389e+01
7.721519999999999584e+01
7.722610000000000241e+01
7.723919999999999675e+01
7.726649999999999352e+01
7.730899999999999750e+01
7.733939999999999770e+01
7.738190000000000168e+01
7.740420000000000300e+01
7.746680000000000632e+01
7.747729999999999961e+01
7.749240000000000350e+01
7.751500000000000057e+01
7.755710000000000548e+01
7.758990000000000009e+01
7.762250000000000227e+01
7.762930000000000064e+01
7.769870000000000232e+01
7.771410000000000196e+01
7.771659999999999968e+01
7.773019999999999641e+01
7.775140000000000384e+01
7.775140000000000384e+01
7.778719999999999857e+01
7.781180000000000518e+01
7.782420000000000471e+01
7.784770000000000323e+01
7.794499999999999318e+01
7.799530000000000030e+01
7.800289999999999679e+01
7.801340000000000430e+01
7.803940000000000055e+01
7.806709999999999638e+01
7.807989999999999498e+01
7.810930000000000462e+01
7.821080000000000609e+01
7.821080000000000609e+01
7.831510000000000105e+01
7.831919999999999504e+01
7.833469999999999800e+01
7.833759999999999479e+01
7.843429999999999325e+01
7.845029999999999859e+01
7.847830000000000439e+01
7.848430000000000462e+01
7.850539999999999452e+01
7.852020000000000266e+01
7.856050000000000466e+01
7.857689999999999486e+01
7.860769999999999413e+01
7.862669999999999959e+01
7.863569999999999993e+01
7.866190000000000282e+01
7.870189999999999486e+01
7.875400000000000489e+01
7.878010000000000446e+01
7.886570000000000391e+01
7.892940000000000111e+01
7.892940000000000111e+01
7.894620000000000459e+01
7.896510000000000673e+01
7.898290000000000077e+01
7.899150000000000205e+01
7.899150000000000205e+01
7.902020000000000266e+01
7.902589999999999293e+01
7.904600000000000648e+01
7.905249999999999488e+01
7.906770000000000209e+01
7.907519999999999527e+01
7.909600000000000364e+01
7.910989999999999611e+01
7.914499999999999602e+01
7.915449999999999875e+01
7.919910000000000139e+01
7.923180000000000689e+01
7.925100000000000477e+01
7.926949999999999363e+01
7.928600000000000136e+01
7.929420000000000357e+01
7.932649999999999579e+01
7.933459999999999468e+01
7.937609999999999388e+01
7.939029999999999632e+01
7.943500000000000227e+01
7.943500000000000227e+01
7.945770000000000266e+01
7.947920000000000584e+01
7.949830000000000041e+01
7.953159999999999741e+01
7.953709999999999525e+01
7.954389999999999361e+01
7.955639999999999645e+01
7.959170000000000300e+01
7.959709999999999752e+01
7.966639999999999588e+01
7.968280000000000030e+01
7.969939999999999714e+01
7.971179999999999666e+01
7.973449999999999704e+01
7.982930000000000348e+01
7.982930000000000348e+01
7.985639999999999361e+01
7.987030000000000030e+01
7.987619999999999720e+01
7.987619999999999720e+01
7.988700000000000045e+01
7.990909999999999513e+01
7.996680000000000632e+01
7.997299999999999898e+01
7.998069999999999879e+01
7.999509999999999366e+01
8.000320000000000675e+01
8.008389999999999986e+01
8.015269999999999584e+01
8.019100000000000250e+01
8.019530000000000314e+01
8.019530000000000314e+01
8.020699999999999363e+01
8.023420000000000130e+01
8.031319999999999482e+01
8.036450000000000671e+01
8.039109999999999445e+01
8.040940000000000509e+01
8.041800000000000637e+01
8.047360000000000468e+01
8.047360000000000468e+01
8.048309999999999320e+01
8.051590000000000202e+01
8.052079999999999416e+01
8.052970000000000539e+01
8.053560000000000230e+01
8.054269999999999641e+01
8.058920000000000528e+01
8.061440000000000339e+01
8.062949999999999307e+01
8.065600000000000591e+01
8.068349999999999511e+01
8.071510000000000673e+01
8.082439999999999714e+01
8.087199999999999989e+01
8.092900000000000205e+01
8.099949999999999761e+01
8.101359999999999673e+01
8.102840000000000487e+01
8.108490000000000464e+01
8.113269999999999982e+01
8.113830000000000098e+01
8.115560000000000684e+01
8.116790000000000305e+01
8.119880000000000564e+01
8.121030000000000371e+01
8.121030000000000371e+01
8.122259999999999991e+01
8.126149999999999807e+01
8.129179999999999495e+01
8.132160000000000366e+01
8.145709999999999695e+01
8.147889999999999588e+01
8.149030000000000484e+01
8.151449999999999818e+01
8.153560000000000230e+01
8.159029999999999916e+01
8.163309999999999889e+01
8.164149999999999352e+01
8.166750000000000398e+01
8.167520000000000380e+01
8.169970000000000709e+01
8.170610000000000639e+01
8.171519999999999584e+01
8.174060000000000059e+01
8.177349999999999852e+01
8.180589999999999407e+01
8.182699999999999818e+01
8.191030000000000655e+01
8.193099999999999739e+01
8.198950000000000671e+01
8.199240000000000350e+01
8.202439999999999998e+01
8.203340000000000032e+01
8.204619999999999891e+01
8.210609999999999786e+01
8.215080000000000382e+01
8.218359999999999843e+01
8.219670000000000698e+01
8.224139999999999873e+01
8.227119999999999322e+01
8.228170000000000073e+01
8.241039999999999566e+01
8.242879999999999541e+01
8.245709999999999695e+01
8.245709999999999695e+01
8.261390000000000100e+01
8.264719999999999800e+01
8.269580000000000553e+01
8.278119999999999834e+01
8.281430000000000291e+01
8.283280000000000598e+01
8.285859999999999559e+01
8.287699999999999534e+01
8.288920000000000243e+01
8.289749999999999375e+01
8.301179999999999382e+01
8.306550000000000011e+01
8.318280000000000030e+01
8.331610000000000582e+01
8.332429999999999382e+01
8.338299999999999557e+01
8.341079999999999472e+01
8.345759999999999934e+01
8.348709999999999809e+01
8.357210000000000605e+01
8.364329999999999643e+01
8.365309999999999491e+01
8.369689999999999941e+01
8.374399999999999977e+01
8.375169999999999959e+01
8.377559999999999718e+01
8.379630000000000223e+01
8.382340000000000657e+01
8.384640000000000271e+01
8.387030000000000030e+01
8.387699999999999534e+01
8.391809999999999548e+01
8.394929999999999382e+01
8.398040000000000305e+01
8.412800000000000011e+01
8.416960000000000264e+01
8.423720000000000141e+01
8.427469999999999573e+01
8.433729999999999905e+01
8.435760000000000502e+01
8.437770000000000437e+01
8.439449999999999363e+01
8.446790000000000020e+01
8.446790000000000020e+01
8.446790000000000020e+01
8.449920000000000186e+01
8.450929999999999609e+01
8.457049999999999557e+01
8.465489999999999782e+01
8.466800000000000637e+01
8.467369999999999663e+01
8.476109999999999900e+01
8.476590000000000202e+01
8.476990000000000691e+01
8.484269999999999357e+01
8.492409999999999570e+01
8.496410000000000196e+01
8.504569999999999652e+01
8.505780000000000030e+01
8.507599999999999341e+01
8.514809999999999945e+01
8.516339999999999577e+01
8.520029999999999859e+01
8.522809999999999775e+01
8.530519999999999925e+01
8.533610000000000184e+01
8.537359999999999616e+01
8.551900000000000546e+01
8.552719999999999345e+01
8.555370000000000630e+01
8.557859999999999445e+01
8.567419999999999902e+01
8.573279999999999745e+01
8.573609999999999332e+01
8.578119999999999834e+01
8.582930000000000348e+01
8.591710000000000491e+01
8.594209999999999638e+01
8.594679999999999609e+01
8.599030000000000484e+01
8.607280000000000086e+01
8.614660000000000650e+01
8.617570000000000618e+01
8.619050000000000011e+01
8.623919999999999675e+01
8.628449999999999420e+01
8.636260000000000048e+01
8.642079999999999984e+01
8.642980000000000018e+01
8.645560000000000400e+01
8.650950000000000273e+01
8.652150000000000318e+01
8.653390000000000271e+01
8.654479999999999507e+01
8.657340000000000657e+01
8.661879999999999313e+01
8.675600000000000023e+01
8.678459999999999752e+01
8.679439999999999600e+01
8.680960000000000321e+01
8.686650000000000205e+01
8.690560000000000684e+01
8.694599999999999795e+01
8.701999999999999602e+01
8.707290000000000418e+01
8.709720000000000084e+01
8.711020000000000607e+01
8.721030000000000371e+01
8.729319999999999879e+01
8.733289999999999509e+01
8.733710000000000662e+01
8.738160000000000593e+01
8.740840000000000032e+01
8.748120000000000118e+01
8.754139999999999588e+01
8.756749999999999545e+01
8.759420000000000073e+01
8.766140000000000043e+01
8.769809999999999661e+01
8.771179999999999666e+01
8.776019999999999754e+01
8.778860000000000241e+01
8.783259999999999934e+01
8.785399999999999920e+01
8.789589999999999748e+01
8.800960000000000605e+01
8.801869999999999550e+01
8.807150000000000034e+01
8.809220000000000539e+01
8.813540000000000418e+01
8.822280000000000655e+01
8.823189999999999600e+01
8.827649999999999864e+01
8.830870000000000175e+01
8.848940000000000339e+01
8.862680000000000291e+01
8.865059999999999718e+01
8.872809999999999775e+01
8.875209999999999866e+01
8.882040000000000646e+01
8.888389999999999702e+01
8.889660000000000650e+01
8.891809999999999548e+01
8.899569999999999936e+01
8.902880000000000393e+01
8.906699999999999307e+01
8.908400000000000318e+01
8.910819999999999652e+01
8.914180000000000348e+01
8.914889999999999759e+01
8.919450000000000500e+01
8.936390000000000100e+01
8.941889999999999361e+01
8.944660000000000366e+01
8.950029999999999575e+01
8.951269999999999527e+01
8.964639999999999986e+01
8.973739999999999384e+01
8.988169999999999504e+01
9.009680000000000177e+01
9.017279999999999518e+01
9.029630000000000223e+01
9.069469999999999743e+01
9.082769999999999300e+01
9.088389999999999702e+01
9.090819999999999368e+01
9.090989999999999327e+01
9.095799999999999841e+01
9.106459999999999866e+01
9.111939999999999884e+01
9.114740000000000464e+01
9.126529999999999632e+01
9.134919999999999618e+01
9.139610000000000412e+01
9.143890000000000384e+01
9.148539999999999850e+01
9.190720000000000312e+01
9.196169999999999334e+01
9.202049999999999841e+01
9.203379999999999939e+01
9.205620000000000402e+01
9.225180000000000291e+01
9.235349999999999682e+01
9.236100000000000421e+01
9.247450000000000614e+01
9.275220000000000198e+01
9.276529999999999632e+01
9.283570000000000277e+01
9.290340000000000487e+01
9.308899999999999864e+01
9.314709999999999468e+01
9.319370000000000687e+01
9.334990000000000521e+01
9.342459999999999809e+01
9.355729999999999791e+01
9.366639999999999588e+01
9.378350000000000364e+01
9.426449999999999818e+01
9.438339999999999463e+01
9.454489999999999839e+01
9.490510000000000446e+01
9.542189999999999372e+01
9.556940000000000168e+01
9.599739999999999895e+01
9.601579999999999870e+01
9.635330000000000439e+01
9.650839999999999463e+01
9.660439999999999827e+01
9.661899999999999977e+01
9.667740000000000578e+01
9.729840000000000089e+01
9.811969999999999459e+01
9.826810000000000400e+01
9.843819999999999482e+01
9.862430000000000518e+01
9.866419999999999391e+01
9.894719999999999516e+01
9.922190000000000509e+01
9.942929999999999779e+01
9.982930000000000348e+01
9.989050000000000296e+01
9.998799999999999955e+01
1.008354999999999961e+02
1.014334000000000060e+02
1.027909999999999968e+02
1.038787999999999982e+02
1.055418999999999983e+02
1.058734000000000037e+02
1.059338999999999942e+02
1.061205000000000069e+02
1.064274999999999949e+02
1.071239000000000061e+02
1.072406000000000006e+02
1.079643999999999977e+02
1.079702999999999946e+02
1.081062000000000012e+02
1.086109000000000009e+02
1.089437000000000069e+02
1.093222999999999985e+02
1.096388000000000034e+02
1.099200000000000017e+02
1.099848000000000070e+02
1.104485999999999990e+02
1.110183999999999997e+02
1.110605000000000047e+02
1.112022999999999939e+02
1.120554999999999950e+02
1.121847999999999956e+02
1.124659000000000049e+02
1.125096999999999952e+02
1.127724000000000046e+02
1.131204000000000036e+02
1.131337000000000046e+02
1.132205000000000013e+02
1.133624999999999972e+02
1.134505999999999943e+02
1.134938999999999965e+02
1.136800999999999959e+02
1.139459999999999980e+02
1.139795000000000016e+02
1.143080000000000069e+02
1.145447999999999951e+02
1.147571999999999974e+02
1.148260999999999967e+02
1.149091999999999985e+02
1.149707999999999970e+02
1.149929999999999950e+02
1.150044999999999931e+02
1.150155000000000030e+02
1.150478999999999985e+02
1.152275000000000063e+02
1.153076999999999970e+02
1.153713000000000051e+02
1.154783999999999935e+02
1.155374000000000052e+02
1.156469000000000023e+02
1.158016999999999967e+02
1.158542999999999950e+02
1.158692000000000064e+02
1.159694999999999965e+02
1.161036000000000001e+02
1.165593999999999966e+02
1.165869000000000000e+02
1.165896000000000043e+02
1.167004000000000019e+02
1.167257000000000033e+02
1.167570999999999941e+02
1.168413999999999930e+02
1.169124000000000052e+02
1.170698000000000008e+02
1.176598999999999933e+02
1.177182999999999993e+02
1.177801999999999936e+02
1.177874000000000052e+02
1.181064999999999969e+02
1.181410000000000053e+02
1.182693000000000012e+02
1.183127999999999957e+02
1.183389999999999986e+02
1.184652999999999992e+02
1.188252999999999986e+02
1.190525999999999982e+02
1.191582999999999970e+02
1.192980000000000018e+02
1.194694999999999965e+02
1.195304000000000002e+02
1.195555999999999983e+02
1.197198999999999955e+02
1.198290999999999968e+02
1.199963999999999942e+02
1.202313999999999936e+02
1.202793000000000063e+02
1.204912000000000063e+02
1.206868000000000052e+02
1.210356000000000023e+02
1.211324999999999932e+02
1.212895000000000039e+02
1.213588000000000022e+02
1.213717000000000041e+02
1.213825999999999965e+02
1.216239999999999952e+02
1.216363999999999947e+02
1.218131999999999948e+02
1.218388000000000062e+02
1.218422999999999945e+02
1.219325000000000045e+02
1.219782000000000011e+02
1.220161999999999978e+02
1.220542999999999978e+02
1.220876999999999981e+02
1.220987999999999971e+02
1.221244999999999976e+02
1.221798000000000002e+02
1.221991000000000014e+02
1.222018000000000058e+02
1.222871999999999986e+02
1.223008999999999986e+02
1.223859000000000066e+02
1.224024000000000001e+02
1.224685999999999950e+02
1.225300000000000011e+02
1.225465999999999980e+02
1.226143000000000001e+02
1.226581999999999937e+02
1.226769000000000034e+02
1.227202000000000055e+02
1.227420000000000044e+02
1.230100000000000051e+02
1.230524999999999949e+02
1.230913999999999930e+02
1.231043999999999983e+02
1.231136000000000053e+02
1.231619000000000028e+02
1.231748000000000047e+02
1.232573000000000008e+02
1.232848999999999933e+02
1.232997000000000014e+02
1.233829999999999956e+02
1.233897999999999939e+02
1.234081000000000046e+02
1.234150999999999954e+02
1.234569999999999936e+02
1.235439999999999969e+02
1.235748999999999995e+02
1.236522999999999968e+02
1.236888000000000005e+02
1.237960999999999956e+02
1.238145999999999987e+02
1.238217000000000070e+02
1.240695999999999941e+02
1.241774999999999949e+02
1.242160999999999973e+02
1.242326000000000050e+02
1.242929000000000030e+02
1.243010000000000019e+02
1.243687000000000040e+02
1.244483000000000033e+02
1.244826000000000050e+02
1.244983000000000004e+02
1.245888999999999953e+02
1.245939999999999941e+02
1.246204000000000036e+02
1.246820000000000022e+02
1.247586000000000013e+02
1.248808999999999969e+02
1.249856999999999942e+02
1.251805999999999983e+02
1.252242999999999995e+02
1.252699000000000069e+02
1.252828999999999979e+02
1.253245000000000005e+02
1.254326999999999970e+02
1.254890999999999934e+02
1.255585999999999984e+02
1.256406999999999954e+02
1.256800000000000068e+02
1.256889999999999930e+02
1.257627999999999986e+02
1.258747000000000043e+02
1.258810000000000002e+02
1.259014999999999986e+02
1.259367000000000019e+02
1.259471000000000060e+02
1.259745999999999952e+02
1.259800000000000040e+02
1.259967000000000041e+02
1.260167000000000002e+02
1.260562999999999931e+02
1.260640999999999963e+02
1.260662999999999982e+02
1.261910000000000025e+02
1.262009000000000043e+02
1.262053999999999974e+02
1.264162000000000035e+02
1.264538000000000011e+02
1.265936999999999983e+02
1.267245999999999952e+02
1.267961999999999989e+02
1.268413000000000039e+02
1.269047000000000054e+02
1.269879999999999995e+02
1.270224999999999937e+02
1.271423999999999950e+02
1.271820000000000022e+02
1.272694000000000045e+02
1.273611999999999966e+02
1.273884000000000043e+02
1.274141999999999939e+02
1.274295000000000044e+02
1.274295000000000044e+02
1.274359000000000037e+02
1.274401000000000010e+02
1.275711000000000013e+02
1.276495000000000033e+02
1.277185999999999950e+02
1.277676000000000016e+02
1.277998000000000047e+02
1.279475000000000051e+02
1.280946999999999889e+02
1.281064000000000078e+02
1.281312000000000069e+02
1.281571999999999889e+02
1.281687000000000012e+02
1.282395999999999958e+02
1.282726999999999862e+02
1.283169000000000040e+02
1.283378999999999905e+02
1.284731999999999914e+02
1.284881000000000029e+02
1.285172000000000025e+02
1.286226000000000056e+02
1.287028999999999996e+02
1.287554000000000087e+02
1.288262000000000000e+02
1.289052000000000078e+02
1.289430999999999869e+02
1.289499000000000137e+02
1.289766999999999939e+02
1.291031000000000120e+02
1.291820999999999913e+02
1.292359999999999900e+02
1.292595000000000027e+02
1.293071999999999946e+02
1.293973000000000013e+02
1.294403000000000077e+02
1.294860999999999933e+02
1.295015999999999963e+02
1.295820999999999970e+02
1.297657000000000096e+02
1.297980000000000018e+02
1.299370999999999867e+02
1.299439000000000135e+02
1.299963999999999942e+02
1.300070000000000050e+02
1.300334000000000003e+02
1.302858999999999980e+02
1.302931000000000097e+02
1.303028999999999940e+02
1.303248000000000104e+02
1.304841999999999871e+02
1.305312999999999874e+02
1.305475999999999885e+02
1.305899000000000001e+02
1.308708000000000027e+02
1.309079999999999870e+02
1.309142999999999972e+02
1.309271999999999991e+02
1.309473999999999876e+02
1.309536999999999978e+02
1.310938999999999908e+02
1.310997000000000128e+02
1.311350999999999942e+02
1.311767999999999859e+02
1.312125000000000057e+02
1.312330000000000041e+02
1.312552000000000021e+02
1.313037999999999954e+02
1.313725000000000023e+02
1.314257000000000062e+02
1.315632999999999981e+02
1.316003000000000043e+02
1.316084999999999923e+02
1.317929000000000030e+02
1.318048000000000002e+02
1.319259999999999877e+02
1.319495000000000005e+02
1.320001000000000033e+02
1.320481000000000051e+02
1.320560000000000116e+02
1.320613999999999919e+02
1.321033999999999935e+02
1.321735999999999933e+02
1.322436999999999898e+02
1.324489000000000090e+02
1.324944999999999879e+02
1.324973999999999990e+02
1.325232000000000028e+02
1.327069999999999936e+02
1.328415999999999997e+02
1.328683000000000050e+02
1.330293000000000063e+02
1.331485999999999876e+02
1.331939999999999884e+02
1.332093999999999880e+02
1.332279000000000053e+02
1.332832999999999970e+02
1.333410000000000082e+02
1.333410000000000082e+02
1.333522000000000105e+02
1.334078000000000088e+02
1.334334000000000060e+02
1.335086000000000013e+02
1.335467999999999904e+02
1.336620000000000061e+02
1.337027999999999963e+02
1.337932999999999879e+02
1.338532999999999902e+02
1.338617000000000132e+02
1.339005999999999972e+02
1.339181000000000097e+02
1.340321000000000140e+02
1.340372000000000128e+02
1.340785999999999945e+02
1.340962000000000103e+02
1.341270000000000095e+02
1.341535000000000082e+02
1.343475999999999999e+02
1.343796000000000106e+02
1.344541999999999859e+02
1.344644000000000119e+02
1.344725999999999999e+02
1.345281999999999982e+02
1.348017000000000110e+02
1.348499999999999943e+02
1.348808999999999969e+02
1.349188000000000045e+02
1.349268999999999892e+02
1.349769000000000005e+02
1.351397000000000048e+02
1.351878000000000100e+02
1.352989000000000033e+02
1.353409000000000049e+02
1.353883999999999901e+02
1.354442999999999984e+02
1.354667000000000030e+02
1.354790999999999883e+02
1.355241000000000042e+02
1.355508000000000095e+02
1.356236000000000104e+02
1.356556999999999960e+02
1.356745999999999981e+02
1.357135000000000105e+02
1.357521999999999878e+02
1.359525999999999897e+02
1.360468999999999937e+02
1.360908000000000015e+02
1.361214999999999975e+02
1.362733000000000061e+02
1.363059000000000083e+02
1.363525999999999954e+02
1.366222999999999956e+02
1.366773000000000025e+02
1.367548999999999921e+02
1.369530000000000030e+02
1.370397000000000105e+02
1.370517000000000110e+02
1.372144000000000119e+02
1.373847000000000094e+02
1.373931000000000040e+02
1.374174999999999898e+02
1.377130999999999972e+02
1.378543999999999983e+02
1.378722999999999956e+02
1.378994999999999891e+02
1.379262999999999977e+02
1.380029999999999859e+02
1.380118999999999971e+02
1.382582999999999913e+02
1.383668000000000120e+02
1.384698999999999955e+02
1.385107000000000141e+02
1.387867999999999995e+02
1.388245000000000005e+02
1.389224000000000103e+02
1.390127999999999986e+02
1.391272999999999911e+02
1.393242999999999938e+02
1.395838999999999999e+02
1.395838999999999999e+02
1.398642999999999859e+02
1.398642999999999859e+02
1.398908999999999878e+02
1.399011000000000138e+02
1.399128000000000043e+02
1.399224000000000103e+02
1.400300000000000011e+02
1.400737000000000023e+02
1.400899000000000001e+02
1.403127000000000066e+02
1.406860000000000070e+02
1.407916999999999916e+02
1.408010999999999910e+02
1.408010999999999910e+02
1.409513000000000034e+02
1.409607000000000028e+02
1.412467000000000041e+02
1.412715000000000032e+02
1.413216999999999928e+02
1.416808000000000050e+02
1.418264000000000067e+02
1.419268999999999892e+02
1.419353000000000122e+02
1.419412000000000091e+02
1.419992000000000019e+02
1.421449000000000069e+02
1.421600999999999999e+02
1.422199999999999989e+02
1.422993999999999915e+02
1.423342000000000098e+02
1.424927999999999884e+02
1.425007999999999981e+02
1.426286000000000058e+02
1.429601000000000113e+02
1.429865000000000066e+02
1.431922999999999888e+02
1.433508999999999958e+02
1.434514000000000067e+02
1.434752000000000010e+02
1.435244000000000142e+02
1.435672999999999888e+02
1.436911000000000058e+02
1.439157999999999902e+02
1.442255999999999858e+02
1.442793000000000063e+02
1.443821000000000083e+02
1.444465999999999894e+02
1.445440000000000111e+02
1.446242000000000019e+02
1.447156999999999982e+02
1.447509000000000015e+02
1.448379999999999939e+02
1.450060000000000002e+02
1.450408999999999935e+02
1.451313000000000102e+02
1.451650999999999954e+02
1.452159000000000049e+02
1.452290999999999883e+02
1.453343999999999880e+02
1.454586999999999932e+02
1.454804000000000030e+02
1.454841999999999871e+02
1.455423999999999864e+02
1.456084999999999923e+02
1.457357000000000085e+02
1.457770999999999901e+02
1.458837000000000046e+02
1.459273000000000025e+02
1.460629999999999882e+02
1.462661999999999978e+02
1.462805999999999926e+02
1.463706999999999994e+02
1.463831999999999880e+02
1.464508999999999901e+02
1.465261999999999887e+02
1.467529999999999859e+02
1.467728999999999928e+02
1.468025000000000091e+02
1.468212000000000046e+02
1.469008000000000038e+02
1.471478999999999928e+02
1.471886000000000081e+02
1.472478000000000122e+02
1.474587999999999965e+02
1.475442999999999927e+02
1.476946000000000083e+02
1.477205999999999904e+02
1.477304000000000030e+02
1.479849000000000103e+02
1.480355000000000132e+02
1.481753999999999962e+02
1.482877000000000010e+02
1.483898000000000081e+02
1.485826000000000136e+02
1.486531999999999982e+02
1.487159000000000049e+02
1.487451000000000079e+02
1.487998000000000047e+02
1.488797999999999888e+02
1.488883999999999901e+02
1.489790000000000134e+02
1.489822000000000060e+02
1.489900000000000091e+02
1.492373000000000047e+02
1.492478999999999871e+02
1.493045999999999935e+02
1.494090999999999951e+02
1.494090999999999951e+02
1.497629000000000019e+02
1.499233999999999867e+02
1.499882000000000062e+02
1.499937999999999931e+02
1.500146000000000015e+02
1.502572000000000116e+02
1.503890000000000100e+02
1.505395000000000039e+02
1.506704000000000008e+02
1.506776000000000124e+02
1.506970000000000027e+02
1.508877999999999986e+02
1.509076000000000022e+02
1.509238000000000000e+02
1.509660000000000082e+02
1.509863000000000000e+02
1.511545000000000130e+02
1.511700999999999908e+02
1.512572000000000116e+02
1.513154999999999859e+02
1.513520000000000039e+02
1.514112000000000080e+02
1.514823000000000093e+02
1.515338000000000136e+02
1.515560999999999865e+02
1.515628000000000100e+02
1.516810000000000116e+02
1.517985999999999933e+02
1.521326999999999998e+02
1.521442999999999870e+02
1.522582999999999913e+02
1.522752999999999872e+02
1.526373000000000104e+02
1.527305000000000064e+02
1.527358000000000118e+02
1.528982000000000028e+02
1.529423999999999921e+02
1.529918000000000120e+02
1.532232999999999947e+02
1.533309000000000140e+02
1.534747000000000128e+02
1.537194000000000074e+02
1.538208999999999946e+02
1.539670999999999879e+02
1.541211999999999875e+02
1.542110000000000127e+02
1.543625000000000114e+02
1.544040999999999997e+02
1.544311999999999898e+02
1.548448999999999955e+02
1.552589000000000112e+02
1.552709999999999866e+02
1.555289999999999964e+02
1.560888999999999953e+02
1.560936000000000092e+02
1.561682999999999879e+02
1.562612000000000023e+02
1.563246000000000038e+02
1.563763999999999896e+02
1.564471000000000060e+02
1.565647999999999911e+02
1.565767999999999915e+02
1.565919000000000096e+02
1.566539999999999964e+02
1.567703999999999951e+02
1.570056999999999903e+02
1.570977000000000032e+02
1.571264999999999930e+02
1.571563999999999908e+02
1.571627000000000010e+02
1.572316999999999894e+02
1.572363000000000000e+02
1.573916000000000111e+02
1.574468999999999994e+02
1.574681999999999960e+02
1.575735999999999990e+02
1.576174000000000035e+02
1.577264999999999873e+02
1.577552000000000021e+02
1.577867999999999995e+02
1.578263000000000034e+02
1.578872000000000071e+02
1.583314000000000021e+02
1.584064999999999941e+02
1.585972999999999900e+02
1.588064999999999998e+02
1.589076000000000022e+02
1.589662999999999897e+02
1.589814000000000078e+02
1.590853999999999928e+02
1.591502000000000123e+02
1.592915999999999883e+02
1.593905000000000030e+02
1.594072999999999922e+02
1.594498000000000104e+02
1.594819999999999993e+02
1.594975000000000023e+02
1.595381999999999891e+02
1.595670000000000073e+02
1.596751999999999896e+02
1.596938000000000102e+02
1.598837000000000046e+02
1.599067000000000007e+02
1.599293000000000120e+02
1.601213999999999942e+02
1.603007000000000062e+02
1.603924000000000092e+02
1.607161999999999864e+02
1.608200999999999965e+02
1.608504000000000076e+02
1.608934000000000140e+02
1.609622999999999990e+02
1.610699999999999932e+02
1.611222999999999956e+02
1.613457999999999970e+02
1.617435999999999865e+02
1.619939999999999998e+02
1.620769999999999982e+02
1.621143999999999892e+02
1.621827000000000112e+02
1.624664999999999964e+02
1.624749999999999943e+02
1.625690999999999917e+02
1.626279999999999859e+02
1.626399000000000115e+02
1.629649000000000001e+02
1.630998999999999910e+02
1.634672999999999945e+02
1.634736000000000047e+02
1.635763000000000034e+02
1.637015000000000100e+02
1.637641000000000133e+02
1.638678999999999917e+02
1.640718999999999994e+02
1.642103999999999928e+02
1.642713999999999999e+02
1.643497999999999877e+02
1.643551999999999964e+02
1.645006999999999948e+02
1.645114000000000090e+02
1.645176999999999907e+02
1.647483000000000004e+02
1.648115999999999985e+02
1.649658000000000015e+02
1.650355000000000132e+02
1.650611000000000104e+02
1.650819999999999936e+02
1.657144999999999868e+02
1.658699000000000012e+02
1.659228999999999985e+02
1.660089000000000112e+02
1.660905999999999949e+02
1.662952999999999975e+02
1.663237000000000023e+02
1.663631000000000029e+02
1.666436999999999955e+02
1.667552000000000021e+02
1.672867999999999995e+02
1.673910999999999945e+02
1.678436000000000092e+02
1.679774999999999920e+02
1.681239999999999952e+02
1.682298000000000116e+02
1.683382000000000005e+02
1.685114000000000090e+02
1.685750999999999920e+02
1.686339999999999861e+02
1.686641999999999939e+02
1.690563999999999965e+02
1.691379000000000019e+02
1.692108000000000061e+02
1.694330999999999960e+02
1.694997999999999934e+02
1.695182000000000073e+02
1.695477999999999952e+02
1.700259000000000071e+02
1.702076999999999884e+02
1.703482999999999947e+02
1.704591000000000065e+02
1.704776999999999987e+02
1.707950999999999908e+02
1.709013999999999953e+02
1.711569000000000074e+02
1.711811999999999898e+02
1.718814999999999884e+02
1.720158999999999878e+02
1.721992999999999938e+02
1.723223999999999876e+02
1.723531999999999869e+02
1.726902000000000044e+02
1.727531999999999925e+02
1.727766000000000020e+02
1.731260000000000048e+02
1.733207999999999913e+02
1.735617000000000019e+02
1.737822999999999922e+02
1.738178000000000054e+02
1.741228000000000122e+02
1.745076999999999998e+02
1.745155000000000030e+02
1.747603000000000009e+02
1.748914000000000044e+02
1.751568000000000040e+02
1.752161000000000115e+02
1.759834999999999923e+02
1.765312999999999874e+02
1.766257999999999981e+02
1.773462000000000103e+02
1.777743000000000109e+02
1.782733000000000061e+02
1.783160000000000025e+02
1.783598000000000070e+02
1.784140999999999906e+02
1.787643999999999949e+02
1.792367000000000132e+02
1.795861999999999910e+02
1.802340000000000089e+02
1.813309999999999889e+02
1.819939999999999998e+02
1.825134999999999934e+02
1.825429000000000030e+02
1.831091999999999871e+02
1.835164000000000044e+02
1.837634999999999934e+02
1.845373999999999910e+02
1.850714000000000112e+02
1.851345000000000027e+02
1.852204999999999870e+02
1.853636999999999944e+02
1.854913999999999987e+02
1.870811999999999955e+02
1.878017999999999859e+02
1.878109000000000037e+02
1.886617999999999995e+02
1.892674000000000092e+02
1.898999000000000024e+02
1.901636000000000024e+02
1.901993999999999971e+02
1.905080000000000098e+02
1.917155999999999949e+02
1.923095000000000141e+02
1.925863999999999976e+02
1.928539000000000101e+02
1.939331999999999994e+02
1.955140000000000100e+02
1.961497999999999990e+02
1.971971000000000060e+02
1.993800999999999988e+02
1.999197000000000060e+02
2.011299999999999955e+02
2.023000000000000114e+02
2.029026000000000067e+02
2.034219999999999970e+02
2.043757999999999981e+02
2.052880000000000109e+02
2.061299999999999955e+02
2.083880000000000052e+02
2.083880000000000052e+02
2.086399999999999864e+02
2.089480000000000075e+02
2.093300000000000125e+02
2.113350000000000080e+02
2.120209999999999866e+02
2.120209999999999866e+02
2.126109999999999900e+02
2.127479999999999905e+02
2.128189999999999884e+02
2.128609999999999900e+02
2.148899999999999864e+02
2.151220000000000141e+02
2.153360000000000127e+02
2.156490000000000009e+02
2.158729999999999905e+02
2.163559999999999945e+02
2.170099999999999909e+02
2.175920000000000130e+02
2.178849999999999909e+02
2.188110000000000070e+02
2.191059999999999945e+02
2.192330000000000041e+02
2.205649999999999977e+02
2.208779999999999859e+02
2.221059999999999945e+02
2.221759999999999877e+02
2.243379999999999939e+02
2.246459999999999866e+02
2.254072999999999922e+02
2.254184999999999945e+02
2.255800000000000125e+02
2.256510000000000105e+02
2.259209999999999923e+02
2.259559999999999889e+02
2.265310000000000059e+02
2.267030000000000030e+02
2.269600000000000080e+02
2.280699999999999932e+02
2.280699999999999932e+02
2.281719999999999970e+02
2.282609999999999957e+02
2.285300000000000011e+02
2.295790000000000077e+02
2.298866999999999905e+02
2.300240000000000009e+02
2.301210000000000093e+02
2.304929999999999950e+02
2.306179999999999950e+02
2.307980000000000018e+02
2.309639999999999986e+02
2.316045000000000016e+02
2.316090000000000089e+02
2.322160000000000082e+02
2.322290000000000134e+02
2.328689999999999998e+02
2.328689999999999998e+02
2.334019999999999868e+02
2.334559999999999889e+02
2.335219999999999914e+02
2.343899999999999864e+02
2.344329999999999927e+02
2.353340000000000032e+02
2.355720000000000027e+02
2.358249999999999886e+02
2.358880000000000052e+02
2.361450000000000102e+02
2.363760000000000048e+02
2.368760000000000048e+02
2.373489999999999895e+02
2.375819999999999936e+02
2.378009999999999877e+02
2.378710000000000093e+02
2.378710000000000093e+02
2.380109999999999957e+02
2.382350000000000136e+02
2.383899999999999864e+02
2.387309999999999945e+02
2.387620000000000005e+02
2.391349999999999909e+02
2.391910000000000025e+02
2.408319999999999936e+02
2.410099999999999909e+02
2.410900000000000034e+02
2.411459999999999866e+02
2.414039999999999964e+02
2.416589999999999918e+02
2.418839999999999861e+02
2.425060000000000002e+02
2.425399999999999920e+02
2.425629999999999882e+02
2.425730000000000075e+02
2.426399999999999864e+02
2.427270000000000039e+02
2.428350000000000080e+02
2.431980000000000075e+02
2.432680000000000007e+02
2.433100000000000023e+02
2.433319999999999936e+02
2.435879999999999939e+02
2.446080000000000041e+02
2.448499999999999943e+02
2.448969999999999914e+02
2.453549999999999898e+02
2.456349999999999909e+02
2.456610000000000014e+02
2.457769999999999868e+02
2.457769999999999868e+02
2.457969999999999970e+02
2.465840000000000032e+02
2.468050000000000068e+02
2.475869999999999891e+02
2.478859999999999957e+02
2.481930000000000121e+02
2.486129999999999995e+02
2.486129999999999995e+02
2.493830000000000098e+02
2.497019999999999982e+02
2.503379999999999939e+02
2.503729999999999905e+02
2.505120000000000005e+02
2.506490000000000009e+02
2.508389999999999986e+02
2.510469999999999970e+02
2.512700000000000102e+02
2.513340000000000032e+02
2.514470000000000027e+02
2.516119999999999948e+02
2.525639999999999930e+02
2.525809999999999889e+02
2.533280000000000030e+02
2.533890000000000100e+02
2.535219999999999914e+02
2.537980000000000018e+02
2.538439999999999941e+02
2.542239999999999895e+02
2.542239999999999895e+02
2.542779999999999916e+02
2.542779999999999916e+02
2.543559999999999945e+02
2.544730000000000132e+02
2.546299999999999955e+02
2.546790000000000020e+02
2.547959999999999923e+02
2.548449999999999989e+02
2.552170000000000130e+02
2.555169999999999959e+02
2.556119999999999948e+02
2.556649999999999920e+02
2.564049999999999727e+02
2.564950000000000045e+02
2.570649999999999977e+02
2.571390000000000100e+02
2.573469999999999800e+02
2.578029999999999973e+02
2.579479999999999791e+02
2.580260000000000105e+02
2.592839999999999918e+02
2.592839999999999918e+02
2.599820000000000277e+02
2.602819999999999823e+02
2.605330000000000155e+02
2.608299999999999841e+02
2.608299999999999841e+02
2.609030000000000200e+02
2.612080000000000268e+02
2.615760000000000218e+02
2.618559999999999945e+02
2.620659999999999741e+02
2.624420000000000073e+02
2.626100000000000136e+02
2.627540000000000191e+02
2.634959999999999809e+02
2.636059999999999945e+02
2.640210000000000150e+02
2.640500000000000114e+02
2.644979999999999905e+02
2.654549999999999841e+02
2.657599999999999909e+02
2.662769999999999868e+02
2.663419999999999845e+02
2.665579999999999927e+02
2.669780000000000086e+02
2.670699999999999932e+02
2.672629999999999768e+02
2.674399999999999977e+02
2.677629999999999768e+02
2.684839999999999804e+02
2.693140000000000214e+02
2.695029999999999859e+02
2.704830000000000041e+02
2.713539999999999850e+02
2.744809999999999945e+02
2.773279999999999745e+02
2.776370000000000005e+02
2.782110000000000127e+02
2.786039999999999850e+02
2.798170000000000073e+02
2.798519999999999754e+02
2.798999999999999773e+02
2.801650000000000205e+02
2.824010000000000105e+02
2.825280000000000200e+02
2.834069999999999823e+02
2.836490000000000009e+02
2.837230000000000132e+02
2.838159999999999741e+02
2.839990000000000236e+02
2.841059999999999945e+02
2.843120000000000118e+02
2.850559999999999832e+02
2.854152000000000271e+02
2.864680000000000177e+02
2.876440000000000055e+02
2.876820000000000164e+02
2.878519999999999754e+02
2.880249999999999773e+02
2.883489999999999895e+02
2.883489999999999895e+02
2.898000000000000114e+02
2.902799999999999727e+02
2.905649999999999977e+02
2.908090000000000259e+02
2.908090000000000259e+02
2.917210000000000036e+02
2.919420000000000073e+02
2.925649999999999977e+02
2.935500000000000114e+02
2.937540000000000191e+02
2.939329999999999927e+02
2.940129999999999768e+02
2.941399999999999864e+02
2.944010000000000105e+02
2.947830000000000155e+02
2.950620000000000118e+02
2.952080000000000268e+02
2.963860000000000241e+02
2.975819999999999936e+02
2.975819999999999936e+02
2.981519999999999868e+02
2.986669999999999732e+02
2.991490000000000009e+02
2.996949999999999932e+02
2.998279999999999745e+02
3.003129999999999882e+02
3.004510000000000218e+02
3.004510000000000218e+02
3.012570000000000050e+02
3.017309999999999945e+02
3.018190000000000168e+02
3.020110000000000241e+02
3.026700000000000159e+02
3.030240000000000009e+02
3.040140000000000100e+02
3.043539999999999850e+02
3.048050000000000068e+02
3.050330000000000155e+02
3.058170000000000073e+02
3.069780000000000086e+02
3.069979999999999905e+02
3.070600000000000023e+02
3.077579999999999814e+02
3.084119999999999777e+02
3.087339999999999804e+02
3.087339999999999804e+02
3.088940000000000055e+02
3.101190000000000282e+02
3.101349999999999909e+02
3.121659999999999968e+02
3.122690000000000055e+02
3.134230000000000018e+02
3.151519999999999868e+02
3.155649999999999977e+02
3.160059999999999718e+02
3.160059999999999718e+02
3.169100000000000250e+02
3.169800000000000182e+02
3.178500000000000227e+02
3.178500000000000227e+02
3.181270000000000095e+02
3.199839999999999804e+02
3.213050000000000068e+02
3.220439999999999827e+02
3.221709999999999923e+02
3.222210000000000036e+02
3.230210000000000150e+02
3.231689999999999827e+02
3.242459999999999809e+02
3.262950000000000159e+02
3.267379999999999995e+02
3.278220000000000027e+02
3.288539999999999850e+02
3.311469999999999914e+02
3.323559999999999945e+02
3.335120000000000005e+02
3.369449999999999932e+02
3.438009999999999877e+02
3.438489999999999895e+02
3.449959999999999809e+02
3.514639999999999986e+02
3.516960000000000264e+02
3.523039999999999736e+02
3.558190000000000168e+02
3.558190000000000168e+02
3.560009999999999764e+02
3.574739999999999895e+02
3.595419999999999732e+02
3.610799999999999841e+02
3.618240000000000123e+02
3.627320000000000277e+02
3.629700000000000273e+02
3.637239999999999895e+02
3.662749999999999773e+02
3.665659999999999741e+02
3.676030000000000086e+02
3.688129999999999882e+02
3.726440000000000055e+02
3.732420000000000186e+02
3.735831999999999766e+02
3.739590000000000032e+02
3.748269999999999982e+02
3.794870000000000232e+02
3.801200000000000045e+02
3.818319999999999936e+02
3.866739999999999782e+02
3.903620000000000232e+02
3.916490000000000009e+02
3.916490000000000009e+02
3.935950000000000273e+02
3.947389999999999759e+02
3.977429999999999950e+02
3.993249999999999886e+02
4.021170000000000186e+02
4.034900000000000091e+02
4.041220000000000141e+02
4.071070000000000277e+02
4.071829999999999927e+02
4.093770000000000095e+02
4.116940000000000168e+02
4.129080000000000155e+02
4.156870000000000118e+02
4.167210000000000036e+02
4.173740000000000236e+02
4.183650000000000091e+02
4.184390000000000214e+02
4.186840000000000259e+02
4.198720000000000141e+02
4.218949999999999818e+02
4.221990000000000123e+02
4.260310000000000059e+02
4.266499999999999773e+02
4.269300000000000068e+02
4.287830000000000155e+02
4.302810000000000059e+02
4.311800000000000068e+02
4.312710000000000150e+02
4.352520000000000095e+02
4.353779999999999859e+02
4.393820000000000050e+02
4.400710000000000264e+02
4.405020000000000095e+02
4.427509999999999764e+02
4.451429999999999723e+02
4.479739999999999895e+02
4.496610000000000014e+02
4.497289999999999850e+02
4.546949999999999932e+02
4.549759999999999991e+02
4.552060000000000173e+02
4.569370000000000118e+02
4.571299999999999955e+02
4.605769999999999982e+02
4.617679999999999723e+02
4.657479999999999905e+02
4.670299999999999727e+02
4.710199999999999818e+02
4.730179999999999723e+02
4.733179999999999836e+02
4.757789999999999964e+02
4.759289999999999736e+02
4.779499999999999886e+02
4.797010000000000218e+02
4.808480000000000132e+02
4.810810000000000173e+02
4.842119999999999891e+02
4.846730000000000018e+02
4.914730000000000132e+02
4.939470000000000027e+02
4.940552000000000135e+02
4.971870000000000118e+02
5.001129999999999995e+02
5.004139999999999873e+02
5.010570000000000164e+02
5.016379999999999768e+02
5.047470000000000141e+02
5.125090000000000146e+02
5.179389999999999645e+02
5.240380000000000109e+02
5.342229999999999563e+02
5.365810000000000173e+02
5.451009999999999991e+02
5.456019999999999754e+02
5.470919999999999845e+02
5.621599999999999682e+02
5.627110000000000127e+02
5.830170000000000528e+02
5.883930000000000291e+02
5.888990000000000009e+02
5.895689999999999600e+02
6.027770000000000437e+02
6.069510000000000218e+02
6.112359999999999900e+02
6.290019999999999527e+02
6.336190000000000282e+02
6.626559999999999491e+02
6.687930000000000064e+02
6.831889999999999645e+02
6.931789999999999736e+02
7.185689999999999600e+02
7.836480000000000246e+02
