3.008600000000000163e-01
3.011199999999999988e-01
3.043100000000000249e-01
3.060800000000000187e-01
3.060800000000000187e-01
3.060800000000000187e-01
3.067199999999999926e-01
3.067199999999999926e-01
3.074200000000000266e-01
3.074200000000000266e-01
3.531949999999999812e-01
3.536000000000000254e-01
3.536000000000000254e-01
3.541400000000000103e-01
3.545900000000000163e-01
3.545949999999999935e-01
3.548700000000000188e-01
3.549499999999999877e-01
3.561699999999999866e-01
3.561699999999999866e-01
3.565999999999999726e-01
3.569800000000000195e-01
3.588299999999999823e-01
3.588299999999999823e-01
1.471500000000000030e+00
1.477600000000000025e+00
1.477600000000000025e+00
1.575499999999999901e+00
1.575499999999999901e+00
1.642700000000000049e+00
1.649699999999999944e+00
2.088900000000000201e+00
2.093100000000000183e+00
2.173700000000000188e+00
2.191100000000000048e+00
2.201999999999999957e+00
2.216299999999999937e+00
2.257299999999999862e+00
2.274099999999999788e+00
2.281299999999999883e+00
2.292100000000000026e+00
2.314599999999999991e+00
2.318000000000000060e+00
2.326999999999999957e+00
2.331500000000000128e+00
2.339900000000000091e+00
2.358800000000000008e+00
2.363300000000000178e+00
2.383999999999999897e+00
2.398099999999999898e+00
2.412999999999999812e+00
2.419999999999999929e+00
2.419999999999999929e+00
2.432799999999999851e+00
2.476999999999999869e+00
2.488900000000000112e+00
2.494600000000000151e+00
2.526499999999999968e+00
2.569999999999999840e+00
2.575000000000000178e+00
2.581799999999999873e+00
2.590899999999999981e+00
2.601799999999999891e+00
2.628400000000000070e+00
2.646500000000000075e+00
2.659100000000000019e+00
2.681599999999999984e+00
2.733699999999999797e+00
2.738399999999999945e+00
2.744000000000000217e+00
2.750700000000000145e+00
2.753000000000000114e+00
2.758599999999999941e+00
2.783500000000000085e+00
2.783500000000000085e+00
2.801200000000000134e+00
2.815999999999999837e+00
2.832699999999999996e+00
2.895799999999999930e+00
2.916799999999999837e+00
2.934200000000000141e+00
2.936700000000000088e+00
2.943000000000000060e+00
2.952999999999999847e+00
2.952999999999999847e+00
2.955900000000000194e+00
2.958800000000000097e+00
2.966699999999999893e+00
2.973500000000000032e+00
2.973500000000000032e+00
2.979400000000000048e+00
2.992100000000000204e+00
2.998600000000000154e+00
3.015099999999999891e+00
3.020199999999999996e+00
3.035099999999999909e+00
3.057100000000000151e+00
3.080000000000000071e+00
3.088699999999999779e+00
3.093700000000000117e+00
3.106199999999999850e+00
3.120000000000000107e+00
3.145700000000000163e+00
3.148299999999999876e+00
3.168800000000000061e+00
3.209900000000000198e+00
3.217799999999999994e+00
3.227799999999999780e+00
3.231799999999999784e+00
3.234100000000000197e+00
3.242100000000000204e+00
3.256299999999999972e+00
3.280800000000000161e+00
3.295599999999999863e+00
3.295599999999999863e+00
3.301200000000000134e+00
3.302799999999999958e+00
3.308699999999999974e+00
3.310700000000000198e+00
3.313400000000000123e+00
3.321099999999999941e+00
3.323700000000000099e+00
3.327599999999999891e+00
3.328500000000000014e+00
3.334000000000000075e+00
3.348599999999999799e+00
3.354699999999999793e+00
3.395700000000000163e+00
3.412599999999999856e+00
3.419999999999999929e+00
3.434899999999999842e+00
3.439299999999999802e+00
3.530699999999999950e+00
3.556299999999999795e+00
3.577900000000000080e+00
3.586500000000000021e+00
3.622900000000000009e+00
3.665999999999999925e+00
3.696800000000000086e+00
3.723599999999999799e+00
3.743100000000000094e+00
3.756400000000000183e+00
3.769200000000000106e+00
3.776600000000000179e+00
3.787100000000000133e+00
3.789099999999999913e+00
3.802999999999999936e+00
3.811199999999999921e+00
3.831700000000000106e+00
4.115099999999999980e+00
4.154799999999999827e+00
6.316799999999999748e+00
6.350900000000000212e+00
6.464299999999999713e+00
6.474700000000000344e+00
7.691300000000000026e+00
7.890200000000000102e+00
8.203599999999999781e+00
8.573199999999999932e+00
8.706400000000000361e+00
8.734500000000000597e+00
8.750799999999999912e+00
8.753399999999999181e+00
8.939600000000000435e+00
8.969699999999999562e+00
9.191700000000000870e+00
9.306900000000000617e+00
9.339499999999999247e+00
9.506899999999999906e+00
9.539899999999999380e+00
9.779299999999999216e+00
9.879599999999999937e+00
9.886599999999999611e+00
9.939399999999999125e+00
9.976100000000000634e+00
1.030860000000000021e+01
1.031630000000000003e+01
1.033510000000000062e+01
1.035609999999999964e+01
1.071829999999999927e+01
1.071829999999999927e+01
1.093030000000000079e+01
1.094340000000000046e+01
1.095350000000000001e+01
1.097109999999999985e+01
1.106520000000000081e+01
1.106520000000000081e+01
1.121199999999999974e+01
1.125859999999999950e+01
1.125939999999999941e+01
1.138579999999999970e+01
1.141729999999999912e+01
1.147600000000000087e+01
1.161090000000000089e+01
1.161389999999999922e+01
1.210909999999999975e+01
1.216450000000000031e+01
1.218849999999999945e+01
1.220539999999999914e+01
1.224130000000000074e+01
1.256969999999999921e+01
1.257349999999999923e+01
1.266499999999999915e+01
1.266539999999999999e+01
1.271560000000000024e+01
1.273499999999999943e+01
1.275600000000000023e+01
1.289300000000000068e+01
1.316329999999999956e+01
1.318800000000000061e+01
1.321049999999999969e+01
1.325189999999999912e+01
1.327149999999999963e+01
1.330840000000000067e+01
1.350799999999999912e+01
1.353800000000000026e+01
1.358890000000000065e+01
1.358890000000000065e+01
1.358890000000000065e+01
1.369790000000000063e+01
1.371180000000000021e+01
1.372480000000000011e+01
1.374239999999999995e+01
1.374579999999999913e+01
1.375629999999999953e+01
1.376009999999999955e+01
1.379059999999999953e+01
1.382699999999999996e+01
1.384999999999999964e+01
1.386320000000000086e+01
1.386320000000000086e+01
1.386320000000000086e+01
1.388419999999999987e+01
1.391009999999999991e+01
1.393999999999999950e+01
1.394800000000000040e+01
1.400839999999999996e+01
1.408619999999999983e+01
1.426810000000000045e+01
1.427510000000000012e+01
1.437410000000000032e+01
1.438049999999999962e+01
1.456589999999999918e+01
1.457119999999999926e+01
1.463519999999999932e+01
1.463519999999999932e+01
1.463819999999999943e+01
1.471199999999999974e+01
1.475559999999999938e+01
1.479119999999999990e+01
1.479410000000000025e+01
1.494469999999999921e+01
1.504950000000000010e+01
1.510730000000000040e+01
1.517130000000000045e+01
1.524619999999999997e+01
1.527929999999999922e+01
1.528889999999999993e+01
1.536239999999999917e+01
1.539700000000000024e+01
1.542650000000000077e+01
1.557010000000000005e+01
1.559510000000000041e+01
1.559759999999999991e+01
1.560670000000000002e+01
1.564949999999999974e+01
1.565329999999999977e+01
1.569630000000000081e+01
1.570710000000000051e+01
1.579020000000000046e+01
1.581349999999999945e+01
1.596030000000000015e+01
1.613019999999999854e+01
1.641929999999999978e+01
1.647700000000000031e+01
1.655399999999999849e+01
1.662140000000000128e+01
1.664799999999999969e+01
1.669000000000000128e+01
1.669249999999999901e+01
1.676200000000000045e+01
1.677599999999999980e+01
1.678960000000000008e+01
1.678960000000000008e+01
1.679339999999999833e+01
1.681650000000000134e+01
1.684710000000000107e+01
1.687900000000000134e+01
1.689610000000000056e+01
1.691649999999999920e+01
1.697259999999999991e+01
1.699889999999999901e+01
1.720279999999999987e+01
1.722520000000000095e+01
1.725840000000000174e+01
1.735800000000000054e+01
1.744119999999999848e+01
1.750240000000000151e+01
1.752049999999999841e+01
1.753729999999999833e+01
1.754060000000000130e+01
1.757229999999999848e+01
1.761199999999999832e+01
1.761809999999999832e+01
1.766910000000000025e+01
1.782049999999999912e+01
1.788070000000000093e+01
1.795139999999999958e+01
1.798549999999999827e+01
1.803699999999999903e+01
1.808780000000000143e+01
1.826429999999999865e+01
1.827520000000000167e+01
1.845799999999999841e+01
1.845899999999999963e+01
1.851229999999999976e+01
1.858810000000000073e+01
1.858830000000000027e+01
1.867989999999999995e+01
1.897660000000000124e+01
1.898499999999999943e+01
1.905509999999999948e+01
1.907789999999999964e+01
1.928500000000000014e+01
1.939300000000000068e+01
1.954220000000000113e+01
1.957900000000000063e+01
1.961510000000000176e+01
1.964610000000000056e+01
1.985239999999999938e+01
1.985379999999999967e+01
1.989780000000000015e+01
1.995670000000000144e+01
1.995670000000000144e+01
1.999220000000000041e+01
2.000969999999999871e+01
2.015050000000000097e+01
2.021039999999999992e+01
2.025450000000000017e+01
2.031370000000000076e+01
2.037010000000000076e+01
2.040139999999999887e+01
2.042010000000000147e+01
2.042599999999999838e+01
2.046440000000000126e+01
2.053440000000000154e+01
2.057689999999999841e+01
2.058599999999999852e+01
2.062699999999999889e+01
2.075679999999999836e+01
2.075679999999999836e+01
2.075679999999999836e+01
2.081060000000000088e+01
2.134199999999999875e+01
2.143499999999999872e+01
2.176150000000000162e+01
2.189900000000000091e+01
2.190709999999999980e+01
2.197929999999999851e+01
2.206289999999999907e+01
2.210350000000000037e+01
2.212809999999999988e+01
2.214789999999999992e+01
2.215640000000000143e+01
2.215950000000000131e+01
2.221209999999999951e+01
2.224490000000000123e+01
2.244569999999999865e+01
2.276249999999999929e+01
2.292579999999999885e+01
2.306559999999999988e+01
2.306940000000000168e+01
2.307100000000000151e+01
2.307499999999999929e+01
2.310000000000000142e+01
2.310660000000000025e+01
2.312969999999999970e+01
2.315399999999999991e+01
2.323400000000000176e+01
2.332199999999999918e+01
2.358699999999999974e+01
2.392599999999999838e+01
2.400100000000000122e+01
2.400829999999999842e+01
2.453099999999999881e+01
2.485200000000000031e+01
2.536799999999999855e+01
2.557600000000000051e+01
2.562219999999999942e+01
2.568299999999999983e+01
2.576599999999999824e+01
2.580199999999999960e+01
2.584100000000000108e+01
2.586199999999999832e+01
2.588700000000000045e+01
2.590099999999999980e+01
2.596099999999999852e+01
2.600420000000000087e+01
2.608220000000000027e+01
2.610300000000000153e+01
2.612000000000000099e+01
2.663400000000000034e+01
2.718199999999999861e+01
2.730600000000000094e+01
2.735500000000000043e+01
2.794330000000000069e+01
2.795210000000000150e+01
2.823600000000000065e+01
2.835699999999999932e+01
2.848600000000000065e+01
2.930499999999999972e+01
2.933299999999999841e+01
2.948400000000000176e+01
2.961700000000000088e+01
2.970599999999999952e+01
3.002499999999999858e+01
3.005000000000000071e+01
3.112399999999999878e+01
3.127700000000000102e+01
3.151800000000000068e+01
3.155399999999999849e+01
3.252799999999999869e+01
3.267799999999999727e+01
3.270300000000000296e+01
3.273799999999999955e+01
3.275999999999999801e+01
3.289699999999999847e+01
3.290500000000000114e+01
3.293099999999999739e+01
3.306799999999999784e+01
3.314200000000000301e+01
3.404599999999999937e+01
3.407399999999999807e+01
3.419200000000000017e+01
3.424099999999999966e+01
3.428000000000000114e+01
3.453999999999999915e+01
3.479999999999999716e+01
3.495000000000000284e+01
3.524649999999999750e+01
3.528739999999999810e+01
3.541400000000000148e+01
3.549300000000000210e+01
3.562599999999999767e+01
3.566429999999999723e+01
3.577040000000000219e+01
3.597299999999999898e+01
3.599099999999999966e+01
3.605700000000000216e+01
3.620799999999999841e+01
3.621500000000000341e+01
3.622749999999999915e+01
3.630199999999999960e+01
3.634179999999999922e+01
3.648910000000000053e+01
3.656300000000000239e+01
3.680299999999999727e+01
3.721500000000000341e+01
3.724600000000000222e+01
3.727700000000000102e+01
3.735810000000000031e+01
3.749399999999999977e+01
3.751239999999999952e+01
3.759599999999999653e+01
3.759599999999999653e+01
3.777600000000000335e+01
3.782200000000000273e+01
3.785379999999999967e+01
3.791199999999999903e+01
3.791199999999999903e+01
3.792799999999999727e+01
3.798799999999999955e+01
3.804800000000000182e+01
3.804800000000000182e+01
3.817000000000000171e+01
3.822299999999999898e+01
3.822299999999999898e+01
3.824900000000000233e+01
3.826500000000000057e+01
3.829099999999999682e+01
3.833200000000000074e+01
3.835799999999999699e+01
3.840999999999999659e+01
3.845100000000000051e+01
3.855499999999999972e+01
3.878000000000000114e+01
3.878099999999999881e+01
3.882399999999999807e+01
3.889200000000000301e+01
3.890699999999999648e+01
3.890699999999999648e+01
3.894299999999999784e+01
3.897500000000000142e+01
3.901100000000000279e+01
3.904200000000000159e+01
3.905700000000000216e+01
3.911290000000000333e+01
3.914600000000000080e+01
3.922699999999999676e+01
3.924029999999999774e+01
3.924699999999999989e+01
3.931400000000000006e+01
3.941620000000000346e+01
3.944800000000000040e+01
3.953999999999999915e+01
3.954099999999999682e+01
3.962400000000000233e+01
3.976910000000000167e+01
3.981000000000000227e+01
3.983539999999999992e+01
3.983599999999999852e+01
3.986299999999999955e+01
3.986299999999999955e+01
3.988799999999999812e+01
3.989430000000000121e+01
3.990800000000000125e+01
3.994200000000000017e+01
3.994950000000000045e+01
3.997500000000000142e+01
4.001469999999999771e+01
4.002100000000000080e+01
4.009000000000000341e+01
4.009599999999999653e+01
4.009790000000000276e+01
4.015529999999999688e+01
4.017900000000000205e+01
4.021000000000000085e+01
4.021320000000000050e+01
4.022910000000000252e+01
4.026950000000000074e+01
4.028179999999999694e+01
4.029099999999999682e+01
4.038000000000000256e+01
4.039000000000000057e+01
4.039699999999999847e+01
4.039909999999999712e+01
4.039909999999999712e+01
4.044100000000000250e+01
4.053450000000000131e+01
4.056000000000000227e+01
4.057699999999999818e+01
4.057739999999999725e+01
4.058129999999999882e+01
4.061699999999999733e+01
4.064800000000000324e+01
4.067640000000000100e+01
4.067999999999999972e+01
4.068500000000000227e+01
4.080799999999999983e+01
4.081000000000000227e+01
4.082099999999999795e+01
4.084980000000000189e+01
4.089600000000000080e+01
4.089600000000000080e+01
4.090299999999999869e+01
4.092589999999999861e+01
4.096000000000000085e+01
4.097599999999999909e+01
4.100999999999999801e+01
4.101200000000000045e+01
4.103000000000000114e+01
4.107920000000000016e+01
4.110159999999999769e+01
4.115379999999999683e+01
4.117999999999999972e+01
4.118710000000000093e+01
4.122800000000000153e+01
4.122899999999999920e+01
4.123949999999999960e+01
4.126809999999999690e+01
4.137899999999999778e+01
4.144599999999999795e+01
4.145400000000000063e+01
4.148700000000000188e+01
4.149000000000000199e+01
4.149000000000000199e+01
4.150500000000000256e+01
4.157900000000000063e+01
4.160000000000000142e+01
4.162500000000000000e+01
4.164439999999999742e+01
4.166420000000000101e+01
4.172800000000000153e+01
4.172999999999999687e+01
4.175399999999999778e+01
4.184000000000000341e+01
4.184559999999999746e+01
4.185819999999999652e+01
4.186200000000000188e+01
4.196209999999999951e+01
4.198109999999999786e+01
4.198109999999999786e+01
4.208590000000000231e+01
4.214540000000000219e+01
4.217000000000000171e+01
4.220000000000000284e+01
4.221800000000000352e+01
4.224139999999999873e+01
4.225139999999999674e+01
4.225670000000000215e+01
4.226339999999999719e+01
4.226429999999999865e+01
4.227100000000000080e+01
4.228029999999999688e+01
4.229090000000000060e+01
4.230420000000000158e+01
4.231909999999999883e+01
4.233740000000000236e+01
4.236030000000000229e+01
4.237380000000000280e+01
4.238620000000000232e+01
4.242269999999999897e+01
4.247149999999999892e+01
4.251599999999999824e+01
4.255899999999999750e+01
4.278509999999999991e+01
4.279999999999999716e+01
4.285399999999999920e+01
4.294610000000000127e+01
4.299000000000000199e+01
4.303490000000000038e+01
4.314999999999999858e+01
4.321419999999999817e+01
4.326400000000000290e+01
4.338000000000000256e+01
4.339779999999999660e+01
4.342669999999999675e+01
4.347200000000000131e+01
4.351659999999999684e+01
4.356799999999999784e+01
4.362510000000000332e+01
4.364240000000000208e+01
4.364260000000000161e+01
4.366259999999999764e+01
4.368099999999999739e+01
4.369010000000000105e+01
4.372299999999999898e+01
4.376449999999999818e+01
4.378799999999999670e+01
4.380199999999999960e+01
4.380400000000000205e+01
4.390220000000000056e+01
4.396150000000000091e+01
4.401069999999999993e+01
4.402069999999999794e+01
4.413819999999999766e+01
4.413819999999999766e+01
4.418099999999999739e+01
4.418569999999999709e+01
4.421240000000000236e+01
4.422999999999999687e+01
4.425200000000000244e+01
4.429999999999999716e+01
4.435699999999999932e+01
4.441369999999999862e+01
4.443399999999999750e+01
4.448799999999999955e+01
4.456099999999999994e+01
4.456199999999999761e+01
4.460049999999999670e+01
4.464300000000000068e+01
4.466239999999999810e+01
4.466989999999999839e+01
4.467499999999999716e+01
4.468299999999999983e+01
4.469200000000000017e+01
4.473989999999999867e+01
4.475999999999999801e+01
4.477129999999999654e+01
4.485999999999999943e+01
4.485999999999999943e+01
4.489200000000000301e+01
4.490100000000000335e+01
4.490209999999999724e+01
4.497099999999999653e+01
4.497099999999999653e+01
4.500739999999999696e+01
4.506069999999999709e+01
4.514929999999999666e+01
4.517980000000000018e+01
4.518900000000000006e+01
4.522299999999999898e+01
4.526310000000000144e+01
4.526670000000000016e+01
4.528999999999999915e+01
4.530850000000000222e+01
4.532079999999999842e+01
4.533109999999999928e+01
4.534669999999999845e+01
4.536670000000000158e+01
4.540330000000000155e+01
4.545179999999999865e+01
4.545479999999999876e+01
4.550970000000000226e+01
4.555030000000000001e+01
4.556289999999999907e+01
4.556700000000000017e+01
4.562199999999999989e+01
4.563300000000000267e+01
4.563300000000000267e+01
4.570000000000000284e+01
4.576520000000000010e+01
4.580449999999999733e+01
4.585860000000000269e+01
4.586129999999999995e+01
4.586460000000000292e+01
4.586829999999999785e+01
4.587189999999999657e+01
4.587660000000000338e+01
4.588159999999999883e+01
4.588750000000000284e+01
4.589450000000000074e+01
4.590290000000000248e+01
4.591279999999999717e+01
4.592510000000000048e+01
4.593169999999999931e+01
4.594010000000000105e+01
4.595810000000000173e+01
4.597999999999999687e+01
4.600789999999999935e+01
4.603649999999999665e+01
4.604399999999999693e+01
4.605680000000000263e+01
4.610300000000000153e+01
4.617649999999999721e+01
4.627629999999999910e+01
4.642000000000000171e+01
4.642750000000000199e+01
4.644409999999999883e+01
4.646800000000000352e+01
4.650800000000000267e+01
4.662460000000000093e+01
4.666949999999999932e+01
4.667900000000000205e+01
4.668350000000000222e+01
4.671600000000000108e+01
4.673910000000000053e+01
4.674159999999999826e+01
4.684199999999999875e+01
4.686659999999999826e+01
4.687290000000000134e+01
4.690279999999999916e+01
4.695000000000000284e+01
4.696800000000000352e+01
4.698749999999999716e+01
4.699880000000000280e+01
4.700900000000000034e+01
4.702439999999999998e+01
4.705899999999999750e+01
4.707500000000000284e+01
4.711050000000000182e+01
4.715699999999999648e+01
4.716689999999999827e+01
4.721450000000000102e+01
4.722710000000000008e+01
4.726599999999999824e+01
4.729549999999999699e+01
4.732099999999999795e+01
4.735329999999999728e+01
4.743800000000000239e+01
4.744599999999999795e+01
4.748179999999999978e+01
4.749199999999999733e+01
4.755400000000000205e+01
4.756880000000000308e+01
4.759100000000000108e+01
4.759879999999999711e+01
4.760300000000000153e+01
4.762830000000000297e+01
4.766029999999999944e+01
4.769400000000000261e+01
4.771000000000000085e+01
4.771029999999999660e+01
4.775399999999999778e+01
4.791799999999999926e+01
4.797699999999999676e+01
4.815500000000000114e+01
4.821099999999999852e+01
4.821099999999999852e+01
4.824099999999999966e+01
4.824099999999999966e+01
4.827100000000000080e+01
4.837500000000000000e+01
4.839410000000000167e+01
4.842000000000000171e+01
4.842540000000000333e+01
4.865059999999999718e+01
4.870969999999999800e+01
4.881320000000000192e+01
4.881660000000000110e+01
4.882090000000000174e+01
4.882549999999999812e+01
4.883120000000000260e+01
4.883350000000000080e+01
4.883780000000000143e+01
4.884510000000000218e+01
4.885739999999999839e+01
4.886769999999999925e+01
4.888190000000000168e+01
4.892079999999999984e+01
4.894330000000000069e+01
4.899159999999999826e+01
4.907370000000000232e+01
4.907370000000000232e+01
4.917179999999999751e+01
4.918500000000000227e+01
4.923029999999999973e+01
4.931660000000000110e+01
4.933599999999999852e+01
4.951530000000000342e+01
4.956600000000000250e+01
4.966320000000000334e+01
4.966320000000000334e+01
4.966590000000000060e+01
4.966590000000000060e+01
4.966819999999999879e+01
4.966819999999999879e+01
4.967119999999999891e+01
4.967119999999999891e+01
4.967379999999999995e+01
4.967379999999999995e+01
4.967680000000000007e+01
4.968050000000000210e+01
4.968050000000000210e+01
4.968449999999999989e+01
4.968449999999999989e+01
4.968880000000000052e+01
4.968880000000000052e+01
4.969409999999999883e+01
4.969409999999999883e+01
4.969969999999999999e+01
4.969969999999999999e+01
4.970669999999999789e+01
4.970669999999999789e+01
4.971000000000000085e+01
4.971430000000000149e+01
4.971430000000000149e+01
4.972359999999999758e+01
4.972359999999999758e+01
4.973449999999999704e+01
4.973449999999999704e+01
4.974779999999999802e+01
4.974779999999999802e+01
4.976299999999999812e+01
4.976299999999999812e+01
4.978229999999999933e+01
4.978229999999999933e+01
4.980680000000000263e+01
4.980749999999999744e+01
4.980749999999999744e+01
4.980879999999999797e+01
4.980899999999999750e+01
4.983599999999999852e+01
4.983599999999999852e+01
4.983729999999999905e+01
4.983990000000000009e+01
4.984029999999999916e+01
4.987700000000000244e+01
4.987700000000000244e+01
4.987780000000000058e+01
4.991910000000000025e+01
4.992399999999999949e+01
4.993090000000000117e+01
4.993299999999999983e+01
4.993299999999999983e+01
4.993619999999999948e+01
4.999150000000000205e+01
4.999199999999999733e+01
4.999450000000000216e+01
4.999680000000000035e+01
4.999900000000000233e+01
4.999949999999999761e+01
5.000500000000000256e+01
5.000500000000000256e+01
5.000909999999999656e+01
5.001339999999999719e+01
5.001769999999999783e+01
5.002239999999999753e+01
5.002870000000000061e+01
5.003560000000000230e+01
5.005190000000000339e+01
5.006280000000000285e+01
5.007469999999999999e+01
5.008440000000000225e+01
5.008670000000000044e+01
5.009029999999999916e+01
5.009360000000000213e+01
5.010329999999999728e+01
5.010860000000000269e+01
5.011299999999999955e+01
5.012480000000000047e+01
5.013239999999999696e+01
5.013870000000000005e+01
5.014869999999999806e+01
5.016060000000000230e+01
5.016290000000000049e+01
5.016570000000000107e+01
5.016629999999999967e+01
5.016960000000000264e+01
5.017289999999999850e+01
5.017690000000000339e+01
5.018379999999999797e+01
5.019080000000000297e+01
5.019680000000000319e+01
5.020340000000000202e+01
5.021699999999999875e+01
5.022359999999999758e+01
5.023819999999999908e+01
5.024090000000000344e+01
5.024349999999999739e+01
5.025339999999999918e+01
5.026109999999999900e+01
5.026599999999999824e+01
5.027000000000000313e+01
5.027000000000000313e+01
5.028490000000000038e+01
5.029460000000000264e+01
5.030279999999999774e+01
5.031210000000000093e+01
5.033039999999999736e+01
5.037250000000000227e+01
5.041159999999999997e+01
5.042880000000000251e+01
5.043110000000000070e+01
5.043410000000000082e+01
5.043739999999999668e+01
5.044140000000000157e+01
5.044440000000000168e+01
5.045000000000000284e+01
5.045570000000000022e+01
5.046459999999999724e+01
5.046860000000000213e+01
5.048190000000000310e+01
5.048449999999999704e+01
5.048850000000000193e+01
5.049210000000000065e+01
5.049609999999999843e+01
5.050039999999999907e+01
5.050540000000000163e+01
5.051100000000000279e+01
5.051729999999999876e+01
5.052329999999999899e+01
5.053359999999999985e+01
5.054249999999999687e+01
5.054849999999999710e+01
5.055480000000000018e+01
5.056799999999999784e+01
5.057630000000000337e+01
5.058460000000000178e+01
5.059060000000000201e+01
5.059620000000000317e+01
5.060249999999999915e+01
5.061610000000000298e+01
5.063600000000000279e+01
5.064289999999999736e+01
5.064889999999999759e+01
5.067369999999999663e+01
5.068829999999999814e+01
5.070589999999999975e+01
5.072310000000000230e+01
5.073210000000000264e+01
5.073469999999999658e+01
5.074699999999999989e+01
5.075659999999999883e+01
5.076189999999999714e+01
5.076500000000000057e+01
5.076820000000000022e+01
5.078240000000000265e+01
5.078540000000000276e+01
5.079999999999999716e+01
5.080499999999999972e+01
5.081389999999999674e+01
5.082189999999999941e+01
5.083180000000000121e+01
5.084570000000000078e+01
5.085070000000000334e+01
5.085569999999999879e+01
5.086229999999999762e+01
5.086690000000000111e+01
5.087619999999999720e+01
5.088250000000000028e+01
5.089079999999999870e+01
5.089540000000000219e+01
5.090169999999999817e+01
5.090870000000000317e+01
5.091629999999999967e+01
5.092660000000000053e+01
5.093160000000000309e+01
5.093789999999999907e+01
5.095139999999999958e+01
5.095640000000000214e+01
5.095909999999999940e+01
5.097200000000000131e+01
5.097930000000000206e+01
5.098590000000000089e+01
5.098919999999999675e+01
5.100249999999999773e+01
5.100549999999999784e+01
5.101509999999999678e+01
5.102329999999999899e+01
5.102909999999999968e+01
5.102909999999999968e+01
5.104290000000000305e+01
5.105980000000000274e+01
5.106710000000000349e+01
5.108100000000000307e+01
5.109129999999999683e+01
5.111180000000000234e+01
5.111840000000000117e+01
5.113620000000000232e+01
5.115090000000000003e+01
5.118370000000000175e+01
5.118739999999999668e+01
5.119330000000000069e+01
5.119989999999999952e+01
5.121249999999999858e+01
5.122050000000000125e+01
5.124099999999999966e+01
5.127150000000000318e+01
5.128739999999999810e+01
5.130499999999999972e+01
5.130989999999999895e+01
5.134009999999999962e+01
5.135029999999999717e+01
5.135799999999999699e+01
5.136950000000000216e+01
5.139110000000000156e+01
5.140129999999999910e+01
5.140999999999999659e+01
5.142419999999999902e+01
5.147059999999999746e+01
5.148980000000000246e+01
5.149399999999999977e+01
5.150540000000000163e+01
5.152129999999999654e+01
5.152660000000000196e+01
5.156069999999999709e+01
5.158189999999999742e+01
5.161140000000000327e+01
5.163219999999999743e+01
5.163949999999999818e+01
5.166299999999999670e+01
5.167759999999999820e+01
5.172030000000000172e+01
5.172659999999999769e+01
5.173879999999999768e+01
5.174450000000000216e+01
5.174909999999999854e+01
5.177499999999999858e+01
5.177940000000000254e+01
5.177960000000000207e+01
5.179090000000000060e+01
5.179419999999999646e+01
5.185479999999999734e+01
5.186200000000000188e+01
5.193820000000000192e+01
5.195139999999999958e+01
5.198259999999999792e+01
5.200939999999999941e+01
5.203979999999999961e+01
5.206099999999999994e+01
5.208570000000000277e+01
5.210309999999999775e+01
5.210999999999999943e+01
5.214779999999999660e+01
5.216199999999999903e+01
5.217730000000000246e+01
5.221399999999999864e+01
5.225410000000000110e+01
5.229999999999999716e+01
5.236430000000000007e+01
5.236889999999999645e+01
5.237899999999999778e+01
5.237899999999999778e+01
5.237950000000000017e+01
5.239470000000000027e+01
5.246329999999999671e+01
5.250860000000000127e+01
5.252810000000000201e+01
5.256119999999999948e+01
5.258639999999999759e+01
5.259660000000000224e+01
5.262810000000000343e+01
5.264500000000000313e+01
5.264520000000000266e+01
5.265820000000000078e+01
5.266250000000000142e+01
5.267770000000000152e+01
5.270600000000000307e+01
5.270600000000000307e+01
5.276200000000000045e+01
5.285079999999999956e+01
5.288799999999999812e+01
5.291270000000000095e+01
5.294350000000000023e+01
5.297999999999999687e+01
5.302720000000000056e+01
5.314920000000000044e+01
5.316749999999999687e+01
5.317799999999999727e+01
5.324750000000000227e+01
5.326270000000000238e+01
5.335929999999999751e+01
5.345430000000000348e+01
5.347310000000000230e+01
5.357399999999999807e+01
5.370779999999999887e+01
5.371090000000000231e+01
5.376610000000000156e+01
5.381640000000000157e+01
5.387420000000000186e+01
5.387720000000000198e+01
5.397299999999999898e+01
5.397359999999999758e+01
5.400950000000000273e+01
5.400950000000000273e+01
5.406730000000000302e+01
5.411249999999999716e+01
5.413150000000000261e+01
5.421009999999999707e+01
5.422890000000000299e+01
5.424549999999999983e+01
5.432620000000000005e+01
5.434210000000000207e+01
5.434599999999999653e+01
5.448310000000000031e+01
5.448709999999999809e+01
5.452279999999999660e+01
5.454990000000000094e+01
5.461200000000000188e+01
5.461200000000000188e+01
5.474849999999999994e+01
5.489860000000000184e+01
5.502179999999999893e+01
5.503199999999999648e+01
5.503199999999999648e+01
5.506009999999999849e+01
5.509049999999999869e+01
5.509680000000000177e+01
5.529399999999999693e+01
5.530129999999999768e+01
5.531199999999999761e+01
5.538600000000000279e+01
5.541749999999999687e+01
5.541980000000000217e+01
5.558100000000000307e+01
5.559060000000000201e+01
5.570159999999999911e+01
5.576780000000000115e+01
5.582079999999999842e+01
5.595380000000000109e+01
5.607399999999999807e+01
5.608010000000000161e+01
5.615950000000000131e+01
5.621459999999999724e+01
5.644800000000000040e+01
5.651319999999999766e+01
5.695060000000000144e+01
5.712810000000000343e+01
5.715639999999999787e+01
5.724869999999999948e+01
5.728199999999999648e+01
5.746300000000000097e+01
5.751809999999999690e+01
5.762250000000000227e+01
5.778900000000000148e+01
5.786999999999999744e+01
5.792999999999999972e+01
5.803199999999999648e+01
5.813880000000000337e+01
5.818299999999999983e+01
5.842229999999999990e+01
5.843139999999999645e+01
5.848550000000000182e+01
5.853099999999999881e+01
5.853929999999999723e+01
5.855060000000000286e+01
5.863210000000000122e+01
5.867739999999999867e+01
5.903020000000000067e+01
5.910529999999999973e+01
5.924199999999999733e+01
5.927000000000000313e+01
5.943599999999999994e+01
5.951610000000000156e+01
5.988709999999999667e+01
6.007549999999999812e+01
6.012449999999999761e+01
6.022570000000000334e+01
6.033599999999999852e+01
6.034290000000000020e+01
6.056799999999999784e+01
6.065699999999999648e+01
6.079319999999999879e+01
6.118639999999999901e+01
6.126250000000000284e+01
6.134700000000000131e+01
6.141700000000000159e+01
6.157500000000000284e+01
6.161220000000000141e+01
6.161220000000000141e+01
6.161889999999999645e+01
6.214520000000000266e+01
6.221200000000000330e+01
6.230120000000000147e+01
6.230120000000000147e+01
6.240899999999999892e+01
6.251899999999999835e+01
6.253099999999999881e+01
6.254099999999999682e+01
6.260199999999999676e+01
6.262599999999999767e+01
6.263900000000000290e+01
6.274799999999999756e+01
6.291029999999999944e+01
6.351059999999999661e+01
6.356250000000000000e+01
6.363250000000000028e+01
6.386809999999999832e+01
6.399940000000000140e+01
6.447400000000000375e+01
6.449639999999999418e+01
6.461809999999999832e+01
6.463079999999999359e+01
6.517400000000000659e+01
6.517400000000000659e+01
6.532299999999999329e+01
6.555500000000000682e+01
6.561899999999999977e+01
6.583979999999999677e+01
6.622199999999999420e+01
6.715120000000000289e+01
6.717499999999999716e+01
6.722690000000000055e+01
6.735999999999999943e+01
6.739000000000000057e+01
6.845839999999999748e+01
6.847110000000000696e+01
6.853759999999999764e+01
6.863729999999999620e+01
6.869679999999999609e+01
6.874920000000000186e+01
6.880910000000000082e+01
6.904449999999999932e+01
6.909499999999999886e+01
6.917000000000000171e+01
6.917000000000000171e+01
6.951980000000000359e+01
6.959090000000000487e+01
6.980599999999999739e+01
7.023510000000000275e+01
7.088400000000000034e+01
7.105259999999999820e+01
7.160160000000000480e+01
7.162890000000000157e+01
7.204399999999999693e+01
7.209999999999999432e+01
7.209999999999999432e+01
7.213540000000000418e+01
7.242780000000000484e+01
7.244410000000000593e+01
7.253279999999999461e+01
7.299699999999999989e+01
7.306600000000000250e+01
7.318689999999999429e+01
7.371460000000000434e+01
7.373300000000000409e+01
7.377100000000000080e+01
7.419410000000000593e+01
7.452580000000000382e+01
7.463420000000000698e+01
7.499790000000000134e+01
7.529000000000000625e+01
7.529000000000000625e+01
7.541870000000000118e+01
7.546580000000000155e+01
7.653100000000000591e+01
7.656399999999999295e+01
7.690000000000000568e+01
7.690000000000000568e+01
7.702889999999999304e+01
7.714539999999999509e+01
7.756759999999999877e+01
7.781999999999999318e+01
7.781999999999999318e+01
7.785299999999999443e+01
7.872509999999999764e+01
8.723099999999999454e+01
8.738599999999999568e+01
8.740399999999999636e+01
9.271699999999999875e+01
1.247035999999999945e+02
1.258384999999999962e+02
1.261663999999999959e+02
1.278623000000000047e+02
1.284627999999999872e+02
1.285785999999999945e+02
1.298693000000000097e+02
1.338358000000000061e+02
1.340909000000000049e+02
1.341233000000000004e+02
1.349074999999999989e+02
1.351844000000000108e+02
1.355512999999999977e+02
1.374989999999999952e+02
1.375243000000000109e+02
1.375903000000000134e+02
1.381008999999999958e+02
1.387732000000000028e+02
1.389285000000000139e+02
1.389285000000000139e+02
1.389970000000000141e+02
1.390802999999999940e+02
1.403543999999999983e+02
1.456525000000000034e+02
1.471388000000000034e+02
1.484555000000000007e+02
1.486113000000000000e+02
1.487608999999999924e+02
1.492040000000000077e+02
1.492450000000000045e+02
1.503177000000000021e+02
1.503581000000000074e+02
1.505023999999999944e+02
1.508464999999999918e+02
1.517777000000000100e+02
1.518974000000000046e+02
1.519379000000000133e+02
1.522492000000000019e+02
1.537684999999999889e+02
1.548479000000000099e+02
1.570629000000000133e+02
1.576698000000000093e+02
1.576698000000000093e+02
1.576897999999999911e+02
1.577803999999999860e+02
1.577803999999999860e+02
1.578868999999999971e+02
1.590452999999999975e+02
1.596642999999999972e+02
1.597216999999999985e+02
1.601544000000000096e+02
1.602136999999999887e+02
1.603114999999999952e+02
1.604467999999999961e+02
1.604947999999999979e+02
1.607832999999999970e+02
1.608399000000000001e+02
1.609959000000000060e+02
1.662895000000000039e+02
1.691753999999999962e+02
1.692213000000000136e+02
1.693351999999999862e+02
1.704607000000000028e+02
1.722374000000000080e+02
1.723799999999999955e+02
1.723911999999999978e+02
1.724070000000000107e+02
1.724439000000000135e+02
1.724601999999999862e+02
1.727721999999999980e+02
1.741002000000000010e+02
1.748831999999999880e+02
1.748961999999999932e+02
1.753901999999999930e+02
1.755503999999999962e+02
1.757230999999999881e+02
1.765024999999999977e+02
1.765024999999999977e+02
1.765115000000000123e+02
1.768786000000000058e+02
1.769510999999999967e+02
1.773060000000000116e+02
1.786908999999999992e+02
1.790679000000000087e+02
1.993007000000000062e+02
1.993713999999999942e+02
1.994285000000000139e+02
1.995557000000000016e+02
2.035332999999999970e+02
2.036062000000000012e+02
2.036667999999999950e+02
2.037659999999999911e+02
2.045488000000000000e+02
2.045938999999999908e+02
2.046085999999999956e+02
2.077460000000000093e+02
2.079355999999999938e+02
2.082547999999999888e+02
2.083554000000000030e+02
2.084604999999999961e+02
2.085596999999999923e+02
2.090519999999999925e+02
2.095224000000000046e+02
2.123497999999999877e+02
2.128810000000000002e+02
2.129861999999999966e+02
2.131359999999999957e+02
2.133619999999999948e+02
2.133734000000000037e+02
2.139100999999999999e+02
2.139919999999999902e+02
2.140167999999999893e+02
2.140952000000000055e+02
2.142497999999999934e+02
2.143534999999999968e+02
2.145373999999999910e+02
2.150343000000000018e+02
2.190000000000000000e+02
2.210529999999999973e+02
2.265039999999999907e+02
2.297500000000000000e+02
2.343019999999999925e+02
2.359420000000000073e+02
2.505349999999999966e+02
2.550790000000000077e+02
2.635899999999999750e+02
2.690699999999999932e+02
2.737769999999999868e+02
2.744359999999999786e+02
2.778709999999999809e+02
2.801229999999999905e+02
2.809820000000000277e+02
2.878190000000000168e+02
2.899750000000000227e+02
2.904209999999999923e+02
2.939309999999999832e+02
2.949800000000000182e+02
2.951739999999999782e+02
2.955190000000000055e+02
2.987069999999999936e+02
2.992980999999999767e+02
2.993088000000000193e+02
2.993290000000000077e+02
3.024309999999999832e+02
3.031309999999999718e+02
3.035634000000000015e+02
3.035794000000000210e+02
3.048050000000000068e+02
3.052959999999999923e+02
3.057730000000000246e+02
3.062139999999999986e+02
3.063070000000000164e+02
3.075889999999999986e+02
3.102690999999999804e+02
3.102950999999999908e+02
3.105899999999999750e+02
3.143659999999999854e+02
3.158059999999999832e+02
3.172730000000000246e+02
3.190989999999999895e+02
3.202880000000000109e+02
3.210269999999999868e+02
3.218079999999999927e+02
3.218543999999999983e+02
3.221530000000000200e+02
3.221530000000000200e+02
3.254920000000000186e+02
3.259750000000000227e+02
3.279730000000000132e+02
3.290009999999999764e+02
3.291600000000000250e+02
3.302549999999999955e+02
3.323360000000000127e+02
3.338629999999999995e+02
3.357470000000000141e+02
3.359399999999999977e+02
3.365190000000000055e+02
3.381589999999999918e+02
3.385830000000000268e+02
3.385830000000000268e+02
3.393600000000000136e+02
3.405219999999999914e+02
3.421800000000000068e+02
3.422810000000000059e+02
3.428109999999999786e+02
3.441039999999999850e+02
3.447364000000000033e+02
3.448364000000000260e+02
3.448999999999999773e+02
3.458840000000000146e+02
3.469309999999999832e+02
3.482110000000000127e+02
3.514879999999999995e+02
3.529519999999999982e+02
3.530539999999999736e+02
3.531759999999999877e+02
3.563170000000000073e+02
3.587620000000000005e+02
3.594250000000000114e+02
3.609909999999999854e+02
3.619519999999999982e+02
3.627450000000000045e+02
3.638039999999999736e+02
3.648990000000000009e+02
3.669639999999999986e+02
3.677099999999999795e+02
3.682590000000000146e+02
3.717660000000000196e+02
3.722400000000000091e+02
3.740190000000000055e+02
3.745480000000000018e+02
3.757690000000000055e+02
3.768430000000000177e+02
3.784259999999999877e+02
3.801220000000000141e+02
3.817640000000000100e+02
3.818580000000000041e+02
3.822379999999999995e+02
3.845110000000000241e+02
3.862500000000000000e+02
3.874839999999999804e+02
3.879719999999999800e+02
3.884519999999999982e+02
3.886600000000000250e+02
3.887939999999999827e+02
3.899019999999999868e+02
3.900380000000000109e+02
3.901209999999999809e+02
3.924110000000000014e+02
3.927470000000000141e+02
3.935470000000000255e+02
3.943650000000000091e+02
3.956329999999999814e+02
3.957219999999999800e+02
3.960960000000000036e+02
3.967839999999999918e+02
3.973700000000000045e+02
3.973700000000000045e+02
3.992930000000000064e+02
3.996229999999999905e+02
4.002370000000000232e+02
4.013229999999999791e+02
4.018659999999999854e+02
4.026019999999999754e+02
4.040830000000000268e+02
4.043729999999999905e+02
4.045278999999999883e+02
4.048351000000000113e+02
4.066379999999999768e+02
4.094850000000000136e+02
4.113299999999999841e+02
4.116150000000000091e+02
4.135889999999999986e+02
4.150360000000000014e+02
4.150360000000000014e+02
4.187420000000000186e+02
4.210679999999999836e+02
4.224159999999999968e+02
4.226859999999999786e+02
4.264599999999999795e+02
4.286100000000000136e+02
4.286100000000000136e+02
4.289909999999999854e+02
4.306209999999999809e+02
4.306480000000000246e+02
4.310310000000000059e+02
4.341250000000000000e+02
4.364189999999999827e+02
4.389390000000000214e+02
4.424970000000000141e+02
4.456250000000000000e+02
4.467900000000000205e+02
4.506589999999999918e+02
4.506589999999999918e+02
4.596940000000000168e+02
4.609739999999999895e+02
4.660679999999999836e+02
4.742239999999999895e+02
4.745672000000000139e+02
4.746250000000000000e+02
4.755262999999999920e+02
4.758718999999999824e+02
4.787828999999999837e+02
4.792388000000000261e+02
4.801096000000000004e+02
4.805690999999999917e+02
4.830579999999999927e+02
4.851220000000000141e+02
4.857447000000000230e+02
4.864841999999999871e+02
4.871116999999999848e+02
4.940129999999999768e+02
4.943380999999999972e+02
4.944619999999999891e+02
4.952196999999999889e+02
4.957529200000000174e+02
4.966415999999999826e+02
5.006999999999999886e+02
5.057679999999999723e+02
5.085643000000000029e+02
5.098591999999999871e+02
5.100620999999999867e+02
5.113673999999999751e+02
5.311720000000000255e+02
5.324756999999999607e+02
5.341173000000000002e+02
5.344456000000000131e+02
5.361064999999999827e+02
5.471649999999999636e+02
5.489579999999999700e+02
5.514220000000000255e+02
5.537549999999999955e+02
5.644299999999999500e+02
5.773920000000000528e+02
5.783988000000000511e+02
5.803360999999999876e+02
5.813759000000000015e+02
5.833504000000000360e+02
5.971290000000000191e+02
6.014080000000000155e+02
6.121960000000000264e+02
6.248319999999999936e+02
6.309030000000000200e+02
6.429740000000000464e+02
6.596820000000000164e+02
6.912990999999999531e+02
6.938197000000000116e+02
6.940680999999999585e+02
6.966100000000000136e+02
6.966593000000000302e+02
7.667008905999999797e+02
7.701083535999999867e+02
7.743200000000000500e+02
7.743200000000000500e+02
7.744589999999999463e+02
7.797309999999999945e+02
7.797309999999999945e+02
7.798709999999999809e+02
7.866630000000000109e+02
7.866630000000000109e+02
7.868029999999999973e+02
7.957559999999999718e+02
7.959020000000000437e+02
8.080330000000000155e+02
8.081839999999999691e+02
8.252450000000000045e+02
8.252450000000000045e+02
8.254009999999999536e+02
8.392530000000000427e+02
8.419850000000000136e+02
8.422309999999999945e+02
8.505789999999999509e+02
8.505789999999999509e+02
8.507450000000000045e+02
8.766369999999999436e+02
8.769460000000000264e+02
8.904629999999999654e+02
8.904629999999999654e+02
8.906459999999999582e+02
8.925760000000000218e+02
8.927889999999999873e+02
9.349800000000000182e+02
9.351820000000000164e+02
9.354160000000000537e+02
9.598329999999999700e+02
9.598329999999999700e+02
9.600460000000000491e+02
9.952400000000000091e+02
9.956870000000000118e+02
1.048250000000000000e+03
1.048501999999999953e+03
1.048998000000000047e+03
1.102288999999999987e+03
1.102288999999999987e+03
1.102568999999999960e+03
1.169341899999999896e+03
1.177285900000000083e+03
1.177605999999999995e+03
1.243567600000000084e+03
1.252556700000000092e+03
1.338152000000000044e+03
1.340075000000000045e+03
1.516721999999999980e+03
1.516721999999999980e+03
1.517255000000000109e+03
2.707396999999999935e+03
2.721215999999999894e+03
3.139262999999999920e+03
3.141539000000000215e+03
3.160161000000000058e+03
3.637277999999999793e+03
3.662260000000000218e+03
3.708146999999999935e+03
3.734119000000000142e+03
3.735610999999999876e+03
4.016931999999999789e+03
4.016931999999999789e+03
