6.503499999999999837e-01
6.503499999999999837e-01
6.576499999999999568e-01
6.576499999999999568e-01
6.736499999999999710e-01
6.736499999999999710e-01
7.106799999999999784e-01
7.106799999999999784e-01
7.127999999999999892e-01
7.156000000000000139e-01
7.177000000000000046e-01
7.225599999999999801e-01
7.310200000000000031e-01
7.473800000000000443e-01
7.850899999999999546e-01
7.861200000000000410e-01
8.069399999999999906e-01
8.092000000000000304e-01
8.420100000000000362e-01
8.426000000000000156e-01
8.446000000000000174e-01
8.491699999999999804e-01
8.523500000000000520e-01
8.523500000000000520e-01
8.523500000000000520e-01
8.533500000000000529e-01
8.533500000000000529e-01
8.533500000000000529e-01
8.533500000000000529e-01
8.533500000000000529e-01
8.533500000000000529e-01
8.549400000000000333e-01
8.574000000000000510e-01
8.598999999999999977e-01
9.168899999999999828e-01
9.221599999999999797e-01
9.221599999999999797e-01
9.230000000000000426e-01
9.230000000000000426e-01
9.231000000000000316e-01
9.265999999999999792e-01
9.265999999999999792e-01
9.295700000000000074e-01
9.295700000000000074e-01
9.316699999999999982e-01
9.320000000000000506e-01
9.384000000000000119e-01
9.384000000000000119e-01
9.384500000000000064e-01
9.384500000000000064e-01
9.384500000000000064e-01
9.384500000000000064e-01
9.392300000000000093e-01
9.392300000000000093e-01
9.393000000000000238e-01
9.411000000000000476e-01
9.411000000000000476e-01
9.411000000000000476e-01
9.411000000000000476e-01
9.429999999999999494e-01
9.429999999999999494e-01
9.429999999999999494e-01
9.429999999999999494e-01
9.429999999999999494e-01
9.454000000000000181e-01
9.454000000000000181e-01
3.367799999999999905e+00
3.367799999999999905e+00
3.373600000000000154e+00
3.876900000000000013e+00
3.882299999999999862e+00
3.927799999999999958e+00
3.931799999999999962e+00
4.002200000000000202e+00
4.008000000000000007e+00
4.063799999999999635e+00
4.180299999999999905e+00
4.229400000000000048e+00
4.236299999999999955e+00
4.252299999999999969e+00
4.259599999999999831e+00
4.308699999999999974e+00
4.313799999999999635e+00
4.348099999999999632e+00
4.384299999999999642e+00
4.437299999999999578e+00
4.442000000000000171e+00
4.498300000000000409e+00
4.539200000000000124e+00
4.539200000000000124e+00
4.552999999999999936e+00
4.563500000000000334e+00
4.597999999999999865e+00
4.634000000000000341e+00
4.665700000000000180e+00
4.671100000000000030e+00
4.704100000000000392e+00
4.723099999999999632e+00
4.730999999999999872e+00
4.781799999999999606e+00
4.794699999999999740e+00
4.802399999999999558e+00
4.833999999999999631e+00
4.879400000000000404e+00
4.958599999999999675e+00
5.044999999999999929e+00
5.047200000000000131e+00
5.077700000000000102e+00
5.147000000000000242e+00
5.155999999999999694e+00
5.165399999999999991e+00
5.239499999999999602e+00
5.262500000000000178e+00
5.262800000000000367e+00
5.262800000000000367e+00
5.269199999999999662e+00
5.269199999999999662e+00
5.272100000000000009e+00
5.311200000000000365e+00
5.318800000000000416e+00
5.322199999999999598e+00
5.343799999999999883e+00
5.348399999999999821e+00
5.348399999999999821e+00
5.351200000000000401e+00
5.374399999999999622e+00
5.381199999999999761e+00
5.390500000000000291e+00
5.401099999999999568e+00
5.446299999999999919e+00
5.472900000000000098e+00
5.485299999999999621e+00
5.488599999999999923e+00
5.506000000000000227e+00
5.522199999999999775e+00
5.635799999999999699e+00
5.640299999999999869e+00
5.686099999999999710e+00
5.759000000000000341e+00
5.759000000000000341e+00
5.773600000000000065e+00
5.773600000000000065e+00
5.787600000000000300e+00
5.791999999999999815e+00
5.853699999999999903e+00
5.861399999999999721e+00
5.866699999999999804e+00
5.903800000000000381e+00
5.915300000000000225e+00
5.964000000000000412e+00
6.013799999999999812e+00
6.031600000000000072e+00
6.038400000000000212e+00
6.080599999999999561e+00
6.103799999999999670e+00
6.108799999999999564e+00
6.112700000000000244e+00
6.117499999999999716e+00
6.135900000000000354e+00
6.139300000000000423e+00
6.148900000000000254e+00
6.189099999999999824e+00
6.192400000000000126e+00
6.192400000000000126e+00
6.192400000000000126e+00
6.196399999999999686e+00
6.201999999999999957e+00
6.216599999999999682e+00
6.229099999999999859e+00
6.229099999999999859e+00
6.261499999999999844e+00
6.269599999999999618e+00
6.275100000000000122e+00
6.315199999999999925e+00
6.329500000000000348e+00
6.339599999999999902e+00
6.412200000000000344e+00
6.424599999999999866e+00
6.437700000000000422e+00
6.448800000000000310e+00
6.451800000000000423e+00
6.463499999999999801e+00
6.470200000000000173e+00
6.481099999999999639e+00
6.487800000000000011e+00
6.560900000000000176e+00
6.567199999999999704e+00
6.573500000000000121e+00
6.580599999999999561e+00
6.584699999999999775e+00
6.606900000000000439e+00
6.678799999999999848e+00
6.708999999999999631e+00
6.713499999999999801e+00
6.723900000000000432e+00
6.745300000000000296e+00
6.746999999999999886e+00
6.749699999999999811e+00
6.773100000000000342e+00
6.799299999999999677e+00
6.806400000000000006e+00
6.809999999999999609e+00
6.814400000000000013e+00
6.835200000000000387e+00
6.844999999999999751e+00
6.855000000000000426e+00
6.857999999999999652e+00
6.860599999999999810e+00
6.894899999999999807e+00
6.898600000000000065e+00
6.900900000000000034e+00
6.905800000000000161e+00
6.911599999999999966e+00
6.916100000000000136e+00
6.937400000000000233e+00
6.941300000000000026e+00
6.941300000000000026e+00
6.946699999999999875e+00
6.946699999999999875e+00
6.951299999999999812e+00
6.957699999999999996e+00
6.961500000000000021e+00
6.961500000000000021e+00
6.995000000000000107e+00
7.019300000000000317e+00
7.095299999999999940e+00
7.100699999999999790e+00
7.111799999999999677e+00
7.116799999999999571e+00
7.178600000000000314e+00
7.184099999999999930e+00
7.190100000000000158e+00
7.202700000000000102e+00
7.222599999999999909e+00
7.231200000000000294e+00
7.254599999999999937e+00
7.268399999999999750e+00
7.268399999999999750e+00
7.278699999999999726e+00
7.285199999999999676e+00
7.289600000000000080e+00
7.325000000000000178e+00
7.382500000000000284e+00
7.386199999999999655e+00
7.389000000000000234e+00
7.392699999999999605e+00
7.398100000000000342e+00
7.402099999999999902e+00
7.427399999999999558e+00
7.427399999999999558e+00
7.431899999999999729e+00
7.431899999999999729e+00
7.436600000000000321e+00
7.436600000000000321e+00
7.441099999999999604e+00
7.441099999999999604e+00
7.446100000000000385e+00
7.451999999999999957e+00
7.451999999999999957e+00
7.473799999999999777e+00
7.485800000000000232e+00
7.503400000000000070e+00
7.533400000000000318e+00
7.583400000000000141e+00
7.589000000000000412e+00
7.597500000000000142e+00
7.639199999999999768e+00
7.645900000000000141e+00
7.671400000000000219e+00
7.674000000000000377e+00
7.678799999999999848e+00
7.703299999999999592e+00
7.714400000000000368e+00
7.740499999999999936e+00
7.740499999999999936e+00
7.751100000000000101e+00
7.751100000000000101e+00
7.757200000000000095e+00
7.763899999999999579e+00
7.767100000000000115e+00
7.773699999999999832e+00
7.773699999999999832e+00
7.823900000000000077e+00
7.837600000000000122e+00
7.840499999999999581e+00
7.844599999999999795e+00
7.852100000000000080e+00
7.857400000000000162e+00
7.913100000000000023e+00
7.916800000000000281e+00
7.969500000000000028e+00
7.981700000000000017e+00
7.982999999999999652e+00
7.985699999999999577e+00
8.003199999999999648e+00
8.007500000000000284e+00
8.022899999999999920e+00
8.025499999999999190e+00
8.042799999999999727e+00
8.056300000000000239e+00
8.072400000000000020e+00
8.080600000000000449e+00
8.088900000000000645e+00
8.092999999999999972e+00
8.110599999999999810e+00
8.130399999999999849e+00
8.136799999999999145e+00
8.173199999999999577e+00
8.179000000000000270e+00
8.184400000000000119e+00
8.194300000000000139e+00
8.197900000000000631e+00
8.223800000000000665e+00
8.231700000000000017e+00
8.247500000000000497e+00
8.259800000000000253e+00
8.270899999999999253e+00
8.282199999999999562e+00
8.285299999999999443e+00
8.294000000000000483e+00
8.296900000000000830e+00
8.301500000000000767e+00
8.340299999999999159e+00
8.351900000000000546e+00
8.351900000000000546e+00
8.355999999999999872e+00
8.355999999999999872e+00
8.358700000000000685e+00
8.363500000000000156e+00
8.371600000000000819e+00
8.376599999999999824e+00
8.391000000000000014e+00
8.395899999999999253e+00
8.402499999999999858e+00
8.408699999999999619e+00
8.464199999999999946e+00
8.474500000000000810e+00
8.482699999999999463e+00
8.491899999999999338e+00
8.506399999999999295e+00
8.509100000000000108e+00
8.515299999999999869e+00
8.515299999999999869e+00
8.524800000000000821e+00
8.524800000000000821e+00
8.533599999999999852e+00
8.540699999999999292e+00
8.557700000000000529e+00
8.559900000000000730e+00
8.562200000000000699e+00
8.574899999999999523e+00
8.603199999999999292e+00
8.603199999999999292e+00
8.603199999999999292e+00
8.623400000000000176e+00
8.635899999999999466e+00
8.680699999999999861e+00
8.684699999999999420e+00
8.701700000000000657e+00
8.713100000000000733e+00
8.717499999999999361e+00
8.740600000000000591e+00
8.772199999999999775e+00
8.776699999999999946e+00
8.788899999999999935e+00
8.868000000000000327e+00
8.882699999999999818e+00
8.895200000000000884e+00
8.902100000000000790e+00
8.940699999999999648e+00
8.944800000000000750e+00
8.947599999999999554e+00
8.964900000000000091e+00
9.070600000000000662e+00
9.081500000000000128e+00
9.089700000000000557e+00
9.138500000000000512e+00
9.146000000000000796e+00
9.157299999999999329e+00
9.212300000000000821e+00
9.232400000000000162e+00
9.289799999999999613e+00
9.293400000000000105e+00
9.296400000000000219e+00
9.296400000000000219e+00
9.310900000000000176e+00
9.349299999999999500e+00
9.391099999999999781e+00
9.404299999999999216e+00
9.404299999999999216e+00
9.404299999999999216e+00
9.417400000000000659e+00
9.427599999999999980e+00
9.502700000000000813e+00
9.508900000000000574e+00
9.513899999999999579e+00
9.513899999999999579e+00
9.513899999999999579e+00
9.523300000000000765e+00
9.525900000000000034e+00
9.538500000000000867e+00
9.538500000000000867e+00
9.542099999999999582e+00
9.542099999999999582e+00
9.548299999999999343e+00
9.548299999999999343e+00
9.555600000000000094e+00
9.563700000000000756e+00
9.563700000000000756e+00
9.567500000000000782e+00
9.589600000000000790e+00
9.591400000000000148e+00
9.596299999999999386e+00
9.602899999999999991e+00
9.608299999999999841e+00
9.608499999999999375e+00
9.615000000000000213e+00
9.615899999999999892e+00
9.624000000000000554e+00
9.625600000000000378e+00
9.630300000000000082e+00
9.638799999999999812e+00
9.646699999999999164e+00
9.666999999999999815e+00
9.670400000000000773e+00
9.679700000000000415e+00
9.685700000000000642e+00
9.690300000000000580e+00
9.693899999999999295e+00
9.697300000000000253e+00
9.725099999999999412e+00
9.727800000000000225e+00
9.739100000000000534e+00
9.743999999999999773e+00
9.746499999999999275e+00
9.752499999999999503e+00
9.756199999999999761e+00
9.763299999999999201e+00
9.768599999999999284e+00
9.803200000000000358e+00
9.823100000000000165e+00
9.826999999999999957e+00
9.840500000000000469e+00
9.843999999999999417e+00
9.847599999999999909e+00
9.863500000000000156e+00
9.880300000000000082e+00
9.887199999999999989e+00
9.898300000000000765e+00
9.898300000000000765e+00
9.902499999999999858e+00
9.906599999999999184e+00
9.927899999999999281e+00
9.933299999999999130e+00
9.961100000000000065e+00
9.971299999999999386e+00
9.973800000000000665e+00
9.978699999999999903e+00
1.003739999999999988e+01
1.003739999999999988e+01
1.007019999999999982e+01
1.009040000000000070e+01
1.015080000000000027e+01
1.015559999999999974e+01
1.016699999999999982e+01
1.017810000000000059e+01
1.019560000000000066e+01
1.020529999999999937e+01
1.020739999999999981e+01
1.021380000000000088e+01
1.021889999999999965e+01
1.022390000000000043e+01
1.024709999999999965e+01
1.029059999999999953e+01
1.037429999999999986e+01
1.038589999999999947e+01
1.039020000000000010e+01
1.039419999999999966e+01
1.040990000000000038e+01
1.041319999999999979e+01
1.041789999999999949e+01
1.042109999999999914e+01
1.044469999999999921e+01
1.045969999999999978e+01
1.051590000000000025e+01
1.054100000000000037e+01
1.055020000000000024e+01
1.057779999999999987e+01
1.065240000000000009e+01
1.065240000000000009e+01
1.067070000000000007e+01
1.067070000000000007e+01
1.067070000000000007e+01
1.068089999999999939e+01
1.069899999999999984e+01
1.076529999999999987e+01
1.078200000000000003e+01
1.080150000000000077e+01
1.080799999999999983e+01
1.081140000000000079e+01
1.081479999999999997e+01
1.083380000000000010e+01
1.084409999999999918e+01
1.091619999999999990e+01
1.098000000000000043e+01
1.100159999999999982e+01
1.101030000000000086e+01
1.101210000000000022e+01
1.101399999999999935e+01
1.108099999999999952e+01
1.108460000000000001e+01
1.110210000000000008e+01
1.110810000000000031e+01
1.111490000000000045e+01
1.111599999999999966e+01
1.111890000000000001e+01
1.111989999999999945e+01
1.112390000000000079e+01
1.114100000000000001e+01
1.114610000000000056e+01
1.114860000000000007e+01
1.115470000000000006e+01
1.115520000000000067e+01
1.117459999999999987e+01
1.118640000000000079e+01
1.119839999999999947e+01
1.121349999999999980e+01
1.122690000000000055e+01
1.131889999999999930e+01
1.131889999999999930e+01
1.132089999999999996e+01
1.132089999999999996e+01
1.132760000000000034e+01
1.134089999999999954e+01
1.135149999999999970e+01
1.136989999999999945e+01
1.138189999999999991e+01
1.138189999999999991e+01
1.139300000000000068e+01
1.139879999999999960e+01
1.140259999999999962e+01
1.140259999999999962e+01
1.140520000000000067e+01
1.141970000000000063e+01
1.142200000000000060e+01
1.142839999999999989e+01
1.143169999999999931e+01
1.143299999999999983e+01
1.144120000000000026e+01
1.144880000000000031e+01
1.146240000000000059e+01
1.147209999999999930e+01
1.147250000000000014e+01
1.147639999999999993e+01
1.147819999999999929e+01
1.150000000000000000e+01
1.150159999999999982e+01
1.150919999999999987e+01
1.153979999999999961e+01
1.155359999999999943e+01
1.169679999999999964e+01
1.172259999999999991e+01
1.175270000000000081e+01
1.180840000000000067e+01
1.184239999999999959e+01
1.184759999999999991e+01
1.184869999999999912e+01
1.187369999999999948e+01
1.187920000000000087e+01
1.188090000000000046e+01
1.188569999999999993e+01
1.189250000000000007e+01
1.193999999999999950e+01
1.194449999999999967e+01
1.196969999999999956e+01
1.210249999999999915e+01
1.212899999999999956e+01
1.215419999999999945e+01
1.215419999999999945e+01
1.216440000000000055e+01
1.216549999999999976e+01
1.218730000000000047e+01
1.219219999999999970e+01
1.220330000000000048e+01
1.231690000000000040e+01
1.232659999999999911e+01
1.233670000000000044e+01
1.233769999999999989e+01
1.234009999999999962e+01
1.234169999999999945e+01
1.235079999999999956e+01
1.235670000000000002e+01
1.235899999999999999e+01
1.235899999999999999e+01
1.236129999999999995e+01
1.237079999999999913e+01
1.237219999999999942e+01
1.237609999999999921e+01
1.239100000000000001e+01
1.239579999999999949e+01
1.244170000000000087e+01
1.245270000000000010e+01
1.245410000000000039e+01
1.246400000000000041e+01
1.246519999999999939e+01
1.247630000000000017e+01
1.248719999999999963e+01
1.249869999999999948e+01
1.249990000000000023e+01
1.252059999999999995e+01
1.254589999999999961e+01
1.254620000000000068e+01
1.255000000000000071e+01
1.255000000000000071e+01
1.256000000000000050e+01
1.256010000000000026e+01
1.258130000000000059e+01
1.262800000000000011e+01
1.262940000000000040e+01
1.264499999999999957e+01
1.264879999999999960e+01
1.265000000000000036e+01
1.265460000000000029e+01
1.266019999999999968e+01
1.266779999999999973e+01
1.267989999999999995e+01
1.269599999999999973e+01
1.270129999999999981e+01
1.271610000000000085e+01
1.272059999999999924e+01
1.273750000000000071e+01
1.278999999999999915e+01
1.278999999999999915e+01
1.297109999999999985e+01
1.298569999999999958e+01
1.299660000000000082e+01
1.299750000000000050e+01
1.300609999999999999e+01
1.300609999999999999e+01
1.300859999999999950e+01
1.301179999999999914e+01
1.301409999999999911e+01
1.302459999999999951e+01
1.302940000000000076e+01
1.302950000000000053e+01
1.303439999999999976e+01
1.303539999999999921e+01
1.305369999999999919e+01
1.306240000000000023e+01
1.306300000000000061e+01
1.307000000000000028e+01
1.321230000000000082e+01
1.321230000000000082e+01
1.321630000000000038e+01
1.321749999999999936e+01
1.324760000000000026e+01
1.324920000000000009e+01
1.325089999999999968e+01
1.326200000000000045e+01
1.328139999999999965e+01
1.328139999999999965e+01
1.331969999999999921e+01
1.356279999999999930e+01
1.356439999999999912e+01
1.359469999999999956e+01
1.359609999999999985e+01
1.361209999999999987e+01
1.372289999999999921e+01
1.374119999999999919e+01
1.377449999999999974e+01
1.378139999999999965e+01
1.378819999999999979e+01
1.379659999999999975e+01
1.382610000000000028e+01
1.383919999999999995e+01
1.386890000000000001e+01
1.386890000000000001e+01
1.387509999999999977e+01
1.389349999999999952e+01
1.391169999999999973e+01
1.399890000000000079e+01
1.401190000000000069e+01
1.401730000000000054e+01
1.404250000000000043e+01
1.404739999999999966e+01
1.405230000000000068e+01
1.405579999999999963e+01
1.408670000000000044e+01
1.409149999999999991e+01
1.409639999999999915e+01
1.429349999999999987e+01
1.445470000000000077e+01
1.454879999999999995e+01
1.460839999999999961e+01
1.464649999999999963e+01
1.465259999999999962e+01
1.466230000000000011e+01
1.468369999999999997e+01
1.469539999999999935e+01
1.470059999999999967e+01
1.470519999999999960e+01
1.472540000000000049e+01
1.473210000000000086e+01
1.474060000000000059e+01
1.474060000000000059e+01
1.474970000000000070e+01
1.475350000000000072e+01
1.476290000000000013e+01
1.477490000000000059e+01
1.478839999999999932e+01
1.479809999999999981e+01
1.481170000000000009e+01
1.489039999999999964e+01
1.489589999999999925e+01
1.490249999999999986e+01
1.493999999999999950e+01
1.494560000000000066e+01
1.513560000000000016e+01
1.518069999999999986e+01
1.520209999999999972e+01
1.521529999999999916e+01
1.521809999999999974e+01
1.523859999999999992e+01
1.525259999999999927e+01
1.546870000000000012e+01
1.546870000000000012e+01
1.547339999999999982e+01
1.577009999999999934e+01
1.579809999999999981e+01
1.585219999999999985e+01
1.591980000000000040e+01
1.597409999999999997e+01
1.602282999999999902e+01
1.608021000000000100e+01
1.611080000000000112e+01
1.616550000000000153e+01
1.635620000000000118e+01
1.641329999999999956e+01
1.643939999999999912e+01
1.649490000000000123e+01
1.651920000000000144e+01
1.691405999999999921e+01
1.697410999999999959e+01
1.708050000000000068e+01
1.713945999999999970e+01
1.716556999999999888e+01
1.716556999999999888e+01
1.718984000000000023e+01
1.723112000000000066e+01
1.800694000000000017e+01
1.806153000000000119e+01
1.807940999999999931e+01
1.810000000000000142e+01
1.813447999999999993e+01
1.815099999999999980e+01
1.818599999999999994e+01
1.820599999999999952e+01
1.822415000000000163e+01
1.826999999999999957e+01
1.829717000000000127e+01
1.830300000000000082e+01
1.831500000000000128e+01
1.834392000000000067e+01
1.835300000000000153e+01
1.839155999999999835e+01
1.839155999999999835e+01
1.841909000000000063e+01
1.843100000000000094e+01
1.846799999999999997e+01
1.848100000000000165e+01
1.852599999999999980e+01
1.855900000000000105e+01
1.859499999999999886e+01
1.859799999999999898e+01
1.864699999999999847e+01
1.865148999999999901e+01
1.868400000000000105e+01
1.870700000000000074e+01
1.871799999999999997e+01
1.871900000000000119e+01
1.871977000000000046e+01
1.873799999999999955e+01
1.873999999999999844e+01
1.876800000000000068e+01
1.885295999999999950e+01
1.885399999999999920e+01
1.887500000000000000e+01
1.889099999999999824e+01
1.890099999999999980e+01
1.892299999999999827e+01
1.893700000000000117e+01
1.899299999999999855e+01
1.912999999999999901e+01
1.915599999999999881e+01
1.916499999999999915e+01
1.923999999999999844e+01
1.925499999999999901e+01
1.928399999999999892e+01
1.930900000000000105e+01
1.933099999999999952e+01
1.933999999999999986e+01
1.936400000000000077e+01
1.940700000000000003e+01
1.946600000000000108e+01
1.967999999999999972e+01
1.977599999999999980e+01
1.980499999999999972e+01
1.982600000000000051e+01
1.986299999999999955e+01
1.992599999999999838e+01
1.993100000000000094e+01
2.004299999999999926e+01
2.018799999999999883e+01
2.019999999999999929e+01
2.022700000000000031e+01
2.024200000000000088e+01
2.025100000000000122e+01
2.027499999999999858e+01
2.029400000000000048e+01
2.032900000000000063e+01
2.034199999999999875e+01
2.035300000000000153e+01
2.043400000000000105e+01
2.090899999999999892e+01
2.094300000000000139e+01
2.100000000000000000e+01
2.135200000000000031e+01
2.153109999999999857e+01
2.154469999999999885e+01
2.162020000000000053e+01
2.163569999999999993e+01
2.166880000000000095e+01
2.172080000000000055e+01
2.172080000000000055e+01
2.173699999999999832e+01
2.182219999999999871e+01
2.182219999999999871e+01
2.183699999999999974e+01
2.190409999999999968e+01
2.192660000000000053e+01
2.200560000000000116e+01
2.202980000000000160e+01
2.220439999999999969e+01
2.226849999999999952e+01
2.234290000000000020e+01
2.234290000000000020e+01
2.251620000000000132e+01
2.255890000000000128e+01
2.262460000000000093e+01
2.317332999999999998e+01
2.330099999999999838e+01
2.342631000000000085e+01
2.357999999999999829e+01
2.380999999999999872e+01
2.380999999999999872e+01
2.465500000000000114e+01
2.465500000000000114e+01
2.472100000000000009e+01
2.476599999999999824e+01
2.483899999999999864e+01
2.515840000000000032e+01
2.527090000000000103e+01
2.531869999999999976e+01
2.689839999999999876e+01
2.692820000000000036e+01
2.703900000000000148e+01
2.761530000000000129e+01
2.765820000000000078e+01
2.770019999999999882e+01
2.771999999999999886e+01
2.771999999999999886e+01
2.784019999999999939e+01
2.807369999999999877e+01
2.886459999999999937e+01
2.913650000000000162e+01
2.914570000000000149e+01
2.930209999999999937e+01
2.931159999999999854e+01
2.953950999999999993e+01
3.117950000000000088e+01
3.123019999999999996e+01
3.137569999999999837e+01
3.145609999999999928e+01
3.146689999999999898e+01
3.150390000000000157e+01
3.170360000000000156e+01
3.190269999999999939e+01
3.198209999999999908e+01
3.202669999999999817e+01
3.205129999999999768e+01
3.209942999999999813e+01
3.210949999999999704e+01
3.211540000000000106e+01
3.224629999999999797e+01
3.224920000000000186e+01
3.231400000000000006e+01
3.233075999999999794e+01
3.352479999999999905e+01
3.390090000000000003e+01
3.417940000000000111e+01
3.420680000000000121e+01
3.491140000000000043e+01
3.491700000000000159e+01
3.510887000000000313e+01
3.522008999999999901e+01
3.524600000000000222e+01
3.530919000000000096e+01
3.533003999999999678e+01
3.538920000000000243e+01
3.542249000000000336e+01
3.553291000000000111e+01
3.559949999999999903e+01
3.637709999999999866e+01
3.651780000000000115e+01
3.652279999999999660e+01
3.676740000000000208e+01
3.676859999999999928e+01
3.680760000000000076e+01
3.698499999999999943e+01
3.710799999999999699e+01
3.739900000000000091e+01
3.766629999999999967e+01
3.827199999999999847e+01
3.877900000000000347e+01
3.880160000000000053e+01
3.992819000000000074e+01
4.006667000000000201e+01
4.033097000000000065e+01
4.282009999999999650e+01
4.282600000000000051e+01
4.283010000000000161e+01
4.291320000000000334e+01
4.304650000000000176e+01
4.311939999999999884e+01
4.313179999999999836e+01
4.347149999999999892e+01
4.349170000000000158e+01
4.361399999999999721e+01
4.367349999999999710e+01
4.386999999999999744e+01
4.391700000000000159e+01
4.398680000000000234e+01
4.411569999999999681e+01
4.411999999999999744e+01
4.413000000000000256e+01
4.417399999999999949e+01
4.434100000000000108e+01
4.439759999999999707e+01
4.449640000000000128e+01
4.459799999999999898e+01
4.482900000000000063e+01
4.506900000000000261e+01
4.851899999999999835e+01
4.855930000000000035e+01
4.899110000000000298e+01
4.903799999999999670e+01
5.460060000000000002e+01
5.486200000000000188e+01
5.549399999999999977e+01
5.582800000000000296e+01
5.776200000000000045e+01
5.809300000000000352e+01
5.843500000000000227e+01
5.867999999999999972e+01
5.871000000000000085e+01
5.907000000000000028e+01
6.097939999999999827e+01
6.249430000000000263e+01
6.798220000000000596e+01
6.896009999999999707e+01
7.060599999999999454e+01
7.149620000000000175e+01
7.161769999999999925e+01
7.215919999999999845e+01
7.253470000000000084e+01
7.283369999999999322e+01
7.326250000000000284e+01
7.344410000000000593e+01
7.365630000000000166e+01
7.377240000000000464e+01
7.392759999999999820e+01
7.415779999999999461e+01
7.419320000000000448e+01
7.443420000000000414e+01
7.495499999999999829e+01
7.507450000000000045e+01
7.511209999999999809e+01
7.512069999999999936e+01
7.532470000000000709e+01
7.568080000000000496e+01
7.609810000000000230e+01
7.627559999999999718e+01
7.656550000000000011e+01
7.829399999999999693e+01
7.940999999999999659e+01
8.004089999999999350e+01
8.030719999999999459e+01
8.099750000000000227e+01
8.112760000000000105e+01
8.133799999999999386e+01
8.148730000000000473e+01
8.213689999999999714e+01
8.237879999999999825e+01
8.403660000000000707e+01
8.420869999999999322e+01
8.522320000000000562e+01
8.544070000000000675e+01
8.549360000000000070e+01
8.572889999999999588e+01
8.619910000000000139e+01
8.636979999999999791e+01
8.657219999999999516e+01
8.659350000000000591e+01
8.667350000000000421e+01
8.686350000000000193e+01
8.701999999999999602e+01
8.701999999999999602e+01
8.717199999999999704e+01
8.735800000000000409e+01
8.744599999999999795e+01
8.763120000000000687e+01
8.774859999999999616e+01
8.788469999999999516e+01
8.801069999999999993e+01
8.846999999999999886e+01
8.846999999999999886e+01
8.861579999999999302e+01
8.898879999999999768e+01
8.903539999999999566e+01
8.906040000000000134e+01
8.910060000000000002e+01
8.922180000000000177e+01
8.938689999999999714e+01
8.947440000000000282e+01
8.953239999999999554e+01
8.966400000000000148e+01
8.982070000000000221e+01
9.028119999999999834e+01
9.029229999999999734e+01
9.073999999999999488e+01
9.073999999999999488e+01
9.097299999999999898e+01
9.110009999999999764e+01
9.190250000000000341e+01
9.297740000000000293e+01
9.362879999999999825e+01
9.453419999999999845e+01
9.467029999999999745e+01
9.467690000000000339e+01
9.711499999999999488e+01
9.735410000000000252e+01
9.761599999999999966e+01
9.762579999999999814e+01
9.784720000000000084e+01
9.790009999999999479e+01
9.811920000000000641e+01
9.811920000000000641e+01
9.820120000000000005e+01
9.848550000000000182e+01
9.873699999999999477e+01
9.945099999999999341e+01
9.973799999999999955e+01
9.976300000000000523e+01
9.986599999999999966e+01
9.989900000000000091e+01
9.992600000000000193e+01
9.995140000000000668e+01
1.000090000000000003e+02
1.001020000000000039e+02
1.001176999999999992e+02
1.001688000000000045e+02
1.001951999999999998e+02
1.004151999999999987e+02
1.004421999999999997e+02
1.008763000000000005e+02
1.023188999999999993e+02
1.023188999999999993e+02
1.025961999999999961e+02
1.026107999999999976e+02
1.026406000000000063e+02
1.029300000000000068e+02
1.032447999999999979e+02
1.034309999999999974e+02
1.036959999999999980e+02
1.037180000000000035e+02
1.037395000000000067e+02
1.037920000000000016e+02
1.039500000000000028e+02
1.040360000000000014e+02
1.040699999999999932e+02
1.041740000000000066e+02
1.042810000000000059e+02
1.042993000000000023e+02
1.043289999999999935e+02
1.044095999999999975e+02
1.044365999999999985e+02
1.044539999999999935e+02
1.047338000000000022e+02
1.047522000000000020e+02
1.047770000000000010e+02
1.048739999999999952e+02
1.048746000000000009e+02
1.049000000000000057e+02
1.049398000000000053e+02
1.049578999999999951e+02
1.050169999999999959e+02
1.052288000000000068e+02
1.054073999999999955e+02
1.054270000000000067e+02
1.054479000000000042e+02
1.054710000000000036e+02
1.055019000000000062e+02
1.055180000000000007e+02
1.055310000000000059e+02
1.055751999999999953e+02
1.056192000000000064e+02
1.056530000000000058e+02
1.057639999999999958e+02
1.058730000000000047e+02
1.058933999999999997e+02
1.059090000000000060e+02
1.059099999999999966e+02
1.061722000000000037e+02
1.061722000000000037e+02
1.062382000000000062e+02
1.063328999999999951e+02
1.063430000000000035e+02
1.064788999999999959e+02
1.065597000000000065e+02
1.066129999999999995e+02
1.066410000000000053e+02
1.067439999999999998e+02
1.068350999999999971e+02
1.068592000000000013e+02
1.068970000000000056e+02
1.069110000000000014e+02
1.069538000000000011e+02
1.069796999999999940e+02
1.070875999999999948e+02
1.072139999999999986e+02
1.072301999999999964e+02
1.072639999999999958e+02
1.073479999999999990e+02
1.073509999999999991e+02
1.073520000000000039e+02
1.073739999999999952e+02
1.073898999999999972e+02
1.074055000000000035e+02
1.077296000000000049e+02
1.077951000000000050e+02
1.078336999999999932e+02
1.078336999999999932e+02
1.078766999999999996e+02
1.080709999999999980e+02
1.080900000000000034e+02
1.081299999999999955e+02
1.086219999999999999e+02
1.088900000000000006e+02
1.089013000000000062e+02
1.089013000000000062e+02
1.091509999999999962e+02
1.092317000000000036e+02
1.095468000000000046e+02
1.097330999999999932e+02
1.100360000000000014e+02
1.101599999999999966e+02
1.101685999999999979e+02
1.104240000000000066e+02
1.105765999999999991e+02
1.105975999999999999e+02
1.122211000000000070e+02
1.130717000000000070e+02
1.135580000000000069e+02
1.141850000000000023e+02
1.163799999999999955e+02
1.210966999999999985e+02
1.218991999999999933e+02
1.220900000000000034e+02
1.229065999999999974e+02
1.229389000000000038e+02
1.235872999999999990e+02
1.236936000000000035e+02
1.239826999999999941e+02
1.239936000000000007e+02
1.240399000000000029e+02
1.243840000000000003e+02
1.248511000000000024e+02
1.249932000000000016e+02
1.263375000000000057e+02
1.271243000000000052e+02
1.271340000000000003e+02
1.271783999999999963e+02
1.271942999999999984e+02
1.272724999999999937e+02
1.273426999999999936e+02
1.274830999999999932e+02
1.280701999999999998e+02
1.299749999999999943e+02
1.306589999999999918e+02
1.306710999999999956e+02
1.307877000000000010e+02
1.307899999999999920e+02
1.308282000000000096e+02
1.308653999999999940e+02
1.309439000000000135e+02
1.310270999999999901e+02
1.310632999999999981e+02
1.310720000000000027e+02
1.311649999999999920e+02
1.311930000000000121e+02
1.314499999999999886e+02
1.318077999999999861e+02
1.320021999999999878e+02
1.327512000000000114e+02
1.329583000000000084e+02
1.331591999999999985e+02
1.332309999999999945e+02
1.334359000000000037e+02
1.335951000000000022e+02
1.336850000000000023e+02
1.342162999999999897e+02
1.345643000000000029e+02
1.346459999999999866e+02
1.346543000000000063e+02
1.346632999999999925e+02
1.348342000000000098e+02
1.349131999999999891e+02
1.349364999999999952e+02
1.350156000000000063e+02
1.351620000000000061e+02
1.352019999999999982e+02
1.352800000000000011e+02
1.353804000000000087e+02
1.353915000000000077e+02
1.355654000000000110e+02
1.356108000000000118e+02
1.361493000000000109e+02
1.362504000000000133e+02
1.365544999999999902e+02
1.366733000000000118e+02
1.367259999999999991e+02
1.367703999999999951e+02
1.369424999999999955e+02
1.371032999999999902e+02
1.371768999999999892e+02
1.373187000000000069e+02
1.375497000000000014e+02
1.376713000000000022e+02
1.377373000000000047e+02
1.378700000000000045e+02
1.378891000000000133e+02
1.382544000000000040e+02
1.384424999999999955e+02
1.385740000000000123e+02
1.386154999999999973e+02
1.386690999999999860e+02
1.387494000000000085e+02
1.389504000000000019e+02
1.391271000000000129e+02
1.393391000000000020e+02
1.394355999999999938e+02
1.395641999999999996e+02
1.398795000000000073e+02
1.402820000000000107e+02
1.404662999999999897e+02
1.405169999999999959e+02
1.407880000000000109e+02
1.409338999999999942e+02
1.413867999999999938e+02
1.418377999999999872e+02
1.421537999999999897e+02
1.422118000000000109e+02
1.425596999999999923e+02
1.427709999999999866e+02
1.429165999999999883e+02
1.431135999999999910e+02
1.432767000000000053e+02
1.434866000000000099e+02
1.435550000000000068e+02
1.437510000000000048e+02
1.437609999999999957e+02
1.437760000000000105e+02
1.438243999999999971e+02
1.439770000000000039e+02
1.443737999999999886e+02
1.446254000000000133e+02
1.447259999999999991e+02
1.447394999999999925e+02
1.448216999999999928e+02
1.448455999999999904e+02
1.451457000000000050e+02
1.454171000000000049e+02
1.457212000000000103e+02
1.458172000000000139e+02
1.459339999999999975e+02
1.459521000000000015e+02
1.459604999999999961e+02
1.462305000000000064e+02
1.466634999999999991e+02
1.467187999999999874e+02
1.468867999999999938e+02
1.470776999999999930e+02
1.472963000000000022e+02
1.474898000000000025e+02
1.476004000000000076e+02
1.477416000000000054e+02
1.478012999999999977e+02
1.478240000000000123e+02
1.480889999999999986e+02
1.481490000000000009e+02
1.481839999999999975e+02
1.482669999999999959e+02
1.482901999999999987e+02
1.485421000000000049e+02
1.486623999999999910e+02
1.487264999999999873e+02
1.490432999999999879e+02
1.491967999999999961e+02
1.493096999999999923e+02
1.494624000000000024e+02
1.495482000000000085e+02
1.495985000000000014e+02
1.497387999999999977e+02
1.500117999999999938e+02
1.501512999999999920e+02
1.502941999999999894e+02
1.506826000000000079e+02
1.508515999999999906e+02
1.508821000000000083e+02
1.510670000000000073e+02
1.517596000000000060e+02
1.520966999999999985e+02
1.550819999999999936e+02
1.572711999999999932e+02
1.578537000000000035e+02
1.586237000000000137e+02
1.592359999999999900e+02
1.597737999999999943e+02
1.607108000000000061e+02
1.607513999999999896e+02
1.610799000000000092e+02
1.611214999999999975e+02
1.617626999999999953e+02
1.622363000000000000e+02
1.622394999999999925e+02
1.622423000000000002e+02
1.622458000000000027e+02
1.622495999999999867e+02
1.622533999999999992e+02
1.622571000000000083e+02
1.622614000000000090e+02
1.622660999999999945e+02
1.622706000000000017e+02
1.622758000000000038e+02
1.622812000000000126e+02
1.622870000000000061e+02
1.622932000000000130e+02
1.622997000000000014e+02
1.623069000000000131e+02
1.623143000000000029e+02
1.623224999999999909e+02
1.623311999999999955e+02
1.623405999999999949e+02
1.623507999999999925e+02
1.623618999999999915e+02
1.623737000000000137e+02
1.623867999999999938e+02
1.624010000000000105e+02
1.624136000000000024e+02
1.624165000000000134e+02
1.624334000000000060e+02
1.624519999999999982e+02
1.624727000000000032e+02
1.624952999999999861e+02
1.625203999999999951e+02
1.625484999999999900e+02
1.625798000000000059e+02
1.626092999999999904e+02
1.626151000000000124e+02
1.626548999999999978e+02
1.626999999999999886e+02
1.627513999999999896e+02
1.628103999999999871e+02
1.628786000000000058e+02
1.629578999999999951e+02
1.630509000000000128e+02
1.631608999999999980e+02
1.632923999999999864e+02
1.634515000000000100e+02
1.635946000000000140e+02
1.636465000000000032e+02
1.638522000000000105e+02
1.638890000000000100e+02
1.640892000000000053e+02
1.641956999999999880e+02
1.642826000000000022e+02
1.645923999999999978e+02
1.648822000000000116e+02
1.651163999999999987e+02
1.651836999999999875e+02
1.652218000000000018e+02
1.653429999999999893e+02
1.658311999999999955e+02
1.658850999999999942e+02
1.659243999999999915e+02
1.663286999999999978e+02
1.668428999999999860e+02
1.669574000000000069e+02
1.675709999999999980e+02
1.679470000000000027e+02
1.679960000000000093e+02
1.683002999999999929e+02
1.683411999999999864e+02
1.687091000000000065e+02
1.692675000000000125e+02
1.697281999999999869e+02
1.698783999999999992e+02
1.699653999999999883e+02
1.701262000000000114e+02
1.702367000000000132e+02
1.703108000000000004e+02
1.703357000000000028e+02
1.703730999999999938e+02
1.704368000000000052e+02
1.707060999999999922e+02
1.714782999999999902e+02
1.716730000000000018e+02
1.722041000000000111e+02
1.730732999999999890e+02
1.730777999999999963e+02
1.731785999999999888e+02
1.734844999999999970e+02
1.736066999999999894e+02
1.737617999999999938e+02
1.738834999999999980e+02
1.739474999999999909e+02
1.743947000000000003e+02
1.744673999999999978e+02
1.745009000000000015e+02
1.747561000000000035e+02
1.747794000000000096e+02
1.748932000000000073e+02
1.749480000000000075e+02
1.750654000000000110e+02
1.753455999999999904e+02
1.757176000000000045e+02
1.757888000000000090e+02
1.761740000000000066e+02
1.763805000000000121e+02
1.772982000000000085e+02
1.773959000000000117e+02
1.775942000000000007e+02
1.783252999999999986e+02
1.787926999999999964e+02
1.791374999999999886e+02
1.793206999999999880e+02
1.794582000000000050e+02
1.797271000000000072e+02
1.800166999999999859e+02
1.800662000000000091e+02
1.803086999999999875e+02
1.806779999999999973e+02
1.807745999999999924e+02
1.808285999999999945e+02
1.808559999999999945e+02
1.819953999999999894e+02
1.820421000000000049e+02
1.820895999999999901e+02
1.824499999999999886e+02
1.826750000000000114e+02
1.827933999999999912e+02
1.828974000000000046e+02
1.838335999999999899e+02
1.839877999999999929e+02
1.844150999999999954e+02
1.846120999999999981e+02
1.846707000000000107e+02
1.847561000000000035e+02
1.849591000000000065e+02
1.850060000000000002e+02
1.853086000000000126e+02
1.854139000000000124e+02
1.855989999999999895e+02
1.858186000000000035e+02
1.858451000000000022e+02
1.865388000000000090e+02
1.865636000000000081e+02
1.868224999999999909e+02
1.872956000000000074e+02
1.873267999999999915e+02
1.874576000000000136e+02
1.879491999999999905e+02
1.882307999999999879e+02
1.882630000000000052e+02
1.886764000000000010e+02
1.887307999999999879e+02
1.890380000000000109e+02
1.891970000000000027e+02
1.893888000000000034e+02
1.896304000000000087e+02
1.897225999999999999e+02
1.900043000000000006e+02
1.901359999999999957e+02
1.901571999999999889e+02
1.901571999999999889e+02
1.902220000000000084e+02
1.906723000000000070e+02
1.908499999999999943e+02
1.918777000000000044e+02
1.921374000000000137e+02
1.922539999999999907e+02
1.922787999999999897e+02
1.923042000000000087e+02
1.923896000000000015e+02
1.924479000000000042e+02
1.925741999999999905e+02
1.928089999999999975e+02
1.928197999999999865e+02
1.928423999999999978e+02
1.928811000000000035e+02
1.929079999999999870e+02
1.930373999999999910e+02
1.930672000000000139e+02
1.933563000000000045e+02
1.936930999999999869e+02
1.937538999999999874e+02
1.937843000000000018e+02
1.938249000000000137e+02
1.938935999999999922e+02
1.941500000000000057e+02
1.941500000000000057e+02
1.942035999999999945e+02
1.946117000000000132e+02
1.954831000000000074e+02
1.956547999999999945e+02
1.962144999999999868e+02
1.971513999999999953e+02
1.974737000000000080e+02
1.977554000000000087e+02
1.979327000000000112e+02
1.979430000000000121e+02
1.985173000000000059e+02
1.992980000000000018e+02
1.993759000000000015e+02
1.994088999999999885e+02
2.003565999999999860e+02
2.005509000000000128e+02
2.008272000000000048e+02
2.008555000000000064e+02
2.009421000000000106e+02
2.014196000000000026e+02
2.014488000000000056e+02
2.014559999999999889e+02
2.017402999999999906e+02
2.018577999999999975e+02
2.019867999999999881e+02
2.023055999999999983e+02
2.024632000000000005e+02
2.024936999999999898e+02
2.026476999999999862e+02
2.028969999999999914e+02
2.033576999999999941e+02
2.033925999999999874e+02
2.040208000000000084e+02
2.056149000000000058e+02
2.065561999999999898e+02
2.074960000000000093e+02
2.086554999999999893e+02
2.092627999999999986e+02
2.094872000000000014e+02
2.098601999999999919e+02
2.113442000000000007e+02
2.134727000000000032e+02
2.178376000000000090e+02
2.183249999999999886e+02
2.212100000000000080e+02
2.274116999999999962e+02
2.318837000000000046e+02
2.330293000000000063e+02
2.330293000000000063e+02
2.395878999999999905e+02
2.450331999999999937e+02
2.450331999999999937e+02
2.468497000000000128e+02
2.470989999999999895e+02
2.470989999999999895e+02
2.470989999999999895e+02
2.491285000000000025e+02
2.492321000000000026e+02
2.493859999999999957e+02
2.496546999999999912e+02
2.496546999999999912e+02
2.496966999999999928e+02
2.497923999999999864e+02
2.499008000000000038e+02
2.499008000000000038e+02
2.499008000000000038e+02
2.505783000000000129e+02
2.506511999999999887e+02
2.507043999999999926e+02
2.509122999999999877e+02
2.509558000000000106e+02
2.510468999999999937e+02
2.513009999999999877e+02
2.513622000000000014e+02
2.519159999999999968e+02
2.519393000000000029e+02
2.519444000000000017e+02
2.523320999999999970e+02
2.524159999999999968e+02
2.526355000000000075e+02
2.526355000000000075e+02
2.526355000000000075e+02
2.529321999999999946e+02
2.529950000000000045e+02
2.530475000000000136e+02
2.535546999999999969e+02
2.535546999999999969e+02
2.535546999999999969e+02
2.554019999999999868e+02
2.555349999999999966e+02
2.557992999999999881e+02
2.561709000000000174e+02
2.563027000000000157e+02
2.565706000000000131e+02
2.571677999999999997e+02
2.573018999999999892e+02
2.575715999999999894e+02
2.578659999999999854e+02
2.581358999999999924e+02
2.584988999999999919e+02
2.586331999999999880e+02
2.589058999999999742e+02
2.592665999999999826e+02
2.594005999999999972e+02
2.596748999999999796e+02
2.603272999999999797e+02
2.604631999999999721e+02
2.607400000000000091e+02
2.614137000000000057e+02
2.615507000000000062e+02
2.618294000000000210e+02
2.618792000000000257e+02
2.629447999999999865e+02
2.630837000000000216e+02
2.633657999999999788e+02
2.645588999999999942e+02
2.646994000000000256e+02
2.649850999999999885e+02
2.661546999999999912e+02
2.661609000000000265e+02
2.668917000000000144e+02
2.670346999999999866e+02
2.673254000000000019e+02
2.694522000000000048e+02
2.695980999999999881e+02
2.698946000000000254e+02
2.732801999999999794e+02
2.734302000000000135e+02
2.737352000000000203e+02
2.766039000000000101e+02
2.769157000000000153e+02
2.777509999999999764e+02
2.779089999999999918e+02
2.780650999999999726e+02
2.780650999999999726e+02
2.782108999999999810e+02
2.782237000000000080e+02
2.783793000000000006e+02
2.784340000000000259e+02
2.791598999999999933e+02
2.796351999999999975e+02
2.798822999999999865e+02
2.803530000000000086e+02
2.810588999999999942e+02
2.811940000000000168e+02
2.812608999999999924e+02
2.847552999999999770e+02
2.849178999999999746e+02
2.852497999999999934e+02
2.852964999999999804e+02
2.894069000000000074e+02
2.903774000000000228e+02
2.906270000000000095e+02
2.907210999999999785e+02
2.914510000000000218e+02
2.916306999999999903e+02
2.920206000000000017e+02
2.929490999999999872e+02
2.937368000000000166e+02
2.937597999999999843e+02
2.939331999999999994e+02
2.942855000000000132e+02
2.944567999999999870e+02
2.951634999999999991e+02
2.961317999999999984e+02
2.967203999999999837e+02
2.968886999999999716e+02
2.970011999999999830e+02
2.972706999999999766e+02
3.000584999999999809e+02
3.075120000000000005e+02
3.081102999999999952e+02
3.091961999999999762e+02
3.093881999999999834e+02
3.097789000000000215e+02
3.105622999999999934e+02
3.105710000000000264e+02
3.127285999999999717e+02
3.155249000000000024e+02
3.157420000000000186e+02
3.166793999999999869e+02
3.168168000000000006e+02
3.169868000000000166e+02
3.173623999999999796e+02
3.176702000000000226e+02
3.198548999999999864e+02
3.202721000000000231e+02
3.207875000000000227e+02
3.214773000000000138e+02
3.293290000000000077e+02
3.300000000000000000e+02
3.307343999999999937e+02
3.322015999999999849e+02
3.330876999999999839e+02
3.333104000000000156e+02
3.336863999999999919e+02
3.337149000000000001e+02
3.337633999999999901e+02
3.340120000000000005e+02
3.343537999999999784e+02
3.345860999999999876e+02
3.354692999999999756e+02
3.362377999999999929e+02
3.382207000000000221e+02
3.383872000000000071e+02
3.388340000000000032e+02
3.391549999999999727e+02
3.400163999999999760e+02
3.428777000000000044e+02
3.431739999999999782e+02
3.435219999999999914e+02
3.439608999999999810e+02
3.445396000000000072e+02
3.468904999999999745e+02
3.474418999999999755e+02
3.498994999999999891e+02
3.516607000000000198e+02
3.520470000000000255e+02
3.535919999999999845e+02
3.535982000000000198e+02
3.539823999999999842e+02
3.550529999999999973e+02
3.552653000000000247e+02
3.553947999999999752e+02
3.554381000000000199e+02
3.569404000000000110e+02
3.579293999999999869e+02
3.589717999999999734e+02
3.602314999999999827e+02
3.614812000000000012e+02
3.616614000000000146e+02
3.642357999999999834e+02
3.655081000000000131e+02
3.704984000000000037e+02
3.707799999999999727e+02
3.709664000000000215e+02
3.714560000000000173e+02
3.720896000000000186e+02
3.746095000000000255e+02
3.754780999999999835e+02
3.756673000000000116e+02
3.765609000000000037e+02
3.774644000000000119e+02
3.775129999999999768e+02
3.787900000000000205e+02
3.790799999999999841e+02
3.794399999999999977e+02
3.798299999999999841e+02
3.802950000000000159e+02
3.808489999999999895e+02
3.809153999999999769e+02
3.815099999999999909e+02
3.818657999999999788e+02
3.823079999999999927e+02
3.830441400000000272e+02
3.832769999999999868e+02
3.833386899999999855e+02
3.833390999999999735e+02
3.839380600000000072e+02
3.839383100000000013e+02
3.844789999999999850e+02
3.849300000000000068e+02
3.849426000000000272e+02
3.851476999999999862e+02
3.859954000000000178e+02
3.871553000000000111e+02
3.879404999999999859e+02
3.891342999999999961e+02
3.893009000000000128e+02
3.894406999999999925e+02
3.896675999999999931e+02
3.899223999999999819e+02
3.904965000000000259e+02
3.939515000000000100e+02
3.976863000000000170e+02
3.985339000000000169e+02
3.987880799999999795e+02
4.002475999999999772e+02
4.003435999999999808e+02
4.027918000000000234e+02
4.039395999999999844e+02
4.040276000000000067e+02
4.055833999999999833e+02
4.057626000000000204e+02
4.058496000000000095e+02
4.058651199999999903e+02
4.076209999999999809e+02
4.082984999999999900e+02
4.084091999999999985e+02
4.095530999999999722e+02
4.113152000000000044e+02
4.113994999999999891e+02
4.141856000000000222e+02
4.148657000000000039e+02
4.157647000000000048e+02
4.160214000000000283e+02
4.166274999999999977e+02
4.168446000000000140e+02
4.194664000000000215e+02
4.194664000000000215e+02
4.240110000000000241e+02
4.240661999999999807e+02
4.243639000000000010e+02
4.243738000000000170e+02
4.276403999999999996e+02
4.297563999999999851e+02
4.333163000000000125e+02
4.333163000000000125e+02
4.353128899999999817e+02
4.355753000000000270e+02
4.359363000000000170e+02
4.360203999999999951e+02
4.381605999999999881e+02
4.385869000000000142e+02
4.391797000000000253e+02
4.424424000000000206e+02
4.425312999999999874e+02
4.429236999999999966e+02
4.435235000000000127e+02
4.437731999999999744e+02
4.437844000000000051e+02
4.445194999999999936e+02
4.446825000000000045e+02
4.446825000000000045e+02
4.453593000000000188e+02
4.453593000000000188e+02
4.453593000000000188e+02
4.453593000000000188e+02
4.464657000000000266e+02
4.464657000000000266e+02
4.464657000000000266e+02
4.477746000000000208e+02
4.477746000000000208e+02
4.477746000000000208e+02
4.479109000000000265e+02
4.479109000000000265e+02
4.480287000000000148e+02
4.482386999999999944e+02
4.482583999999999946e+02
4.498827999999999747e+02
4.498827999999999747e+02
4.498827999999999747e+02
4.503056000000000267e+02
4.503056000000000267e+02
4.503056000000000267e+02
4.503056000000000267e+02
4.524139000000000124e+02
4.527491999999999734e+02
4.535561999999999898e+02
4.535561999999999898e+02
4.572376699999999801e+02
4.587484999999999786e+02
4.598204000000000065e+02
4.622592999999999961e+02
4.632174999999999727e+02
4.632701999999999884e+02
4.633827999999999747e+02
4.674610999999999876e+02
4.691673999999999864e+02
4.704306900000000269e+02
4.722257000000000176e+02
4.724524999999999864e+02
4.731351599999999848e+02
4.740914000000000215e+02
4.741037999999999784e+02
4.803942999999999870e+02
4.822862999999999829e+02
4.851739999999999782e+02
4.852436999999999898e+02
4.852436999999999898e+02
4.870205000000000268e+02
4.870205000000000268e+02
4.880092000000000212e+02
4.890405000000000086e+02
4.916721000000000004e+02
4.917373999999999796e+02
4.961793000000000120e+02
4.971897999999999911e+02
4.982841999999999985e+02
4.998432000000000244e+02
5.009035000000000082e+02
5.025068999999999733e+02
5.070350000000000250e+02
5.071215000000000259e+02
5.168760899999999765e+02
5.174125000000000227e+02
5.185047799999999825e+02
5.221781999999999471e+02
5.226047999999999547e+02
5.265679999999999836e+02
5.265833000000000084e+02
5.287859999999999445e+02
5.306681999999999562e+02
5.347463999999999942e+02
5.347463999999999942e+02
5.347463999999999942e+02
5.403044999999999618e+02
5.403044999999999618e+02
5.435548999999999751e+02
5.435548999999999751e+02
5.452773999999999432e+02
5.461535999999999831e+02
5.465653999999999542e+02
5.511127999999999929e+02
5.511127999999999929e+02
5.511127999999999929e+02
5.514787000000000035e+02
5.529940299999999525e+02
5.627967999999999620e+02
5.712672400000000152e+02
5.735673000000000457e+02
5.786915999999999940e+02
5.787164000000000215e+02
5.841439000000000306e+02
5.918067999999999529e+02
5.919797999999999547e+02
5.925007000000000517e+02
5.929876000000000431e+02
5.940273999999999432e+02
5.945145999999999731e+02
5.947519999999999527e+02
5.989027999999999565e+02
6.094598999999999478e+02
6.129088000000000420e+02
6.151784000000000106e+02
6.210158000000000129e+02
6.245751000000000204e+02
6.258481000000000449e+02
6.271983999999999924e+02
6.320462999999999738e+02
6.320982999999999947e+02
6.321240999999999985e+02
6.348491999999999962e+02
6.348717000000000326e+02
6.408390000000000555e+02
6.418809999999999718e+02
6.422998999999999796e+02
6.513228000000000293e+02
6.547780999999999949e+02
6.547780999999999949e+02
6.622268000000000256e+02
6.622396999999999707e+02
6.632664999999999509e+02
6.783323000000000320e+02
6.789723999999999933e+02
6.814740000000000464e+02
6.821151999999999589e+02
6.896799999999999500e+02
6.967324999999999591e+02
7.058822000000000116e+02
7.062355999999999767e+02
7.168650999999999840e+02
7.168650999999999840e+02
7.195154999999999745e+02
7.293069000000000415e+02
7.389039000000000215e+02
7.389719999999999800e+02
7.431892000000000280e+02
7.582851000000000568e+02
7.582851000000000568e+02
7.591647000000000389e+02
7.659710999999999785e+02
7.661259999999999764e+02
7.662010000000000218e+02
7.692282000000000153e+02
7.693667000000000371e+02
7.724738999999999578e+02
7.724738999999999578e+02
7.724738999999999578e+02
7.748474999999999682e+02
7.761431999999999789e+02
7.788642999999999574e+02
7.793121999999999616e+02
7.813283999999999878e+02
7.813283999999999878e+02
7.813283999999999878e+02
7.879217999999999620e+02
7.883835000000000264e+02
7.898540000000000418e+02
7.932988000000000284e+02
7.932988000000000284e+02
7.932988000000000284e+02
7.949260000000000446e+02
7.955579999999999927e+02
8.049940000000000282e+02
8.052068000000000438e+02
8.056446999999999434e+02
8.100951000000000022e+02
8.100951000000000022e+02
8.100951000000000022e+02
8.117450999999999794e+02
8.122667000000000144e+02
8.156885999999999513e+02
8.161375000000000455e+02
8.212096000000000231e+02
8.215291999999999462e+02
8.216246999999999616e+02
8.225184000000000424e+02
8.225184000000000424e+02
8.235457000000000107e+02
8.236902999999999793e+02
8.305594999999999573e+02
8.307879000000000360e+02
8.312548000000000457e+02
8.348414000000000215e+02
8.348414000000000215e+02
8.348414000000000215e+02
8.468808999999999969e+02
8.471172000000000253e+02
8.476022000000000389e+02
8.612079999999999700e+02
8.709529999999999745e+02
8.712567000000000235e+02
8.715081999999999880e+02
8.720218999999999596e+02
8.737388999999999442e+02
8.738419999999999845e+02
8.738419999999999845e+02
8.738419999999999845e+02
8.748058999999999514e+02
8.809175000000000182e+02
8.826746000000000549e+02
8.837508000000000266e+02
8.839479999999999791e+02
8.926019000000000005e+02
8.991494000000000142e+02
8.994160000000000537e+02
8.999625999999999522e+02
9.018479999999999563e+02
9.220778000000000247e+02
9.246802999999999884e+02
9.249035999999999831e+02
9.258318000000000438e+02
9.262279999999999518e+02
9.275979999999999563e+02
9.330104000000000042e+02
9.330104000000000042e+02
9.343106999999999971e+02
9.417546999999999571e+02
9.417546999999999571e+02
9.417546999999999571e+02
9.432400999999999840e+02
9.435352000000000317e+02
9.441372000000000071e+02
9.505060999999999467e+02
9.505715000000000146e+02
9.506040000000000418e+02
9.634529999999999745e+02
9.635076999999999998e+02
9.652179999999999609e+02
9.668189999999999600e+02
9.985940000000000509e+02
9.989212999999999738e+02
9.995949000000000524e+02
1.009492600000000039e+03
1.009492600000000039e+03
1.030211000000000013e+03
1.031535699999999906e+03
1.039460900000000038e+03
1.039507900000000063e+03
1.081404500000000098e+03
1.091721999999999980e+03
1.091826000000000022e+03
1.095477900000000091e+03
1.095632000000000062e+03
1.096030500000000075e+03
1.096845299999999952e+03
1.103512400000000071e+03
1.103668400000000020e+03
1.103752999999999929e+03
1.125898899999999912e+03
1.125939599999999928e+03
1.148050099999999929e+03
1.149034200000000055e+03
1.152539399999999887e+03
1.153795399999999972e+03
1.154383100000000013e+03
1.154778099999999995e+03
1.160375099999999975e+03
1.160375099999999975e+03
1.162332100000000082e+03
1.163359400000000051e+03
1.175456300000000056e+03
1.175480700000000070e+03
1.183140799999999899e+03
1.204311699999999973e+03
1.208657999999999902e+03
1.208695600000000013e+03
1.242133499999999913e+03
1.242642800000000079e+03
1.243685400000000072e+03
1.253884299999999939e+03
1.253910399999999981e+03
1.279574000000000069e+03
1.279574000000000069e+03
1.281074000000000069e+03
1.281366999999999962e+03
1.395358999999999924e+03
1.426282500000000027e+03
1.427177899999999909e+03
1.436444700000000012e+03
1.439973700000000008e+03
1.440013300000000072e+03
1.461961399999999912e+03
1.470428699999999935e+03
1.473124199999999973e+03
1.473189699999999903e+03
1.473769000000000005e+03
1.473769000000000005e+03
1.474144800000000032e+03
1.475743999999999915e+03
1.476115399999999909e+03
1.485417799999999943e+03
1.485437200000000075e+03
1.488159499999999980e+03
1.488167400000000043e+03
1.488184700000000021e+03
1.488224300000000085e+03
1.502910300000000007e+03
1.504435600000000022e+03
1.505182600000000093e+03
1.507181700000000092e+03
1.508191499999999905e+03
1.513944199999999910e+03
1.514116400000000112e+03
1.514198699999999917e+03
1.520951399999999921e+03
1.522660100000000057e+03
1.522687400000000025e+03
1.536838799999999992e+03
1.538583399999999983e+03
1.569759900000000016e+03
1.574500700000000052e+03
1.575329099999999926e+03
1.577014699999999948e+03
1.588390300000000025e+03
1.589052799999999934e+03
1.589386199999999917e+03
1.591717799999999897e+03
1.595273599999999988e+03
1.595881000000000085e+03
1.660011600000000044e+03
1.662573100000000068e+03
1.662942199999999957e+03
1.663677300000000059e+03
1.667029800000000023e+03
1.667616400000000112e+03
1.676488399999999956e+03
1.680374600000000100e+03
1.680459900000000061e+03
1.711330400000000054e+03
1.741229000000000042e+03
1.741229000000000042e+03
1.741229000000000042e+03
1.741672299999999950e+03
1.745867099999999937e+03
1.772210399999999936e+03
1.772210399999999936e+03
1.772315299999999979e+03
1.775857999999999947e+03
1.776691000000000031e+03
1.788633000000000038e+03
1.790060999999999922e+03
1.798096000000000004e+03
1.799519000000000005e+03
1.817010999999999967e+03
1.817076999999999998e+03
1.836337999999999965e+03
1.837936999999999898e+03
1.837936999999999898e+03
1.837954999999999927e+03
1.857991999999999962e+03
1.857991999999999962e+03
1.862781999999999925e+03
1.866832000000000107e+03
1.866832000000000107e+03
1.870719000000000051e+03
1.870719000000000051e+03
1.873811999999999898e+03
1.874397999999999911e+03
1.874799999999999955e+03
1.875640000000000100e+03
1.895940000000000055e+03
1.896039999999999964e+03
1.897373000000000047e+03
1.897413999999999987e+03
1.919252999999999929e+03
1.919319999999999936e+03
1.919342000000000098e+03
1.919935999999999922e+03
1.919960000000000036e+03
1.919971999999999980e+03
1.943056000000000040e+03
1.943553000000000111e+03
1.943796000000000049e+03
1.972386999999999944e+03
1.972892000000000053e+03
1.973925999999999931e+03
2.106550999999999931e+03
2.106650000000000091e+03
2.106664000000000215e+03
2.106684000000000196e+03
2.121393000000000029e+03
2.121952000000000226e+03
2.123141000000000076e+03
2.137474999999999909e+03
2.143795999999999822e+03
2.146472000000000207e+03
2.185289999999999964e+03
2.188099999999999909e+03
2.281396999999999935e+03
2.281425000000000182e+03
2.281425000000000182e+03
2.281449000000000069e+03
2.281449000000000069e+03
2.291170000000000073e+03
2.300460999999999785e+03
2.333445999999999913e+03
2.353630999999999858e+03
2.355199999999999818e+03
2.384318000000000211e+03
2.385070000000000164e+03
2.386572999999999865e+03
2.404795999999999822e+03
2.405101999999999862e+03
2.413108999999999924e+03
2.419512000000000171e+03
2.419619000000000142e+03
2.421275999999999840e+03
2.421784000000000106e+03
2.424367000000000189e+03
2.424414000000000215e+03
2.447492000000000189e+03
2.450128999999999905e+03
2.450755999999999858e+03
2.457226000000000113e+03
2.457300000000000182e+03
2.480536000000000058e+03
2.482568999999999960e+03
2.486733000000000175e+03
2.541708999999999833e+03
2.541847000000000207e+03
2.541871999999999844e+03
2.541907999999999902e+03
2.640001000000000204e+03
2.655284000000000106e+03
2.772849999999999909e+03
2.773840000000000146e+03
2.775876000000000204e+03
2.939914999999999964e+03
2.940090999999999894e+03
2.987927000000000135e+03
3.015050000000000182e+03
3.027719000000000051e+03
3.050775000000000091e+03
3.057655999999999949e+03
3.057827000000000226e+03
3.081237999999999829e+03
3.081237999999999829e+03
3.089259000000000015e+03
3.090730000000000018e+03
3.096530000000000200e+03
3.115802000000000135e+03
3.162570000000000164e+03
3.169967000000000098e+03
3.189938999999999851e+03
3.190092000000000098e+03
3.319998999999999796e+03
3.320083000000000084e+03
3.320170999999999822e+03
3.320210999999999785e+03
3.397083999999999833e+03
3.537579999999999927e+03
3.539230000000000018e+03
3.660469999999999800e+03
3.677239999999999782e+03
3.679014999999999873e+03
3.682634000000000015e+03
3.866485999999999876e+03
3.866809999999999945e+03
3.866873999999999796e+03
3.866945000000000164e+03
4.110180999999999585e+03
4.122682999999999993e+03
4.201264000000000124e+03
4.205930999999999585e+03
4.208213999999999942e+03
4.363949999999999818e+03
4.363949999999999818e+03
4.401680000000000291e+03
4.524795000000000073e+03
4.525411000000000058e+03
4.540570999999999913e+03
4.650399000000000342e+03
5.016118999999999687e+03
5.027507999999999811e+03
5.193149000000000342e+03
5.205037000000000262e+03
8.871159999999999854e+03
8.881527000000000044e+03
8.886587999999999738e+03
1.043913999999999942e+04
1.043967100000000028e+04
1.043990699999999924e+04
1.097007999999999993e+04
1.097046800000000076e+04
1.102994900000000052e+04
1.116227000000000044e+04
1.116227000000000044e+04
1.116376300000000083e+04
1.127558799999999974e+04
1.129268200000000070e+04
1.179148199999999997e+04
1.179160499999999956e+04
1.179211800000000039e+04
1.179211800000000039e+04
1.179211800000000039e+04
1.179230099999999948e+04
1.179230099999999948e+04
1.179230099999999948e+04
1.179230099999999948e+04
1.187952000000000044e+04
1.189030999999999949e+04
1.189030999999999949e+04
1.189030999999999949e+04
1.193120000000000073e+04
1.194029299999999967e+04
1.195906899999999951e+04
1.220844000000000051e+04
1.232171999999999935e+04
1.258843000000000029e+04
1.345318000000000029e+04
1.345406500000000051e+04
1.345452800000000025e+04
