1.669470000000000098e+01
1.669470000000000098e+01
1.817500000000000071e+01
1.860689999999999955e+01
1.861530000000000129e+01
1.861530000000000129e+01
1.917000000000000171e+01
1.928999999999999915e+01
1.968700000000000117e+01
1.968700000000000117e+01
1.968700000000000117e+01
1.972299999999999898e+01
2.026000000000000156e+01
2.026000000000000156e+01
2.026000000000000156e+01
2.059400000000000119e+01
2.059700000000000131e+01
2.059700000000000131e+01
2.060300000000000153e+01
2.060300000000000153e+01
2.060300000000000153e+01
2.093029999999999902e+01
2.171999999999999886e+01
2.178999999999999915e+01
2.233999999999999986e+01
2.251200000000000045e+01
2.252100000000000080e+01
2.252100000000000080e+01
2.252100000000000080e+01
2.341199999999999903e+01
2.342000000000000171e+01
2.342000000000000171e+01
2.342500000000000071e+01
2.360699999999999932e+01
2.379899999999999949e+01
2.387000000000000099e+01
2.387999999999999901e+01
2.396199999999999974e+01
2.396199999999999974e+01
2.471999999999999886e+01
2.475609999999999999e+01
2.477060000000000173e+01
2.484299999999999997e+01
2.484600000000000009e+01
2.484799999999999898e+01
2.579500000000000171e+01
2.585000000000000142e+01
2.591900000000000048e+01
2.600900000000000034e+01
2.604500000000000171e+01
2.612800000000000011e+01
2.629100000000000037e+01
2.652299999999999969e+01
2.652299999999999969e+01
2.652700000000000102e+01
2.652700000000000102e+01
2.652700000000000102e+01
2.661959999999999837e+01
2.663789999999999836e+01
2.687000000000000099e+01
2.687000000000000099e+01
2.687000000000000099e+01
2.709900000000000020e+01
2.834199999999999875e+01
2.834799999999999898e+01
2.834799999999999898e+01
2.835800000000000054e+01
2.835800000000000054e+01
2.855600000000000094e+01
2.976999999999999957e+01
2.978200000000000003e+01
3.003200000000000003e+01
3.031230000000000047e+01
3.032799999999999940e+01
3.147149999999999892e+01
3.148499999999999943e+01
3.148770000000000024e+01
3.150529999999999831e+01
3.225030000000000285e+01
3.225699999999999790e+01
3.227239999999999753e+01
3.231750000000000256e+01
3.232600000000000051e+01
3.350500000000000256e+01
3.383500000000000085e+01
3.383500000000000085e+01
3.402000000000000313e+01
3.519299999999999784e+01
3.519800000000000040e+01
3.519800000000000040e+01
3.530599999999999739e+01
3.628329999999999700e+01
3.628810000000000002e+01
3.629460000000000264e+01
3.629849999999999710e+01
3.742040000000000077e+01
3.744409999999999883e+01
3.874799999999999756e+01
4.207699999999999818e+01
4.518690000000000140e+01
4.522259999999999991e+01
4.637400000000000233e+01
6.446339999999999293e+01
6.448369999999999891e+01
6.451779999999999404e+01
6.475000000000000000e+01
6.602859999999999729e+01
6.710160000000000480e+01
6.713859999999999673e+01
6.716299999999999670e+01
6.717730000000000246e+01
6.720010000000000616e+01
6.849960000000000093e+01
6.855129999999999768e+01
6.858159999999999457e+01
6.863349999999999795e+01
6.926999999999999602e+01
7.135179999999999723e+01
7.138599999999999568e+01
7.469840000000000657e+01
7.481950000000000500e+01
7.482909999999999684e+01
7.633360000000000412e+01
7.643590000000000373e+01
7.651479999999999393e+01
7.715439999999999543e+01
7.719010000000000105e+01
7.723850000000000193e+01
7.728910000000000480e+01
7.729749999999999943e+01
7.759650000000000603e+01
8.856699999999999307e+01
9.096970000000000312e+01
9.102779999999999916e+01
9.106449999999999534e+01
9.156119999999999948e+01
9.159619999999999607e+01
9.160120000000000573e+01
9.167010000000000502e+01
9.219920000000000471e+01
9.225190000000000623e+01
9.230570000000000164e+01
9.242829999999999302e+01
9.534149999999999636e+01
9.536549999999999727e+01
9.539700000000000557e+01
9.553350000000000364e+01
9.639900000000000091e+01
9.646259999999999479e+01
9.650409999999999400e+01
9.798420000000000130e+01
9.799190000000000111e+01
9.897899999999999920e+01
9.915139999999999532e+01
9.915789999999999793e+01
1.036159999999999997e+02
1.067613999999999947e+02
1.068611999999999966e+02
1.078709999999999951e+02
1.083990000000000009e+02
1.084579999999999984e+02
1.085545999999999935e+02
1.085700999999999965e+02
1.097236999999999938e+02
1.098094999999999999e+02
1.098259999999999934e+02
1.100360000000000014e+02
1.100464999999999947e+02
1.101290999999999940e+02
1.134164999999999992e+02
1.134415000000000049e+02
1.134980000000000047e+02
1.143649999999999949e+02
1.163884000000000043e+02
1.164205999999999932e+02
1.164325000000000045e+02
1.167447999999999979e+02
1.168333999999999975e+02
1.168417000000000030e+02
1.168536000000000001e+02
1.176509999999999962e+02
1.176629999999999967e+02
1.177694999999999936e+02
1.183031000000000006e+02
1.184549999999999983e+02
1.188010000000000019e+02
1.199549999999999983e+02
1.200223000000000013e+02
1.200709999999999980e+02
1.225026000000000010e+02
1.225370000000000061e+02
1.228409999999999940e+02
1.228790000000000049e+02
1.238820999999999941e+02
1.242804000000000002e+02
1.243178999999999945e+02
1.243306000000000040e+02
1.310540000000000020e+02
1.310949999999999989e+02
1.319000000000000057e+02
1.319679999999999893e+02
1.326570000000000107e+02
1.327920000000000016e+02
1.387370999999999981e+02
1.411939999999999884e+02
1.492624999999999886e+02
1.492820000000000107e+02
1.494675000000000011e+02
1.549336000000000126e+02
1.616330000000000098e+02
1.619689999999999941e+02
1.718549999999999898e+02
1.729944999999999879e+02
1.742728999999999928e+02
1.745252000000000123e+02
1.747847999999999900e+02
1.751218000000000075e+02
1.751656999999999869e+02
1.804485999999999990e+02
1.805669000000000040e+02
1.846419999999999959e+02
1.860370000000000061e+02
1.885060000000000002e+02
1.885219999999999914e+02
1.907990000000000066e+02
1.919550000000000125e+02
1.919770000000000039e+02
1.920649999999999977e+02
1.920840000000000032e+02
1.921299999999999955e+02
2.064670000000000130e+02
2.065080000000000098e+02
2.069339999999999975e+02
2.071750000000000114e+02
2.080999999999999943e+02
2.096200000000000045e+02
2.096870000000000118e+02
2.097529999999999859e+02
2.118259999999999934e+02
2.122170000000000130e+02
2.130850000000000080e+02
2.143460000000000036e+02
2.147990000000000066e+02
2.188880000000000052e+02
2.189060000000000059e+02
2.206779999999999973e+02
2.287400000000000091e+02
2.289149999999999920e+02
2.317199999999999989e+02
2.317400000000000091e+02
2.317760000000000105e+02
2.318799999999999955e+02
2.462009999999999934e+02
2.478439999999999941e+02
2.497580000000000098e+02
2.497719999999999914e+02
2.520980000000000132e+02
2.521550000000000011e+02
2.522990000000000066e+02
2.591709999999999923e+02
2.646440000000000055e+02
2.646970000000000027e+02
2.646970000000000027e+02
2.647749999999999773e+02
2.647749999999999773e+02
2.647749999999999773e+02
2.682980000000000018e+02
2.690000000000000000e+02
2.690000000000000000e+02
2.710640000000000214e+02
2.800049999999999955e+02
2.824470000000000027e+02
2.860000000000000000e+02
2.886120000000000232e+02
2.975389999999999873e+02
2.981650000000000205e+02
2.982180000000000177e+02
2.999300000000000068e+02
3.007710000000000150e+02
3.079139999999999873e+02
3.368310000000000173e+02
3.438140000000000214e+02
3.464359999999999786e+02
3.479710000000000036e+02
3.483990000000000009e+02
3.485960000000000036e+02
3.748609999999999900e+02
3.755740000000000123e+02
3.772119999999999891e+02
3.839460000000000264e+02
3.920110000000000241e+02
3.939630000000000223e+02
3.956970000000000027e+02
3.996129999999999995e+02
3.999759999999999991e+02
4.004710000000000036e+02
4.036220000000000141e+02
4.042450000000000045e+02
4.044669999999999845e+02
4.058910000000000196e+02
4.098489999999999895e+02
4.101100000000000136e+02
4.104590000000000032e+02
4.111109999999999900e+02
4.177339999999999804e+02
4.196940000000000168e+02
4.201279999999999859e+02
4.228929999999999723e+02
4.238100000000000023e+02
4.238240000000000123e+02
4.242970000000000255e+02
4.334130000000000109e+02
4.346899999999999977e+02
4.380339999999999918e+02
4.433980000000000246e+02
4.448279999999999745e+02
4.512180000000000177e+02
4.516129999999999995e+02
4.531680000000000064e+02
4.602769999999999868e+02
4.605020000000000095e+02
4.607620000000000005e+02
4.608450000000000273e+02
4.615160000000000196e+02
4.621270000000000095e+02
4.622679999999999723e+02
4.631840000000000259e+02
4.635439999999999827e+02
4.641940000000000168e+02
4.644379999999999882e+02
4.789470000000000027e+02
4.804630000000000223e+02
4.848729999999999905e+02
4.860179999999999723e+02
4.868509999999999991e+02
4.896480000000000246e+02
4.916309999999999718e+02
4.936499999999999773e+02
4.945939999999999941e+02
4.951610000000000014e+02
4.965369999999999777e+02
4.988759999999999764e+02
4.995749999999999886e+02
5.002880000000000109e+02
5.004100000000000250e+02
5.006549999999999727e+02
5.008720000000000141e+02
5.012019999999999982e+02
5.017789999999999964e+02
5.027060000000000173e+02
5.046510000000000105e+02
5.282670000000000528e+02
5.294149999999999636e+02
5.315829999999999700e+02
5.322300000000000182e+02
5.328659999999999854e+02
5.497200000000000273e+02
5.536900000000000546e+02
5.668200000000000500e+02
5.677599999999999909e+02
5.681140000000000327e+02
5.687789999999999964e+02
5.712350000000000136e+02
5.748890000000000100e+02
5.754099999999999682e+02
5.766349999999999909e+02
5.831159999999999854e+02
5.855660000000000309e+02
5.929450000000000500e+02
5.933419999999999845e+02
5.941889999999999645e+02
5.943300000000000409e+02
5.954039999999999964e+02
6.001090000000000373e+02
6.010130000000000337e+02
6.169470000000000027e+02
6.381380000000000337e+02
6.382530000000000427e+02
6.413419999999999845e+02
6.422409999999999854e+02
6.424800000000000182e+02
6.430099999999999909e+02
6.439460000000000264e+02
6.442720000000000482e+02
6.455890000000000555e+02
6.459679999999999609e+02
6.468809999999999718e+02
6.470230000000000246e+02
6.483500000000000227e+02
6.483840000000000146e+02
6.484489999999999554e+02
6.485539999999999736e+02
6.486589999999999918e+02
6.493010000000000446e+02
6.501340000000000146e+02
6.508110000000000355e+02
6.612390000000000327e+02
6.624370000000000118e+02
6.638769999999999527e+02
6.646789999999999736e+02
6.648339999999999463e+02
6.655299999999999727e+02
6.658350000000000364e+02
6.724479999999999791e+02
7.400679999999999836e+02
7.408160000000000309e+02
7.408279999999999745e+02
7.425679999999999836e+02
7.444339999999999691e+02
7.470370000000000346e+02
7.610890000000000555e+02
7.620560000000000400e+02
7.764379999999999882e+02
8.187119999999999891e+02
8.190270000000000437e+02
8.202609999999999673e+02
8.212980000000000018e+02
8.218600000000000136e+02
8.225399999999999636e+02
8.244660000000000082e+02
8.441059999999999945e+02
8.570090000000000146e+02
8.596359999999999673e+02
8.631609999999999445e+02
8.658269999999999982e+02
8.678460000000000036e+02
8.682659999999999627e+02
8.685779999999999745e+02
8.688540000000000418e+02
8.689819999999999709e+02
8.701390000000000100e+02
8.705639999999999645e+02
8.712930000000000064e+02
8.714089999999999918e+02
8.721219999999999573e+02
8.731290000000000191e+02
8.749759999999999991e+02
9.389379999999999882e+02
9.395370000000000346e+02
9.463279999999999745e+02
9.866029999999999518e+02
9.868120000000000118e+02
9.870919999999999845e+02
9.890099999999999909e+02
9.893799999999999955e+02
9.964589999999999463e+02
9.972069999999999936e+02
1.002601999999999975e+03
1.003820000000000050e+03
1.006791000000000054e+03
1.007288000000000011e+03
1.010789999999999964e+03
1.011166000000000054e+03
1.011524999999999977e+03
1.011740999999999985e+03
1.012904999999999973e+03
1.054246000000000095e+03
1.207780999999999949e+03
1.219015000000000100e+03
1.229232999999999947e+03
1.233212999999999965e+03
1.238503999999999905e+03
1.244180000000000064e+03
1.246465999999999894e+03
1.247303000000000111e+03
1.343327999999999975e+03
1.358503999999999905e+03
1.359144999999999982e+03
1.360598999999999933e+03
1.362790999999999940e+03
1.476109999999999900e+03
1.487292999999999893e+03
1.497068999999999960e+03
1.558653000000000020e+03
1.752135999999999967e+03
1.758965999999999894e+03
1.788314000000000078e+03
