4.645499999999999829e+01
4.683200000000000074e+01
5.423799999999999955e+01
5.430899999999999750e+01
5.452100000000000080e+01
5.599399999999999977e+01
5.662199999999999989e+01
7.530100000000000193e+01
7.637699999999999534e+01
7.740200000000000102e+01
9.812699999999999534e+01
9.935399999999999920e+01
9.961599999999999966e+01
1.002759999999999962e+02
1.005720000000000027e+02
1.007019999999999982e+02
1.007049999999999983e+02
1.010190000000000055e+02
1.030270000000000010e+02
1.044899999999999949e+02
1.116080000000000041e+02
1.120019999999999953e+02
1.212210000000000036e+02
1.258870000000000005e+02
1.267600000000000051e+02
1.314559999999999889e+02
1.319149999999999920e+02
1.431920000000000073e+02
1.433389999999999986e+02
1.435260000000000105e+02
1.445430000000000064e+02
1.445980000000000132e+02
1.447090000000000032e+02
1.447479999999999905e+02
1.448499999999999943e+02
1.451630000000000109e+02
1.456680000000000064e+02
1.473429999999999893e+02
1.484730000000000132e+02
1.486790000000000020e+02
1.487230000000000132e+02
1.495939999999999941e+02
1.498019999999999925e+02
1.499449999999999932e+02
1.501529999999999916e+02
1.501990000000000123e+02
1.502299999999999898e+02
1.505029999999999859e+02
1.509710000000000036e+02
1.512340000000000089e+02
1.513249999999999886e+02
1.513810000000000002e+02
1.517379999999999995e+02
1.524360000000000070e+02
1.524910000000000139e+02
1.532980000000000018e+02
1.534060000000000059e+02
1.537500000000000000e+02
1.566920000000000073e+02
1.570190000000000055e+02
1.586819999999999879e+02
1.590209999999999866e+02
1.598859999999999957e+02
1.604720000000000084e+02
1.635680000000000121e+02
1.639509999999999934e+02
1.682769999999999868e+02
1.684399999999999977e+02
1.705440000000000111e+02
1.707139999999999986e+02
1.739300000000000068e+02
1.758329999999999984e+02
1.758629999999999995e+02
1.763720000000000141e+02
1.808700000000000045e+02
1.863129999999999882e+02
1.877340000000000089e+02
1.892920000000000016e+02
1.910699999999999932e+02
1.922410000000000139e+02
1.938839999999999861e+02
1.978220000000000027e+02
1.979070000000000107e+02
1.985149999999999864e+02
1.997110000000000127e+02
2.007930000000000064e+02
2.028149999999999977e+02
2.029970000000000141e+02
2.033120000000000118e+02
2.033180000000000121e+02
2.033640000000000043e+02
2.035320000000000107e+02
2.060949999999999989e+02
2.069279999999999973e+02
2.084730000000000132e+02
2.093789999999999907e+02
2.093969999999999914e+02
2.110089999999999861e+02
2.123350000000000080e+02
2.125879999999999939e+02
2.127210000000000036e+02
2.130900000000000034e+02
2.130910000000000082e+02
2.131850000000000023e+02
2.147040000000000077e+02
2.206699999999999875e+02
2.241009999999999991e+02
2.244890000000000043e+02
2.250680000000000121e+02
2.266330000000000098e+02
2.274619999999999891e+02
2.275929999999999893e+02
2.280060000000000002e+02
2.282210000000000036e+02
2.285099999999999909e+02
2.291069999999999993e+02
2.296390000000000100e+02
2.302789999999999964e+02
2.305490000000000066e+02
2.310629999999999882e+02
2.314010000000000105e+02
2.330929999999999893e+02
2.338810000000000002e+02
2.344840000000000089e+02
2.349929999999999950e+02
2.356260000000000048e+02
2.362779999999999916e+02
2.363220000000000027e+02
2.366419999999999959e+02
2.373449999999999989e+02
2.377129999999999939e+02
2.387820000000000107e+02
2.388139999999999930e+02
2.388249999999999886e+02
2.388959999999999866e+02
2.389000000000000057e+02
2.399209999999999923e+02
2.404960000000000093e+02
2.405620000000000118e+02
2.406069999999999993e+02
2.406579999999999870e+02
2.413189999999999884e+02
2.414670000000000130e+02
2.415229999999999961e+02
2.417719999999999914e+02
2.419420000000000073e+02
2.422649999999999864e+02
2.434540000000000077e+02
2.436690000000000111e+02
2.437069999999999936e+02
2.438160000000000025e+02
2.438480000000000132e+02
2.442880000000000109e+02
2.443420000000000130e+02
2.447189999999999941e+02
2.452609999999999957e+02
2.454689999999999941e+02
2.457729999999999961e+02
2.458830000000000098e+02
2.461080000000000041e+02
2.461189999999999998e+02
2.463640000000000043e+02
2.464470000000000027e+02
2.467479999999999905e+02
2.469470000000000027e+02
2.469830000000000041e+02
2.470140000000000100e+02
2.476620000000000061e+02
2.478129999999999882e+02
2.479039999999999964e+02
2.480689999999999884e+02
2.484629999999999939e+02
2.486769999999999925e+02
2.489490000000000123e+02
2.493770000000000095e+02
2.500480000000000018e+02
2.505399999999999920e+02
2.509290000000000020e+02
2.511759999999999877e+02
2.512709999999999866e+02
2.522160000000000082e+02
2.545560000000000116e+02
2.546399999999999864e+02
2.552150000000000034e+02
2.557709999999999866e+02
2.558710000000000093e+02
2.563179999999999836e+02
2.566179999999999950e+02
2.568210000000000264e+02
2.569800000000000182e+02
2.572099999999999795e+02
2.579510000000000218e+02
2.584759999999999991e+02
2.591709999999999923e+02
2.592980000000000018e+02
2.594529999999999745e+02
2.599639999999999986e+02
2.617259999999999991e+02
2.624289999999999736e+02
2.628220000000000027e+02
2.629270000000000209e+02
2.629449999999999932e+02
2.633949999999999818e+02
2.643029999999999973e+02
2.647049999999999841e+02
2.648290000000000077e+02
2.650310000000000059e+02
2.655240000000000009e+02
2.656870000000000118e+02
2.658410000000000082e+02
2.658779999999999859e+02
2.666039999999999850e+02
2.667379999999999995e+02
2.668090000000000259e+02
2.669080000000000155e+02
2.672719999999999914e+02
2.674359999999999786e+02
2.676739999999999782e+02
2.687950000000000159e+02
2.692570000000000050e+02
2.697860000000000014e+02
2.699660000000000082e+02
2.703000000000000114e+02
2.703319999999999936e+02
2.717429999999999950e+02
2.722789999999999964e+02
2.734069999999999823e+02
2.737900000000000205e+02
2.747719999999999914e+02
2.749660000000000082e+02
2.753820000000000050e+02
2.759429999999999836e+02
2.768949999999999818e+02
2.774019999999999868e+02
2.781059999999999945e+02
2.783179999999999836e+02
2.793870000000000005e+02
2.827909999999999968e+02
2.837069999999999936e+02
2.841779999999999973e+02
2.841990000000000123e+02
2.843489999999999895e+02
2.847119999999999891e+02
2.852289999999999850e+02
2.861929999999999836e+02
2.865160000000000196e+02
2.866449999999999818e+02
2.869359999999999786e+02
2.876229999999999905e+02
2.877789999999999964e+02
2.877869999999999777e+02
2.881569999999999823e+02
2.884030000000000200e+02
2.889680000000000177e+02
2.898659999999999854e+02
2.900090000000000146e+02
2.909089999999999918e+02
2.911440000000000055e+02
2.912590000000000146e+02
2.928670000000000186e+02
2.932330000000000041e+02
2.938570000000000277e+02
2.942400000000000091e+02
2.946739999999999782e+02
2.946979999999999791e+02
2.947760000000000105e+02
2.951739999999999782e+02
2.973439999999999941e+02
2.974970000000000141e+02
2.978550000000000182e+02
2.982980000000000018e+02
2.991129999999999995e+02
2.995600000000000023e+02
3.002719999999999914e+02
3.025620000000000118e+02
3.029320000000000164e+02
3.033650000000000091e+02
3.045649999999999977e+02
3.048990000000000009e+02
3.053980000000000246e+02
3.056410000000000196e+02
3.065419999999999732e+02
3.070570000000000164e+02
3.071789999999999736e+02
3.072450000000000045e+02
3.074130000000000109e+02
3.077760000000000105e+02
3.081240000000000236e+02
3.095079999999999814e+02
3.100090000000000146e+02
3.112350000000000136e+02
3.128439999999999941e+02
3.131700000000000159e+02
3.143170000000000073e+02
3.146309999999999718e+02
3.152780000000000200e+02
3.164320000000000164e+02
3.176700000000000159e+02
3.181209999999999809e+02
3.188410000000000082e+02
3.192019999999999982e+02
3.192350000000000136e+02
3.195899999999999750e+02
3.204279999999999973e+02
3.207269999999999754e+02
3.216530000000000200e+02
3.226410000000000196e+02
3.230489999999999782e+02
3.237330000000000041e+02
3.248410000000000082e+02
3.249879999999999995e+02
3.250459999999999923e+02
3.255009999999999764e+02
3.261499999999999773e+02
3.264309999999999832e+02
3.265529999999999973e+02
3.267049999999999841e+02
3.271410000000000196e+02
3.271700000000000159e+02
3.273009999999999877e+02
3.278609999999999900e+02
3.284409999999999741e+02
3.286610000000000014e+02
3.288539999999999850e+02
3.288870000000000005e+02
3.292970000000000255e+02
3.296960000000000264e+02
3.300559999999999832e+02
3.305779999999999745e+02
3.308999999999999773e+02
3.311419999999999959e+02
3.313550000000000182e+02
3.316170000000000186e+02
3.319940000000000282e+02
3.320219999999999914e+02
3.320539999999999736e+02
3.327579999999999814e+02
3.330319999999999823e+02
3.333120000000000118e+02
3.342559999999999718e+02
3.342930000000000064e+02
3.344669999999999845e+02
3.347889999999999873e+02
3.350020000000000095e+02
3.350480000000000018e+02
3.355699999999999932e+02
3.358000000000000114e+02
3.359390000000000214e+02
3.366549999999999727e+02
3.367930000000000064e+02
3.370129999999999768e+02
3.372300000000000182e+02
3.375889999999999986e+02
3.381379999999999768e+02
3.381829999999999927e+02
3.387210000000000036e+02
3.393310000000000173e+02
3.396899999999999977e+02
3.400380000000000109e+02
3.406390000000000100e+02
3.407110000000000127e+02
3.409359999999999786e+02
3.409660000000000082e+02
3.410169999999999959e+02
3.413919999999999959e+02
3.416949999999999932e+02
3.424739999999999895e+02
3.426399999999999864e+02
3.426829999999999927e+02
3.427549999999999955e+02
3.428430000000000177e+02
3.430020000000000095e+02
3.433679999999999950e+02
3.441580000000000155e+02
3.464800000000000182e+02
3.466850000000000023e+02
3.470430000000000064e+02
3.472180000000000177e+02
3.474010000000000105e+02
3.479689999999999941e+02
3.480559999999999832e+02
3.485049999999999955e+02
3.492029999999999745e+02
3.498809999999999718e+02
3.499630000000000223e+02
3.508960000000000150e+02
3.511259999999999764e+02
3.516429999999999723e+02
3.518679999999999950e+02
3.521070000000000277e+02
3.536309999999999718e+02
3.538489999999999895e+02
3.541970000000000027e+02
3.545029999999999859e+02
3.545659999999999741e+02
3.551460000000000150e+02
3.555539999999999736e+02
3.555679999999999836e+02
3.564519999999999982e+02
3.564639999999999986e+02
3.576870000000000118e+02
3.578740000000000236e+02
3.581290000000000191e+02
3.585989999999999895e+02
3.590129999999999768e+02
3.590380000000000109e+02
3.595000000000000000e+02
3.603589999999999804e+02
3.620539999999999736e+02
3.622060000000000173e+02
3.640369999999999777e+02
3.650889999999999986e+02
3.651850000000000023e+02
3.652230000000000132e+02
3.660649999999999977e+02
3.661410000000000196e+02
3.665740000000000123e+02
3.670049999999999955e+02
3.675830000000000268e+02
3.698899999999999864e+02
3.712400000000000091e+02
3.714069999999999823e+02
3.718050000000000068e+02
3.727300000000000182e+02
3.739479999999999791e+02
3.740860000000000127e+02
3.741789999999999736e+02
3.742839999999999918e+02
3.743450000000000273e+02
3.754250000000000114e+02
3.756840000000000259e+02
3.764560000000000173e+02
3.766150000000000091e+02
3.767200000000000273e+02
3.772919999999999732e+02
3.782080000000000268e+02
3.788140000000000214e+02
3.791229999999999905e+02
3.792289999999999850e+02
3.799200000000000159e+02
3.802379999999999995e+02
3.803999999999999773e+02
3.804959999999999809e+02
3.805819999999999936e+02
3.811569999999999823e+02
3.812110000000000127e+02
3.816589999999999918e+02
3.819940000000000282e+02
3.820230000000000246e+02
3.825969999999999800e+02
3.836270000000000095e+02
3.837540000000000191e+02
3.846990000000000123e+02
3.860040000000000191e+02
3.864479999999999791e+02
3.869019999999999868e+02
3.878659999999999854e+02
3.879920000000000186e+02
3.884239999999999782e+02
3.886539999999999964e+02
3.886779999999999973e+02
3.887169999999999845e+02
3.892400000000000091e+02
3.910079999999999814e+02
3.915810000000000173e+02
3.921309999999999718e+02
3.938550000000000182e+02
3.944789999999999850e+02
3.966809999999999832e+02
3.967210000000000036e+02
3.972970000000000255e+02
4.033659999999999854e+02
4.040670000000000073e+02
4.060090000000000146e+02
4.060659999999999741e+02
4.061940000000000168e+02
4.069409999999999741e+02
4.080880000000000223e+02
4.086009999999999991e+02
4.101560000000000059e+02
4.102080000000000268e+02
4.118059999999999832e+02
4.124970000000000141e+02
4.130590000000000259e+02
4.131089999999999804e+02
4.138269999999999982e+02
4.140609999999999786e+02
4.140880000000000223e+02
4.144379999999999882e+02
4.151290000000000191e+02
4.153750000000000000e+02
4.164639999999999986e+02
4.164830000000000041e+02
4.165830000000000268e+02
4.169300000000000068e+02
4.185620000000000118e+02
4.192060000000000173e+02
4.193249999999999886e+02
4.196270000000000095e+02
4.196840000000000259e+02
4.199689999999999941e+02
4.202699999999999818e+02
4.206490000000000009e+02
4.215919999999999845e+02
4.219130000000000109e+02
4.230339999999999918e+02
4.256639999999999873e+02
4.263249999999999886e+02
4.267219999999999800e+02
4.271890000000000214e+02
4.288199999999999932e+02
4.300810000000000173e+02
4.302200000000000273e+02
4.310769999999999982e+02
4.312479999999999905e+02
4.313659999999999854e+02
4.327549999999999955e+02
4.328600000000000136e+02
4.332590000000000146e+02
4.344039999999999964e+02
4.349870000000000232e+02
4.350249999999999773e+02
4.352789999999999964e+02
4.369660000000000082e+02
4.379189999999999827e+02
4.389590000000000032e+02
4.393919999999999959e+02
4.411449999999999818e+02
4.420679999999999836e+02
4.438469999999999800e+02
4.448430000000000177e+02
4.458050000000000068e+02
4.458670000000000186e+02
4.470960000000000036e+02
4.472540000000000191e+02
4.473790000000000191e+02
4.504300000000000068e+02
4.524680000000000177e+02
4.548090000000000259e+02
4.565810000000000173e+02
4.574359999999999786e+02
4.582900000000000205e+02
4.608059999999999832e+02
4.617459999999999809e+02
4.631410000000000196e+02
4.650249999999999773e+02
4.650570000000000164e+02
4.665140000000000100e+02
4.667549999999999955e+02
4.668530000000000086e+02
4.673399999999999750e+02
4.676680000000000064e+02
4.679789999999999850e+02
4.686449999999999818e+02
4.707459999999999809e+02
4.709610000000000127e+02
4.714820000000000277e+02
4.735210000000000150e+02
4.751030000000000086e+02
4.817730000000000246e+02
4.849719999999999800e+02
4.969169999999999732e+02
4.974529999999999745e+02
4.990360000000000014e+02
5.002350000000000136e+02
5.003650000000000091e+02
5.014669999999999845e+02
5.019150000000000205e+02
5.020910000000000082e+02
5.027760000000000105e+02
5.031530000000000200e+02
5.040450000000000159e+02
5.049370000000000118e+02
5.059420000000000073e+02
5.060760000000000218e+02
5.066659999999999968e+02
5.078820000000000050e+02
5.080380000000000109e+02
5.095830000000000268e+02
5.096720000000000255e+02
5.101580000000000155e+02
5.121730000000000018e+02
5.123229999999999791e+02
5.129089999999999918e+02
5.134769999999999754e+02
5.136180000000000518e+02
5.142010000000000218e+02
5.148970000000000482e+02
5.152069999999999936e+02
5.154070000000000391e+02
5.161770000000000209e+02
5.165819999999999936e+02
5.181749999999999545e+02
5.188419999999999845e+02
5.190650000000000546e+02
5.194529999999999745e+02
5.197290000000000418e+02
5.204669999999999845e+02
5.206580000000000155e+02
5.220549999999999500e+02
5.226609999999999445e+02
5.234270000000000209e+02
5.238890000000000100e+02
5.241849999999999454e+02
5.253079999999999927e+02
5.253269999999999982e+02
5.254489999999999554e+02
5.255389999999999873e+02
5.271390000000000100e+02
5.272999999999999545e+02
5.273949999999999818e+02
5.277670000000000528e+02
5.280900000000000318e+02
5.286730000000000018e+02
5.297809999999999491e+02
5.317029999999999745e+02
5.318490000000000464e+02
5.320080000000000382e+02
5.320969999999999800e+02
5.336349999999999909e+02
5.338289999999999509e+02
5.342290000000000418e+02
5.345069999999999482e+02
5.345660000000000309e+02
5.352229999999999563e+02
5.354769999999999754e+02
5.356799999999999500e+02
5.357190000000000509e+02
5.360679999999999836e+02
5.363500000000000227e+02
5.376760000000000446e+02
5.382839999999999918e+02
5.389800000000000182e+02
5.397359999999999900e+02
5.397830000000000155e+02
5.412740000000000009e+02
5.417809999999999491e+02
5.423949999999999818e+02
5.432770000000000437e+02
5.438780000000000427e+02
5.449819999999999709e+02
5.457709999999999582e+02
5.459560000000000173e+02
5.469619999999999891e+02
5.482519999999999527e+02
5.484610000000000127e+02
5.485009999999999764e+02
5.492590000000000146e+02
5.501059999999999945e+02
5.506109999999999900e+02
5.510650000000000546e+02
5.514349999999999454e+02
5.518920000000000528e+02
5.525099999999999909e+02
5.543010000000000446e+02
5.552889999999999873e+02
5.564539999999999509e+02
5.572989999999999782e+02
5.577709999999999582e+02
5.579840000000000373e+02
5.588519999999999754e+02
5.592500000000000000e+02
5.596440000000000055e+02
5.601140000000000327e+02
5.605080000000000382e+02
5.605489999999999782e+02
5.629819999999999709e+02
5.630729999999999791e+02
5.636979999999999791e+02
5.643680000000000518e+02
5.646870000000000118e+02
5.655710000000000264e+02
5.666280000000000427e+02
5.667200000000000273e+02
5.668429999999999609e+02
5.672590000000000146e+02
5.673479999999999563e+02
5.679049999999999727e+02
5.694669999999999845e+02
5.699479999999999791e+02
5.699610000000000127e+02
5.707740000000000009e+02
5.708060000000000400e+02
5.710910000000000082e+02
5.717179999999999609e+02
5.717939999999999827e+02
5.727250000000000227e+02
5.730779999999999745e+02
5.738949999999999818e+02
5.739790000000000418e+02
5.753039999999999736e+02
5.761939999999999600e+02
5.766589999999999918e+02
5.772680000000000291e+02
5.777670000000000528e+02
5.781939999999999600e+02
5.789139999999999873e+02
5.791399999999999864e+02
5.795850000000000364e+02
5.805639999999999645e+02
5.816939999999999600e+02
5.821040000000000418e+02
5.822229999999999563e+02
5.836520000000000437e+02
5.839769999999999754e+02
5.840259999999999536e+02
5.844089999999999918e+02
5.847709999999999582e+02
5.868099999999999454e+02
5.876330000000000382e+02
5.879420000000000073e+02
5.895069999999999482e+02
5.902259999999999991e+02
5.905439999999999827e+02
5.929049999999999727e+02
5.935800000000000409e+02
5.959349999999999454e+02
5.984880000000000564e+02
5.987740000000000009e+02
5.999589999999999463e+02
6.031420000000000528e+02
6.033509999999999991e+02
6.047169999999999845e+02
6.050389999999999873e+02
6.058329999999999700e+02
6.109400000000000546e+02
6.144210000000000491e+02
6.149829999999999472e+02
6.166029999999999518e+02
6.214779999999999518e+02
6.223680000000000518e+02
6.253490000000000464e+02
6.262500000000000000e+02
6.432240000000000464e+02
6.435000000000000000e+02
6.499640000000000555e+02
6.546420000000000528e+02
6.576549999999999727e+02
6.592820000000000391e+02
6.607980000000000018e+02
6.609099999999999682e+02
6.615979999999999563e+02
6.628809999999999718e+02
6.662680000000000291e+02
6.679170000000000300e+02
6.703049999999999500e+02
6.725480000000000018e+02
6.741739999999999782e+02
6.797190000000000509e+02
6.829990000000000236e+02
6.851240000000000236e+02
6.872820000000000391e+02
6.878260000000000218e+02
6.904790000000000418e+02
6.909980000000000473e+02
6.920230000000000246e+02
6.947989999999999782e+02
6.974410000000000309e+02
6.988020000000000209e+02
6.992250000000000227e+02
6.998039999999999736e+02
7.025420000000000300e+02
7.039980000000000473e+02
7.048750000000000000e+02
7.068360000000000127e+02
7.077179999999999609e+02
7.100900000000000318e+02
7.103970000000000482e+02
7.121269999999999527e+02
7.124909999999999854e+02
7.128129999999999882e+02
7.132029999999999745e+02
7.161399999999999864e+02
7.193350000000000364e+02
7.210929999999999609e+02
7.254349999999999454e+02
7.276810000000000400e+02
7.319049999999999727e+02
7.325940000000000509e+02
7.330399999999999636e+02
7.355190000000000055e+02
7.374529999999999745e+02
7.421870000000000118e+02
7.438070000000000164e+02
7.480259999999999536e+02
7.517999999999999545e+02
7.521839999999999691e+02
7.576670000000000300e+02
7.585299999999999727e+02
7.641910000000000309e+02
7.649819999999999709e+02
7.705449999999999591e+02
7.728809999999999718e+02
7.759439999999999600e+02
7.789249999999999545e+02
7.875579999999999927e+02
7.887480000000000473e+02
7.941069999999999709e+02
7.956950000000000500e+02
8.137440000000000282e+02
8.242269999999999754e+02
8.323220000000000027e+02
8.348369999999999891e+02
8.352329999999999472e+02
8.442089999999999463e+02
8.478310000000000173e+02
8.529329999999999927e+02
8.549600000000000364e+02
8.562889999999999873e+02
8.578229999999999791e+02
8.699940000000000282e+02
8.743360000000000127e+02
8.770380000000000109e+02
8.817980000000000018e+02
8.908229999999999791e+02
