2.765799999999999841e+02
2.786610000000000014e+02
2.963750000000000000e+02
2.964449999999999932e+02
2.994069999999999823e+02
3.008849999999999909e+02
3.015070000000000050e+02
3.019230000000000018e+02
3.027350000000000136e+02
3.039859999999999900e+02
3.051999999999999886e+02
3.053039999999999736e+02
3.057599999999999909e+02
3.070620000000000118e+02
3.072320000000000277e+02
3.072389999999999759e+02
3.076270000000000095e+02
3.080269999999999868e+02
3.081829999999999927e+02
3.093820000000000050e+02
3.099379999999999882e+02
3.100419999999999732e+02
3.106329999999999814e+02
3.107080000000000268e+02
3.108910000000000196e+02
3.116080000000000041e+02
3.117049999999999841e+02
3.120649999999999977e+02
3.123969999999999914e+02
3.125489999999999782e+02
3.134510000000000218e+02
3.135810000000000173e+02
3.138149999999999977e+02
3.142370000000000232e+02
3.143349999999999795e+02
3.145459999999999923e+02
3.145729999999999791e+02
3.149420000000000073e+02
3.150199999999999818e+02
3.150419999999999732e+02
3.163539999999999850e+02
3.176909999999999741e+02
3.182459999999999809e+02
3.189649999999999750e+02
3.201549999999999727e+02
3.204399999999999977e+02
3.211929999999999836e+02
3.211929999999999836e+02
3.218050000000000068e+02
3.223550000000000182e+02
3.228969999999999914e+02
3.238840000000000146e+02
3.255020000000000095e+02
3.257850000000000250e+02
3.260179999999999723e+02
3.261600000000000250e+02
3.266059999999999945e+02
3.266320000000000050e+02
3.268190000000000168e+02
3.274119999999999777e+02
3.276159999999999854e+02
3.276159999999999854e+02
3.282440000000000282e+02
3.283722999999999956e+02
3.286050000000000182e+02
3.287570000000000050e+02
3.291600000000000250e+02
3.294789999999999850e+02
3.295629999999999882e+02
3.301109999999999900e+02
3.313700000000000045e+02
3.326859999999999786e+02
3.329227000000000203e+02
3.332529999999999859e+02
3.335430000000000064e+02
3.340022999999999911e+02
3.354549999999999841e+02
3.356890000000000214e+02
3.365930000000000177e+02
3.394599999999999795e+02
3.485880000000000223e+02
3.528539999999999850e+02
3.528539999999999850e+02
3.544359999999999786e+02
3.556789999999999736e+02
3.561770000000000209e+02
3.569889999999999759e+02
3.588530000000000086e+02
3.593620000000000232e+02
3.599049999999999727e+02
3.601940000000000168e+02
3.610819999999999936e+02
3.616847999999999956e+02
3.619990000000000236e+02
3.632060000000000173e+02
3.635339999999999918e+02
3.638039999999999736e+02
3.638039999999999736e+02
3.638269999999999982e+02
3.641279999999999859e+02
3.646820000000000164e+02
3.649239999999999782e+02
3.651460000000000150e+02
3.654189999999999827e+02
3.663299999999999841e+02
3.663299999999999841e+02
3.666220000000000141e+02
3.673410000000000082e+02
3.673410000000000082e+02
3.674590000000000032e+02
3.679230000000000018e+02
3.686850000000000023e+02
3.686850000000000023e+02
3.688349999999999795e+02
3.690740000000000123e+02
3.695860000000000127e+02
3.698609999999999900e+02
3.706000000000000227e+02
3.714759999999999991e+02
3.715260000000000105e+02
3.715790000000000077e+02
3.715865000000000009e+02
3.716100000000000136e+02
3.716449999999999818e+02
3.716449999999999818e+02
3.716739999999999782e+02
3.719599999999999795e+02
3.719599999999999795e+02
3.719599999999999795e+02
3.719599999999999795e+02
3.722409999999999854e+02
3.723480000000000132e+02
3.724560000000000173e+02
3.725930000000000177e+02
3.727959999999999923e+02
3.729189999999999827e+02
3.731639999999999873e+02
3.731639999999999873e+02
3.733840000000000146e+02
3.736600000000000250e+02
3.736659999999999968e+02
3.738159999999999741e+02
3.739119999999999777e+02
3.742479999999999905e+02
3.750919999999999845e+02
3.750919999999999845e+02
3.751379999999999768e+02
3.753559999999999945e+02
3.753745999999999867e+02
3.755899999999999750e+02
3.756669999999999732e+02
3.758890000000000100e+02
3.760020000000000095e+02
3.760860000000000127e+02
3.764540000000000077e+02
3.767660000000000196e+02
3.770715000000000146e+02
3.776569999999999823e+02
3.777409999999999854e+02
3.780539999999999736e+02
3.781465000000000032e+02
3.782389999999999759e+02
3.784850000000000136e+02
3.785319999999999823e+02
3.785799999999999841e+02
3.792579999999999814e+02
3.792579999999999814e+02
3.796530000000000200e+02
3.800629999999999882e+02
3.802200000000000273e+02
3.802459999999999809e+02
3.802459999999999809e+02
3.803380000000000223e+02
3.803380000000000223e+02
3.804549999999999841e+02
3.805179999999999723e+02
3.806438999999999737e+02
3.806438999999999737e+02
3.806630000000000109e+02
3.808308000000000106e+02
3.808308000000000106e+02
3.808308000000000106e+02
3.809850000000000136e+02
3.810140000000000100e+02
3.811569999999999823e+02
3.812139999999999986e+02
3.812855999999999881e+02
3.813609999999999900e+02
3.815810000000000173e+02
3.820779999999999745e+02
3.823550000000000182e+02
3.823550000000000182e+02
3.827502000000000066e+02
3.829089999999999918e+02
3.829940000000000282e+02
3.830249999999999773e+02
3.831560000000000059e+02
3.831560000000000059e+02
3.837629999999999768e+02
3.838999999999999773e+02
3.840070000000000050e+02
3.840600000000000023e+02
3.842909999999999968e+02
3.842970000000000255e+02
3.849323999999999728e+02
3.849399999999999977e+02
3.849610000000000127e+02
3.851309999999999718e+02
3.852749999999999773e+02
3.852839999999999918e+02
3.859639999999999986e+02
3.862029999999999745e+02
3.863620000000000232e+02
3.864422000000000139e+02
3.864504000000000019e+02
3.867620000000000005e+02
3.867909999999999968e+02
3.870142000000000166e+02
3.876840000000000259e+02
3.876970000000000027e+02
3.879680000000000177e+02
3.880649999999999977e+02
3.881480000000000246e+02
3.881879000000000133e+02
3.888967999999999847e+02
3.890760000000000218e+02
3.891030000000000086e+02
3.891680000000000064e+02
3.892040000000000077e+02
3.892610000000000241e+02
3.893159999999999741e+02
3.895729999999999791e+02
3.897230000000000132e+02
3.898729999999999905e+02
3.901309999999999718e+02
3.902950000000000159e+02
3.906999999999999886e+02
3.908809999999999718e+02
3.908809999999999718e+02
3.908949999999999818e+02
3.912269999999999754e+02
3.913340000000000032e+02
3.914800000000000182e+02
3.916240000000000236e+02
3.917060000000000173e+02
3.918759999999999764e+02
3.921030000000000086e+02
3.921030000000000086e+02
3.921030000000000086e+02
3.922069999999999936e+02
3.928210000000000264e+02
3.930369999999999777e+02
3.935930000000000177e+02
3.937219999999999800e+02
3.939979999999999905e+02
3.942628000000000270e+02
3.952271999999999821e+02
3.953312999999999988e+02
3.953312999999999988e+02
3.953990000000000009e+02
3.954639999999999986e+02
3.958570000000000277e+02
3.959121000000000095e+02
3.963330000000000268e+02
3.964234999999999900e+02
3.965020000000000095e+02
3.974393000000000029e+02
3.974773999999999887e+02
3.977961000000000240e+02
3.980604999999999905e+02
3.983480999999999881e+02
3.987379999999999995e+02
3.991231000000000222e+02
3.992871999999999844e+02
3.995810000000000173e+02
4.001623999999999910e+02
4.005149999999999864e+02
4.008559999999999945e+02
4.013383999999999787e+02
4.013829999999999814e+02
4.019961999999999875e+02
4.022008000000000152e+02
4.022466999999999757e+02
4.022919999999999732e+02
4.024139999999999873e+02
4.025921999999999912e+02
4.031609000000000265e+02
4.032959999999999923e+02
4.039264999999999759e+02
4.041938000000000102e+02
4.042200000000000273e+02
4.044737999999999829e+02
4.049950000000000045e+02
4.052289000000000101e+02
4.061107999999999834e+02
4.062232000000000198e+02
4.070416000000000167e+02
4.076267000000000280e+02
4.076422999999999774e+02
4.078770000000000095e+02
4.081379000000000019e+02
4.086967999999999961e+02
4.097289999999999850e+02
4.099340000000000259e+02
4.107740999999999758e+02
4.110233000000000061e+02
4.110615000000000236e+02
4.111632000000000176e+02
4.114986999999999853e+02
4.125043999999999755e+02
4.134526999999999930e+02
4.136499999999999773e+02
4.157255000000000109e+02
4.157436999999999898e+02
4.161739999999999782e+02
4.169169999999999732e+02
4.169169999999999732e+02
4.176782999999999788e+02
4.178498000000000161e+02
4.179820000000000277e+02
4.180763000000000034e+02
4.186159999999999854e+02
4.206779999999999973e+02
4.212472000000000207e+02
4.221447000000000003e+02
4.228910000000000196e+02
4.233570000000000277e+02
4.235387999999999806e+02
4.235387999999999806e+02
4.236429999999999723e+02
4.241030000000000086e+02
4.248562999999999761e+02
4.253639999999999759e+02
4.263039999999999736e+02
4.263039999999999736e+02
4.267916999999999916e+02
4.271766999999999825e+02
4.273990999999999758e+02
4.276290000000000191e+02
4.283639999999999759e+02
4.283774999999999977e+02
4.285724000000000160e+02
4.299010000000000105e+02
4.304784000000000219e+02
4.305659999999999741e+02
4.308990000000000009e+02
4.315724000000000160e+02
4.326981999999999857e+02
4.329150000000000205e+02
4.339916999999999803e+02
4.352518000000000029e+02
4.359393999999999778e+02
4.367542000000000257e+02
4.367610000000000241e+02
4.367610000000000241e+02
4.367610000000000241e+02
4.369859999999999900e+02
4.376152000000000157e+02
4.376268000000000029e+02
4.383967999999999847e+02
4.386895000000000095e+02
4.391890000000000214e+02
4.391890000000000214e+02
4.402063999999999737e+02
4.412291000000000167e+02
4.447635000000000218e+02
4.452816000000000258e+02
4.453227999999999724e+02
4.457644999999999982e+02
4.464238000000000284e+02
4.503070999999999913e+02
4.507846000000000117e+02
4.514610000000000127e+02
4.517629999999999768e+02
4.528519999999999754e+02
4.542542000000000257e+02
4.543879999999999768e+02
4.557413000000000238e+02
4.560950000000000273e+02
4.564499999999999886e+02
4.580169999999999959e+02
4.580600000000000023e+02
4.587909999999999968e+02
4.598301000000000158e+02
4.605110000000000241e+02
4.611159999999999854e+02
4.623229999999999791e+02
4.629279999999999973e+02
4.635539999999999736e+02
4.642400000000000091e+02
4.647069999999999936e+02
4.647699999999999818e+02
4.650969999999999800e+02
4.656030000000000086e+02
4.671870000000000118e+02
4.682044000000000210e+02
4.684759999999999991e+02
4.685350000000000250e+02
4.691659999999999968e+02
4.697749999999999773e+02
4.704891999999999825e+02
4.707859000000000265e+02
4.708279999999999745e+02
4.711032000000000153e+02
4.716908000000000243e+02
4.720339999999999918e+02
4.725670000000000073e+02
4.733090000000000259e+02
4.780799999999999841e+02
4.790749999999999886e+02
4.798498000000000161e+02
4.812687999999999988e+02
4.821689999999999827e+02
4.826829999999999927e+02
4.833629999999999995e+02
4.850409999999999968e+02
4.860387000000000057e+02
4.868100000000000023e+02
4.885169999999999959e+02
4.890470000000000255e+02
4.892069999999999936e+02
4.892440000000000282e+02
4.898299999999999841e+02
4.902900000000000205e+02
4.903210000000000264e+02
4.903410000000000082e+02
4.914780000000000086e+02
4.915756999999999834e+02
4.922065999999999804e+02
4.925899999999999750e+02
4.946209999999999809e+02
4.956159999999999854e+02
4.959522999999999797e+02
4.960514000000000010e+02
4.962780999999999949e+02
4.991329999999999814e+02
5.034920999999999935e+02
5.065140000000000100e+02
5.078009999999999877e+02
5.091256000000000199e+02
5.094216000000000122e+02
5.103815000000000168e+02
5.106630000000000109e+02
5.106770000000000209e+02
5.109008000000000038e+02
5.125220000000000482e+02
5.132025999999999613e+02
5.133759999999999764e+02
5.166579000000000406e+02
5.182608000000000175e+02
5.184045999999999594e+02
5.192894000000000005e+02
5.194067000000000007e+02
5.201570000000000391e+02
5.213816000000000486e+02
5.214679999999999609e+02
5.226499999999999773e+02
5.229882999999999811e+02
5.235652000000000044e+02
5.241250000000000000e+02
5.251046000000000049e+02
5.252278000000000020e+02
5.256973000000000411e+02
5.270950000000000273e+02
5.274899000000000342e+02
5.278346999999999980e+02
5.293139999999999645e+02
5.294641000000000304e+02
5.303754000000000133e+02
5.307948000000000093e+02
5.312939000000000078e+02
5.321298000000000457e+02
5.358465999999999667e+02
5.362965000000000373e+02
5.373428999999999860e+02
5.387400000000000091e+02
5.433035999999999603e+02
5.452630000000000337e+02
5.487223000000000184e+02
5.502999999999999545e+02
5.527250000000000227e+02
5.535359999999999445e+02
5.536810000000000400e+02
5.536810000000000400e+02
5.536810000000000400e+02
5.544779999999999518e+02
5.550014999999999645e+02
5.562709999999999582e+02
5.577050000000000409e+02
5.578250000000000455e+02
5.579249999999999545e+02
5.589160000000000537e+02
5.595978000000000065e+02
5.602989999999999782e+02
5.603479999999999563e+02
5.622100000000000364e+02
5.622100000000000364e+02
5.637319999999999709e+02
5.641109999999999900e+02
5.655140000000000100e+02
5.670440999999999576e+02
5.671340000000000146e+02
5.677549999999999955e+02
5.677910000000000537e+02
5.690103000000000293e+02
5.691090000000000373e+02
5.703150000000000546e+02
5.703826000000000249e+02
5.707789000000000215e+02
5.709864000000000033e+02
5.719705999999999904e+02
5.728414000000000215e+02
5.730879999999999654e+02
5.742454000000000178e+02
5.750779999999999745e+02
5.751250000000000000e+02
5.768930000000000291e+02
5.777720000000000482e+02
5.786559999999999491e+02
5.789829999999999472e+02
5.801699999999999591e+02
5.805629000000000133e+02
5.813183000000000220e+02
5.815499999999999545e+02
5.821979999999999791e+02
5.827486999999999853e+02
5.828360000000000127e+02
5.844011000000000422e+02
5.846280000000000427e+02
5.847569999999999482e+02
5.860529999999999973e+02
5.866683000000000447e+02
5.868709999999999809e+02
5.870529999999999973e+02
5.872670000000000528e+02
5.884919999999999618e+02
5.887870000000000346e+02
5.889539999999999509e+02
5.922859999999999445e+02
5.957519999999999527e+02
5.996420000000000528e+02
5.998129999999999882e+02
6.009329999999999927e+02
6.032935999999999694e+02
6.034959999999999809e+02
6.035910000000000082e+02
6.053550999999999931e+02
6.067709999999999582e+02
6.073379999999999654e+02
6.075650000000000546e+02
6.135170000000000528e+02
6.135280000000000200e+02
6.150979999999999563e+02
6.156760000000000446e+02
6.159529999999999745e+02
6.168379999999999654e+02
6.172193999999999505e+02
6.180299999999999727e+02
6.185617999999999483e+02
6.209959999999999809e+02
6.225109999999999673e+02
6.228220000000000027e+02
6.240225000000000364e+02
6.245810000000000173e+02
6.259220000000000255e+02
6.260460000000000491e+02
6.279030000000000200e+02
6.279030000000000200e+02
6.287530000000000427e+02
6.294579999999999700e+02
6.294579999999999700e+02
6.298809999999999718e+02
6.312240000000000464e+02
6.343260000000000218e+02
6.383830000000000382e+02
6.386961000000000013e+02
6.487480000000000473e+02
6.631970000000000027e+02
6.639790000000000418e+02
6.652409999999999854e+02
6.652409999999999854e+02
6.657509999999999764e+02
6.739650000000000318e+02
6.741970000000000027e+02
6.744400000000000546e+02
6.792240000000000464e+02
6.805879999999999654e+02
6.848609999999999900e+02
6.848609999999999900e+02
6.902329999999999472e+02
6.943300000000000409e+02
7.012730000000000246e+02
7.020789999999999509e+02
7.022859999999999445e+02
7.026520000000000437e+02
7.039239999999999782e+02
7.054080000000000155e+02
7.056689999999999827e+02
7.063419999999999845e+02
7.068840000000000146e+02
7.084880000000000564e+02
7.091660000000000537e+02
7.094700000000000273e+02
7.094700000000000273e+02
7.094700000000000273e+02
7.094700000000000273e+02
7.095940000000000509e+02
7.097380000000000564e+02
7.131319999999999482e+02
7.144009999999999536e+02
7.144009999999999536e+02
7.144009999999999536e+02
7.152999999999999545e+02
7.155059999999999718e+02
7.191069999999999709e+02
7.191399999999999864e+02
7.193990000000000009e+02
7.200979999999999563e+02
7.228999999999999773e+02
7.238529999999999518e+02
7.263640000000000327e+02
7.287300000000000182e+02
7.290570000000000164e+02
7.293390000000000555e+02
7.300729999999999791e+02
7.318830000000000382e+02
7.323450000000000273e+02
7.325140000000000100e+02
7.336559999999999491e+02
7.359130000000000109e+02
7.376069999999999709e+02
7.383819999999999482e+02
7.403350000000000364e+02
7.408659999999999854e+02
7.413239999999999554e+02
7.420220000000000482e+02
7.429460000000000264e+02
7.450760000000000218e+02
7.483339999999999463e+02
7.513229999999999791e+02
7.515800000000000409e+02
7.516509999999999536e+02
7.516509999999999536e+02
7.518089999999999691e+02
7.528519999999999754e+02
7.531059999999999945e+02
7.540339999999999918e+02
7.543049999999999500e+02
7.543049999999999500e+02
7.549080000000000155e+02
7.579629999999999654e+02
7.589740000000000464e+02
7.592839999999999918e+02
7.605819999999999936e+02
7.608010000000000446e+02
7.616820000000000164e+02
7.641889999999999645e+02
7.648099999999999454e+02
7.665629999999999882e+02
7.698680000000000518e+02
7.720320000000000391e+02
7.746029999999999518e+02
7.751050000000000182e+02
7.753079999999999927e+02
7.775199999999999818e+02
7.794360000000000355e+02
7.798550000000000182e+02
7.799470000000000027e+02
7.799470000000000027e+02
7.800470000000000255e+02
7.810620000000000118e+02
7.820979999999999563e+02
7.827350000000000136e+02
7.827350000000000136e+02
7.865199999999999818e+02
7.874199999999999591e+02
7.888769999999999527e+02
7.898669999999999618e+02
7.902569999999999482e+02
7.902569999999999482e+02
7.908200000000000500e+02
7.919189999999999827e+02
7.927210000000000036e+02
7.950119999999999436e+02
7.951870000000000118e+02
7.957569999999999482e+02
7.961140000000000327e+02
7.967920000000000300e+02
7.984284999999999854e+02
7.984880000000000564e+02
8.002960000000000491e+02
8.009900000000000091e+02
8.045449999999999591e+02
8.053540000000000418e+02
8.066219999999999573e+02
8.101399999999999864e+02
8.123160000000000309e+02
8.124299999999999500e+02
8.143990000000000009e+02
8.145510000000000446e+02
8.167210000000000036e+02
8.174809999999999945e+02
8.182079999999999700e+02
8.184660000000000082e+02
8.187830000000000155e+02
8.207640000000000100e+02
8.233780000000000427e+02
8.251029999999999518e+02
8.251950000000000500e+02
8.251950000000000500e+02
8.265069999999999482e+02
8.268990000000000009e+02
8.275059999999999718e+02
8.305019999999999527e+02
8.310000000000000000e+02
8.326789999999999736e+02
8.334299999999999500e+02
8.348650000000000091e+02
8.377459999999999809e+02
8.377630000000000337e+02
8.397019999999999982e+02
8.403160000000000309e+02
8.459189999999999827e+02
8.532870000000000346e+02
8.584389999999999645e+02
8.593890000000000100e+02
8.597229999999999563e+02
8.645800000000000409e+02
8.669450000000000500e+02
8.693680000000000518e+02
8.693680000000000518e+02
8.697459999999999809e+02
8.715209999999999582e+02
8.717419999999999618e+02
8.841530000000000200e+02
