1.246160000000000068e+01
1.355230000000000068e+01
1.381090000000000018e+01
1.381090000000000018e+01
1.381090000000000018e+01
1.390290000000000070e+01
1.514470000000000027e+01
1.514770000000000039e+01
1.514770000000000039e+01
1.515460000000000029e+01
1.515460000000000029e+01
1.515460000000000029e+01
1.645739999999999981e+01
1.646569999999999823e+01
1.646569999999999823e+01
1.647090000000000032e+01
1.662349999999999994e+01
1.679899999999999949e+01
1.679899999999999949e+01
1.702189999999999870e+01
1.721689999999999898e+01
1.857450000000000045e+01
1.927509999999999835e+01
1.927990000000000137e+01
1.927990000000000137e+01
1.929060000000000130e+01
1.930030000000000001e+01
1.945929999999999893e+01
1.958599999999999852e+01
1.960099999999999909e+01
1.960099999999999909e+01
2.021610000000000085e+01
2.022240000000000038e+01
2.022830000000000084e+01
2.023339999999999961e+01
2.023930000000000007e+01
2.037800000000000011e+01
2.038200000000000145e+01
2.038500000000000156e+01
2.038899999999999935e+01
2.039399999999999835e+01
2.071799999999999997e+01
2.072400000000000020e+01
2.077939999999999898e+01
2.150400000000000134e+01
2.151030000000000086e+01
2.152449999999999974e+01
2.160180000000000078e+01
2.203519999999999968e+01
2.273720000000000141e+01
2.274690000000000012e+01
2.275110000000000099e+01
2.275489999999999924e+01
2.276340000000000074e+01
2.276889999999999858e+01
2.318230000000000146e+01
2.334600000000000009e+01
2.335000000000000142e+01
2.335200000000000031e+01
2.335600000000000165e+01
2.335999999999999943e+01
2.383599999999999852e+01
2.385699999999999932e+01
2.484590000000000032e+01
2.525600000000000023e+01
2.529500000000000171e+01
2.530799999999999983e+01
2.603900000000000148e+01
2.605600000000000094e+01
2.643400000000000105e+01
2.644800000000000040e+01
2.669699999999999918e+01
2.669800000000000040e+01
2.670299999999999940e+01
2.773799999999999955e+01
2.796300000000000097e+01
2.799399999999999977e+01
2.857100000000000151e+01
2.858399999999999963e+01
2.864480000000000004e+01
2.956200000000000117e+01
2.956599999999999895e+01
2.957199999999999918e+01
3.034100000000000108e+01
3.034600000000000009e+01
3.035200000000000031e+01
3.036199999999999832e+01
3.036899999999999977e+01
3.037999999999999901e+01
3.055999999999999872e+01
3.056599999999999895e+01
3.057000000000000028e+01
3.057700000000000173e+01
3.058399999999999963e+01
3.066199999999999903e+01
3.068799999999999883e+01
3.209790000000000276e+01
3.284499999999999886e+01
3.287400000000000233e+01
3.453099999999999881e+01
3.551400000000000290e+01
3.553300000000000125e+01
3.554699999999999704e+01
3.590200000000000102e+01
3.592199999999999704e+01
3.593800000000000239e+01
3.738000000000000256e+01
3.739999999999999858e+01
3.740800000000000125e+01
3.741599999999999682e+01
3.743299999999999983e+01
3.744400000000000261e+01
3.766929999999999978e+01
3.767450000000000188e+01
3.770450000000000301e+01
3.770450000000000301e+01
3.919120000000000203e+01
3.919429999999999836e+01
3.920020000000000238e+01
3.923219999999999885e+01
3.923219999999999885e+01
3.955579999999999785e+01
4.010000000000000142e+01
4.010000000000000142e+01
4.010000000000000142e+01
4.010000000000000142e+01
4.030349999999999966e+01
4.030870000000000175e+01
4.032730000000000103e+01
4.033720000000000283e+01
4.185979999999999990e+01
4.188119999999999976e+01
4.202000000000000313e+01
4.202000000000000313e+01
4.202000000000000313e+01
4.245770000000000266e+01
4.245770000000000266e+01
4.252729999999999677e+01
4.252729999999999677e+01
4.265259999999999962e+01
4.265259999999999962e+01
4.265259999999999962e+01
4.295570000000000022e+01
4.296470000000000056e+01
4.296470000000000056e+01
4.297160000000000224e+01
4.299179999999999779e+01
4.300410000000000110e+01
4.301769999999999783e+01
4.349799999999999756e+01
4.365100000000000335e+01
4.366490000000000293e+01
4.373319999999999652e+01
4.376830000000000354e+01
4.405519999999999925e+01
4.405980000000000274e+01
4.405980000000000274e+01
4.420009999999999906e+01
4.420009999999999906e+01
4.420479999999999876e+01
4.420479999999999876e+01
4.436809999999999832e+01
4.456009999999999849e+01
4.456009999999999849e+01
4.456380000000000052e+01
4.569969999999999999e+01
4.569969999999999999e+01
4.569969999999999999e+01
4.584219999999999828e+01
4.584219999999999828e+01
4.641940000000000310e+01
4.643099999999999739e+01
4.643099999999999739e+01
4.647849999999999682e+01
4.647849999999999682e+01
4.655290000000000106e+01
4.655290000000000106e+01
4.657600000000000051e+01
4.657600000000000051e+01
4.679260000000000019e+01
4.687660000000000338e+01
4.687660000000000338e+01
4.687660000000000338e+01
4.687660000000000338e+01
4.704079999999999728e+01
4.704079999999999728e+01
4.704079999999999728e+01
4.815870000000000317e+01
4.816349999999999909e+01
4.817040000000000077e+01
4.817549999999999955e+01
4.837519999999999953e+01
4.839759999999999707e+01
4.840250000000000341e+01
4.850860000000000127e+01
4.854650000000000176e+01
4.855149999999999721e+01
4.855720000000000169e+01
4.855720000000000169e+01
4.855720000000000169e+01
4.856309999999999860e+01
4.856309999999999860e+01
4.998709999999999809e+01
4.998709999999999809e+01
5.003430000000000177e+01
5.003430000000000177e+01
5.073910000000000053e+01
5.076830000000000354e+01
5.081819999999999737e+01
5.154979999999999762e+01
5.156400000000000006e+01
5.156400000000000006e+01
5.179370000000000118e+01
5.179370000000000118e+01
5.182419999999999760e+01
5.182419999999999760e+01
5.257950000000000301e+01
5.259266999999999825e+01
5.259266999999999825e+01
5.378318999999999761e+01
5.382636000000000109e+01
5.383180000000000121e+01
5.390854999999999819e+01
5.395488999999999891e+01
5.398543999999999699e+01
5.533299999999999841e+01
5.540749999999999886e+01
5.545139999999999958e+01
5.550589999999999691e+01
5.550589999999999691e+01
5.551180000000000092e+01
5.551180000000000092e+01
5.552609999999999957e+01
5.804057999999999851e+01
5.804057999999999851e+01
5.809707000000000221e+01
5.809707000000000221e+01
5.978179999999999694e+01
5.995980000000000132e+01
6.005859999999999843e+01
6.005859999999999843e+01
6.005859999999999843e+01
6.083979999999999677e+01
6.096999999999999886e+01
6.098290000000000077e+01
6.100399999999999778e+01
6.107500000000000284e+01
6.108500000000000085e+01
6.163029000000000224e+01
6.163779999999999859e+01
6.169519999999999982e+01
6.170049999999999812e+01
6.170360000000000156e+01
6.170631999999999806e+01
6.246170000000000044e+01
6.251299999999999812e+01
6.258520000000000039e+01
6.297299999999999898e+01
6.441570000000000107e+01
6.441570000000000107e+01
6.729460000000000264e+01
6.729460000000000264e+01
6.737680000000000291e+01
6.737680000000000291e+01
6.812720000000000198e+01
6.855440000000000111e+01
7.023319999999999652e+01
7.028220000000000312e+01
7.028990000000000293e+01
7.028990000000000293e+01
7.038500000000000512e+01
7.038500000000000512e+01
7.185035999999999490e+01
7.185662999999999556e+01
7.399490000000000123e+01
7.408379999999999654e+01
7.412930000000000064e+01
7.447939999999999827e+01
7.586780000000000257e+01
7.594410000000000593e+01
7.602280000000000371e+01
7.604449999999999932e+01
7.611279999999999291e+01
7.620029999999999859e+01
7.707930000000000348e+01
7.710559999999999548e+01
7.745180000000000575e+01
7.753209999999999980e+01
7.797339999999999804e+01
7.798210000000000264e+01
7.799120000000000630e+01
7.799970000000000425e+01
7.877110000000000412e+01
7.901090000000000657e+01
7.901990000000000691e+01
7.919729999999999848e+01
7.966440000000000055e+01
7.966819999999999879e+01
8.021999999999999886e+01
8.022549999999999670e+01
8.042669999999999675e+01
8.048480000000000700e+01
8.052949999999999875e+01
8.058100000000000307e+01
8.327586999999999762e+01
8.329269999999999641e+01
8.333302000000000476e+01
8.337420000000000186e+01
8.344655000000000200e+01
8.350960000000000605e+01
8.352920000000000300e+01
8.778789999999999338e+01
9.096999999999999886e+01
9.096999999999999886e+01
9.096999999999999886e+01
9.212959999999999638e+01
9.213660000000000139e+01
9.220080000000000098e+01
9.233669999999999334e+01
9.234329999999999927e+01
9.351930000000000121e+01
9.486860000000000070e+01
9.486860000000000070e+01
9.486860000000000070e+01
9.717379999999999995e+01
9.717379999999999995e+01
9.717379999999999995e+01
9.764480000000000359e+01
9.887730000000000530e+01
9.902039999999999509e+01
1.025762000000000000e+02
1.025762000000000000e+02
1.025762000000000000e+02
1.027430999999999983e+02
1.027430999999999983e+02
1.039230000000000018e+02
1.040942000000000007e+02
1.074962000000000018e+02
1.083139000000000038e+02
1.085056000000000012e+02
1.086021999999999963e+02
1.128080999999999960e+02
1.129251000000000005e+02
1.130147000000000048e+02
1.131324999999999932e+02
1.131914000000000016e+02
1.132389000000000010e+02
1.132974999999999994e+02
1.142600999999999942e+02
1.142947000000000060e+02
1.143258000000000010e+02
1.143547999999999973e+02
1.147245999999999952e+02
1.148894999999999982e+02
1.152151199999999989e+02
1.153367999999999967e+02
1.154102000000000032e+02
1.200720000000000027e+02
1.201484999999999985e+02
1.201821999999999946e+02
1.202025000000000006e+02
1.203003999999999962e+02
1.256073999999999984e+02
1.257344999999999970e+02
1.258156000000000034e+02
1.259930999999999983e+02
1.261016000000000048e+02
1.275143000000000058e+02
1.286408999999999878e+02
1.289127000000000010e+02
1.289387000000000114e+02
1.302168000000000063e+02
1.304858000000000118e+02
1.306029000000000053e+02
1.315338000000000136e+02
1.315517999999999859e+02
1.316150000000000091e+02
1.317161999999999864e+02
1.318268999999999949e+02
1.319918000000000120e+02
1.320567000000000064e+02
1.320956999999999937e+02
1.321316999999999950e+02
1.322401999999999873e+02
1.323730999999999938e+02
1.338611999999999966e+02
1.342992000000000132e+02
1.343512000000000057e+02
1.371291999999999973e+02
1.373437000000000126e+02
1.373594999999999970e+02
1.376826000000000079e+02
1.392805999999999926e+02
1.396304000000000087e+02
1.433771999999999878e+02
1.435943000000000040e+02
1.439233000000000118e+02
1.476889999999999930e+02
1.502838000000000136e+02
1.503044999999999902e+02
1.504121000000000095e+02
1.506719999999999970e+02
1.559945999999999913e+02
1.560087000000000046e+02
1.563149999999999977e+02
1.563485000000000014e+02
1.564328999999999894e+02
1.564463000000000079e+02
1.578384000000000071e+02
1.590010000000000048e+02
1.591330000000000098e+02
1.593353999999999928e+02
1.593976999999999862e+02
1.594189000000000078e+02
1.616963000000000079e+02
1.632681000000000040e+02
1.636248999999999967e+02
1.637823999999999955e+02
1.639766999999999939e+02
1.639891000000000076e+02
1.640517000000000110e+02
1.643679999999999950e+02
1.644924000000000035e+02
1.650663999999999874e+02
1.651176000000000101e+02
1.652044999999999959e+02
1.653540000000000134e+02
1.655504999999999995e+02
1.664060000000000059e+02
1.667564999999999884e+02
1.667564999999999884e+02
1.668794000000000040e+02
1.669138000000000090e+02
1.675906999999999982e+02
1.676393999999999949e+02
1.677377999999999929e+02
1.677647000000000048e+02
1.683762000000000114e+02
1.684033000000000015e+02
1.691476999999999862e+02
1.691476999999999862e+02
1.696613999999999862e+02
1.707112999999999943e+02
1.707995999999999981e+02
1.709790000000000134e+02
1.710706999999999880e+02
1.712039000000000044e+02
1.713729999999999905e+02
1.714639999999999986e+02
1.714719000000000051e+02
1.715093999999999994e+02
1.715300000000000011e+02
1.745725999999999942e+02
1.745896999999999935e+02
1.751288999999999874e+02
1.751993999999999971e+02
1.760120000000000005e+02
1.760420000000000016e+02
1.763220000000000027e+02
1.764480000000000075e+02
1.767779999999999916e+02
1.768240000000000123e+02
1.771670000000000016e+02
1.773000000000000114e+02
1.773849999999999909e+02
1.779159999999999968e+02
1.780994000000000028e+02
1.781030000000000086e+02
1.784850000000000136e+02
1.786708000000000141e+02
1.789660000000000082e+02
1.799025000000000034e+02
1.799207000000000107e+02
1.805173000000000059e+02
1.807896000000000072e+02
1.821545000000000130e+02
1.824502999999999986e+02
1.827275999999999954e+02
1.827275999999999954e+02
1.829362000000000137e+02
1.830127999999999986e+02
1.833649000000000058e+02
1.835905999999999949e+02
1.848259999999999934e+02
1.856620000000000061e+02
1.872779999999999916e+02
1.872870000000000061e+02
1.874939999999999998e+02
1.882159000000000049e+02
1.882400000000000091e+02
1.884350000000000023e+02
1.885245999999999924e+02
1.886651999999999987e+02
1.889245999999999981e+02
1.893788999999999874e+02
1.920039999999999907e+02
1.920749999999999886e+02
1.921519999999999868e+02
1.923489999999999895e+02
1.923820000000000050e+02
1.926939999999999884e+02
1.957441000000000031e+02
1.958121999999999900e+02
1.960264999999999986e+02
1.962210000000000036e+02
1.963793000000000006e+02
1.964268999999999892e+02
2.013919999999999959e+02
2.017239999999999895e+02
2.020991999999999962e+02
2.022096999999999980e+02
2.023420000000000130e+02
2.023984000000000094e+02
2.024391999999999996e+02
2.026347000000000094e+02
2.027609999999999957e+02
2.027755999999999972e+02
2.028256000000000085e+02
2.046330000000000098e+02
2.053400000000000034e+02
2.072899999999999920e+02
2.073262000000000000e+02
2.074765999999999906e+02
2.075720000000000027e+02
2.075831000000000017e+02
2.093540999999999883e+02
2.100546999999999969e+02
2.100735999999999990e+02
2.100735999999999990e+02
2.101331000000000131e+02
2.101949999999999932e+02
2.102992000000000132e+02
2.104799999999999898e+02
2.123873000000000104e+02
2.132490999999999985e+02
2.132669999999999959e+02
2.148898000000000081e+02
2.148898000000000081e+02
2.183263000000000034e+02
2.191166000000000054e+02
2.196150000000000091e+02
2.216391000000000133e+02
2.219370000000000118e+02
2.250415999999999883e+02
2.253444000000000074e+02
2.260324999999999989e+02
2.263385000000000105e+02
2.284151999999999987e+02
2.285541000000000054e+02
2.291545000000000130e+02
2.294008000000000038e+02
2.301039000000000101e+02
2.303516999999999939e+02
2.308430999999999926e+02
2.308430999999999926e+02
2.313788000000000125e+02
2.313788000000000125e+02
2.316851000000000056e+02
2.317477000000000089e+02
2.317477000000000089e+02
2.320399999999999920e+02
2.322855000000000132e+02
2.325510999999999910e+02
2.326631999999999891e+02
2.328651999999999873e+02
2.340019000000000062e+02
2.365860999999999876e+02
2.376456000000000017e+02
2.391169999999999902e+02
2.395060000000000002e+02
2.399632000000000005e+02
2.399918999999999869e+02
2.403086999999999875e+02
2.407122999999999990e+02
2.408201999999999998e+02
2.412355000000000018e+02
2.412355000000000018e+02
2.415854999999999961e+02
2.419193999999999960e+02
2.423580000000000041e+02
2.426299999999999955e+02
2.432390000000000043e+02
2.434271999999999991e+02
2.435928000000000111e+02
2.436790000000000020e+02
2.438805000000000121e+02
2.439569999999999936e+02
2.442366000000000099e+02
2.444988999999999919e+02
2.446279000000000110e+02
2.450114000000000090e+02
2.450782000000000096e+02
2.455730000000000075e+02
2.494190000000000111e+02
2.494519999999999982e+02
2.508489999999999895e+02
2.509950000000000045e+02
2.518000000000000114e+02
2.518731999999999971e+02
2.523970999999999947e+02
2.527629000000000019e+02
2.531034999999999968e+02
2.558830000000000098e+02
2.572223999999999933e+02
2.576041999999999916e+02
2.688330000000000268e+02
2.696290000000000191e+02
2.716170000000000186e+02
2.719633999999999787e+02
2.734098000000000184e+02
2.748179000000000087e+02
2.781829999999999927e+02
2.783847000000000094e+02
2.787810000000000059e+02
2.790670000000000073e+02
2.790756999999999834e+02
2.797468000000000075e+02
2.797468000000000075e+02
2.803926999999999907e+02
2.809556000000000040e+02
2.837053999999999974e+02
2.837090000000000032e+02
2.885059999999999718e+02
2.885624000000000251e+02
2.888811000000000035e+02
2.892137000000000171e+02
2.892531999999999925e+02
2.893154000000000110e+02
2.893154000000000110e+02
2.898358999999999810e+02
2.901116999999999848e+02
2.905095999999999776e+02
2.905860999999999876e+02
2.907404000000000224e+02
2.909495000000000005e+02
2.909633000000000038e+02
2.911983000000000175e+02
2.912622000000000071e+02
2.916096999999999753e+02
2.916431999999999789e+02
2.922309999999999945e+02
2.942189999999999941e+02
2.942509999999999764e+02
2.960539999999999736e+02
2.965034999999999741e+02
2.966963999999999828e+02
2.973636999999999944e+02
2.979918000000000120e+02
2.981318999999999733e+02
2.984649999999999750e+02
2.991544999999999845e+02
2.996745000000000232e+02
2.996745000000000232e+02
2.996745000000000232e+02
3.002570999999999799e+02
3.003851999999999975e+02
3.006834000000000060e+02
3.006834000000000060e+02
3.007441000000000031e+02
3.007910999999999717e+02
3.007910999999999717e+02
3.008557999999999879e+02
3.008557999999999879e+02
3.009195000000000277e+02
3.010446999999999775e+02
3.012411999999999921e+02
3.012411999999999921e+02
3.013702999999999861e+02
3.013702999999999861e+02
3.014234999999999900e+02
3.015036000000000058e+02
3.015346999999999866e+02
3.016852999999999838e+02
3.018509999999999991e+02
3.021052999999999997e+02
3.024329999999999927e+02
3.026098999999999819e+02
3.026585999999999785e+02
3.027264000000000124e+02
3.027264000000000124e+02
3.028458999999999719e+02
3.028458999999999719e+02
3.028858000000000175e+02
3.029617999999999824e+02
3.032812000000000126e+02
3.032812000000000126e+02
3.032966999999999871e+02
3.033340999999999781e+02
3.037285999999999717e+02
3.040344999999999800e+02
3.040344999999999800e+02
3.043910000000000196e+02
3.044877000000000180e+02
3.047579000000000065e+02
3.048000999999999863e+02
3.048020000000000209e+02
3.060181999999999789e+02
3.060190000000000055e+02
3.064309999999999832e+02
3.072500000000000000e+02
3.082285999999999717e+02
3.091272999999999911e+02
3.092434000000000083e+02
3.098376000000000090e+02
3.103487999999999829e+02
3.104950000000000045e+02
3.108747999999999934e+02
3.114513999999999783e+02
3.122620000000000005e+02
3.123426000000000045e+02
3.124827000000000226e+02
3.130240999999999758e+02
3.133770000000000095e+02
3.135126000000000204e+02
3.135627999999999815e+02
3.139243999999999915e+02
3.140590000000000259e+02
3.145570000000000164e+02
3.148738999999999919e+02
3.156820000000000164e+02
3.168487999999999829e+02
3.169551000000000158e+02
3.170781999999999812e+02
3.170781999999999812e+02
3.188290999999999826e+02
3.193281000000000063e+02
3.193983999999999810e+02
3.198570000000000277e+02
3.201612999999999829e+02
3.210590000000000259e+02
3.216806000000000267e+02
3.217547000000000139e+02
3.218844000000000278e+02
3.239499999999999886e+02
3.261920000000000073e+02
3.266399999999999864e+02
3.268249999999999886e+02
3.271798000000000002e+02
3.274379999999999882e+02
3.276566000000000258e+02
3.278510999999999740e+02
3.285962000000000103e+02
3.288419000000000096e+02
3.290928999999999860e+02
3.295941000000000258e+02
3.302357999999999834e+02
3.305955999999999904e+02
3.307400999999999840e+02
3.313249999999999886e+02
3.341700000000000159e+02
3.349039999999999964e+02
3.350070000000000050e+02
3.355230000000000246e+02
3.361071000000000026e+02
3.361245000000000118e+02
3.367672999999999774e+02
3.371247000000000185e+02
3.372651000000000181e+02
3.375045999999999822e+02
3.375867999999999824e+02
3.376370000000000005e+02
3.376551000000000045e+02
3.376575000000000273e+02
3.377405999999999722e+02
3.378115999999999985e+02
3.379030000000000200e+02
3.382169999999999845e+02
3.386490000000000009e+02
3.391182000000000016e+02
3.397760000000000105e+02
3.404499999999999886e+02
3.408251000000000204e+02
3.410640000000000214e+02
3.410688000000000102e+02
3.412669999999999959e+02
3.414619999999999891e+02
3.420822000000000003e+02
3.421551999999999794e+02
3.429492000000000189e+02
3.438129000000000133e+02
3.445090000000000146e+02
3.448849000000000160e+02
3.454082999999999970e+02
3.455726000000000226e+02
3.456075000000000159e+02
3.456109999999999900e+02
3.458910999999999945e+02
3.459927000000000135e+02
3.460978999999999814e+02
3.469413999999999874e+02
3.471274999999999977e+02
3.471669999999999732e+02
3.472395999999999958e+02
3.475921000000000163e+02
3.479214999999999804e+02
3.489171000000000049e+02
3.489255999999999744e+02
3.490830000000000268e+02
3.493240000000000123e+02
3.495489999999999782e+02
3.496234999999999786e+02
3.497275999999999954e+02
3.498772000000000162e+02
3.502671000000000276e+02
3.506841999999999757e+02
3.508419000000000096e+02
3.512658999999999878e+02
3.515828000000000202e+02
3.517031999999999812e+02
3.517799999999999727e+02
3.518312999999999988e+02
3.534014000000000237e+02
3.540210999999999899e+02
3.544511999999999716e+02
3.546057000000000130e+02
3.547225000000000250e+02
3.550104999999999791e+02
3.551870999999999867e+02
3.561410000000000196e+02
3.564350000000000023e+02
3.567586000000000013e+02
3.575858999999999810e+02
3.582509000000000015e+02
3.606152000000000157e+02
3.606558999999999742e+02
3.647599000000000160e+02
3.663544999999999732e+02
3.668947999999999752e+02
3.670516999999999825e+02
3.684375000000000000e+02
3.699750000000000227e+02
3.703799999999999955e+02
3.704420000000000073e+02
3.708290000000000077e+02
3.713797000000000139e+02
3.716139999999999759e+02
3.726990000000000123e+02
3.728380000000000223e+02
3.730090000000000146e+02
3.730285999999999831e+02
3.736845999999999890e+02
3.737909999999999968e+02
3.740824999999999818e+02
3.742703000000000202e+02
3.745059999999999718e+02
3.745950000000000273e+02
3.749945999999999913e+02
3.750552000000000135e+02
3.755740000000000123e+02
3.758279999999999745e+02
3.760939999999999941e+02
3.762468999999999824e+02
3.763534000000000219e+02
3.778494000000000028e+02
3.792339999999999804e+02
3.795437999999999761e+02
3.803111000000000104e+02
3.804064999999999941e+02
3.814787999999999784e+02
3.822622000000000071e+02
3.824490000000000123e+02
3.831376999999999953e+02
3.834160999999999717e+02
3.836942999999999984e+02
3.843904999999999745e+02
3.844676999999999794e+02
3.848983000000000061e+02
3.851888999999999896e+02
3.852124000000000024e+02
3.852563000000000102e+02
3.853475000000000250e+02
3.857226999999999748e+02
3.858260000000000218e+02
3.864596999999999980e+02
3.865221000000000231e+02
3.865522000000000276e+02
3.865763000000000034e+02
3.873537000000000035e+02
3.875190000000000055e+02
3.876895000000000095e+02
3.883292000000000144e+02
3.883546000000000049e+02
3.884230000000000018e+02
3.894619000000000142e+02
3.897407999999999788e+02
3.908562000000000012e+02
3.913065000000000282e+02
3.913215000000000146e+02
3.918645999999999958e+02
3.920394999999999754e+02
3.927696000000000254e+02
3.946154099999999971e+02
3.948410000000000082e+02
3.948600000000000136e+02
3.948709999999999809e+02
3.955480999999999767e+02
3.955729999999999791e+02
3.962710000000000150e+02
3.973188999999999851e+02
3.974380199999999945e+02
3.975944999999999823e+02
3.983840500000000020e+02
3.986544999999999845e+02
3.993885999999999967e+02
4.008595000000000255e+02
4.024995000000000118e+02
4.027450000000000045e+02
4.033387000000000171e+02
4.033621999999999730e+02
4.034295000000000186e+02
4.036207999999999743e+02
4.036600999999999999e+02
4.042431000000000267e+02
4.043093000000000075e+02
4.046084999999999923e+02
4.047255999999999858e+02
4.048942000000000121e+02
4.049357999999999720e+02
4.055226000000000113e+02
4.055226000000000113e+02
4.055226000000000113e+02
4.055672999999999888e+02
4.055672999999999888e+02
4.061745999999999981e+02
4.061745999999999981e+02
4.062174999999999727e+02
4.064082999999999970e+02
4.066191999999999780e+02
4.070772000000000048e+02
4.071034999999999968e+02
4.072382999999999811e+02
4.073306999999999789e+02
4.077013000000000034e+02
4.078865999999999872e+02
4.079993999999999801e+02
4.085047999999999888e+02
4.085804999999999723e+02
4.086265700000000152e+02
4.088306000000000040e+02
4.089422000000000139e+02
4.090441999999999894e+02
4.094084199999999782e+02
4.095296000000000163e+02
4.096800000000000068e+02
4.097343999999999937e+02
4.097681000000000040e+02
4.098084999999999809e+02
4.098414000000000215e+02
4.098414000000000215e+02
4.099399999999999977e+02
4.104159000000000219e+02
4.105881499999999846e+02
4.106150999999999840e+02
4.107178000000000111e+02
4.108249999999999886e+02
4.108491999999999962e+02
4.109911999999999921e+02
4.110446999999999775e+02
4.110998999999999910e+02
4.111358000000000175e+02
4.111945799999999736e+02
4.113181999999999903e+02
4.114995999999999867e+02
4.115663000000000125e+02
4.120376999999999725e+02
4.121442000000000121e+02
4.121707000000000107e+02
4.122624599999999759e+02
4.125149999999999864e+02
4.130486000000000217e+02
4.133966100000000097e+02
4.141870999999999867e+02
4.143100999999999772e+02
4.143233000000000175e+02
4.143435999999999808e+02
4.144492000000000189e+02
4.144685000000000059e+02
4.144904999999999973e+02
4.146868000000000052e+02
4.147076000000000136e+02
4.147244999999999777e+02
4.154469100000000026e+02
4.157701999999999884e+02
4.170400000000000205e+02
4.186628999999999792e+02
4.190969999999999800e+02
4.193698999999999728e+02
4.197441999999999780e+02
4.197882999999999925e+02
4.222891999999999939e+02
4.225985999999999763e+02
4.234460000000000264e+02
4.239123000000000161e+02
4.246714000000000055e+02
4.255092000000000212e+02
4.255319000000000074e+02
4.258747000000000185e+02
4.274307000000000016e+02
4.275443000000000211e+02
4.276754000000000246e+02
4.277196999999999889e+02
4.277484000000000037e+02
4.277952000000000226e+02
4.278630999999999744e+02
4.278630999999999744e+02
4.278910000000000196e+02
4.279096000000000117e+02
4.280360000000000014e+02
4.282522999999999911e+02
4.284168999999999983e+02
4.284454000000000065e+02
4.284932000000000016e+02
4.285206999999999766e+02
4.285599000000000274e+02
4.286893000000000029e+02
4.288940000000000055e+02
4.290027000000000044e+02
4.290027000000000044e+02
4.292461000000000126e+02
4.293063999999999965e+02
4.293419000000000096e+02
4.294162000000000035e+02
4.295989000000000146e+02
4.304067999999999756e+02
4.304067999999999756e+02
4.304279999999999973e+02
4.304820000000000277e+02
4.305036000000000058e+02
4.306600999999999999e+02
4.307176000000000045e+02
4.307176000000000045e+02
4.307565000000000168e+02
4.308444999999999823e+02
4.310210999999999899e+02
4.310210999999999899e+02
4.313319999999999936e+02
4.314655000000000200e+02
4.316607000000000198e+02
4.316607000000000198e+02
4.317042000000000144e+02
4.318351999999999862e+02
4.318913999999999760e+02
4.320844000000000165e+02
4.323661000000000172e+02
4.326005999999999858e+02
4.326974000000000160e+02
4.328682000000000016e+02
4.329067999999999756e+02
4.329802999999999997e+02
4.332393999999999892e+02
4.332685999999999922e+02
4.333079999999999927e+02
4.333924999999999841e+02
4.335248000000000275e+02
4.335405000000000086e+02
4.336580999999999904e+02
4.338081000000000245e+02
4.341548000000000229e+02
4.343224999999999909e+02
4.344033999999999764e+02
4.344033999999999764e+02
4.344422999999999888e+02
4.344422999999999888e+02
4.345595999999999890e+02
4.346179000000000201e+02
4.346782000000000039e+02
4.347380999999999744e+02
4.348444999999999823e+02
4.348444999999999823e+02
4.348641999999999825e+02
4.350649000000000228e+02
4.352484999999999786e+02
4.354818000000000211e+02
4.355402000000000271e+02
4.358476999999999748e+02
4.358476999999999748e+02
4.358476999999999748e+02
4.359676000000000045e+02
4.360616999999999734e+02
4.367756999999999721e+02
4.368118999999999801e+02
4.369479999999999791e+02
4.370502999999999929e+02
4.372846000000000117e+02
4.375523999999999774e+02
4.379257000000000062e+02
4.379657000000000266e+02
4.379657000000000266e+02
4.397176999999999794e+02
4.399089999999999918e+02
4.406186999999999898e+02
4.407225000000000250e+02
4.416145000000000209e+02
4.418213999999999828e+02
4.436750999999999863e+02
4.444254000000000246e+02
4.444762999999999806e+02
4.448057000000000016e+02
4.448057000000000016e+02
4.448922000000000025e+02
4.449434999999999718e+02
4.453625000000000114e+02
4.466669999999999732e+02
4.467493999999999801e+02
4.467667999999999893e+02
4.468729000000000156e+02
4.469175000000000182e+02
4.470627000000000066e+02
4.479159999999999968e+02
4.488974999999999795e+02
4.489454999999999814e+02
4.489454999999999814e+02
4.490722000000000094e+02
4.492486999999999853e+02
4.564456999999999880e+02
4.592257999999999925e+02
4.597248000000000161e+02
4.597463000000000193e+02
4.603417000000000030e+02
4.604517999999999915e+02
4.610733000000000175e+02
4.611494000000000142e+02
4.612361999999999966e+02
4.614429000000000087e+02
4.614972999999999956e+02
4.622565999999999917e+02
4.640153999999999996e+02
4.643110199999999850e+02
4.644685999999999808e+02
4.649103999999999814e+02
4.649103999999999814e+02
4.650436500000000137e+02
4.652141599999999926e+02
4.662938199999999824e+02
4.670572999999999979e+02
4.670733999999999924e+02
4.675040399999999750e+02
4.677543900000000008e+02
4.678376999999999839e+02
4.681893000000000029e+02
4.692208999999999719e+02
4.692728999999999928e+02
4.694508000000000152e+02
4.697660999999999945e+02
4.697660999999999945e+02
4.699760999999999740e+02
4.700317999999999756e+02
4.700534999999999854e+02
4.702500000000000000e+02
4.703023999999999774e+02
4.704479000000000042e+02
4.706668999999999983e+02
4.708801000000000272e+02
4.709128000000000043e+02
4.711329999999999814e+02
4.743032999999999788e+02
4.752599999999999909e+02
4.754010000000000105e+02
4.775117000000000189e+02
4.775394000000000005e+02
4.844719000000000051e+02
4.846267000000000280e+02
4.857751999999999839e+02
4.858115000000000236e+02
4.862325999999999908e+02
4.866238000000000170e+02
4.872880999999999858e+02
4.873365999999999758e+02
4.892223999999999933e+02
4.908202999999999747e+02
4.925905999999999949e+02
4.931650000000000205e+02
4.942447999999999979e+02
4.944379000000000133e+02
4.957087999999999965e+02
5.043381999999999721e+02
5.072214000000000169e+02
5.092339000000000055e+02
5.111723999999999819e+02
5.161378999999999451e+02
5.177337999999999738e+02
5.191941000000000486e+02
5.208099999999999454e+02
5.324006000000000540e+02
5.330579999999999927e+02
5.330579999999999927e+02
5.331159999999999854e+02
5.332219999999999800e+02
5.345589999999999691e+02
5.375845000000000482e+02
5.379062999999999874e+02
5.380847999999999729e+02
5.383268000000000484e+02
5.394109999999999445e+02
5.410706999999999880e+02
5.417278000000000020e+02
5.425146999999999480e+02
5.436689999999999827e+02
5.437290000000000418e+02
5.438369999999999891e+02
5.462558000000000220e+02
5.584782000000000153e+02
5.593920000000000528e+02
5.599460000000000264e+02
5.612618999999999687e+02
5.615030000000000427e+02
5.755512999999999693e+02
5.762605999999999540e+02
5.785392000000000507e+02
5.785392000000000507e+02
5.811853999999999587e+02
5.847853000000000065e+02
5.904714000000000169e+02
5.960040000000000191e+02
5.960040000000000191e+02
5.960230000000000246e+02
5.960230000000000246e+02
5.960230000000000246e+02
5.996939999999999600e+02
6.047899999999999636e+02
6.048110000000000355e+02
6.048160000000000309e+02
6.082907999999999902e+02
6.105076000000000249e+02
6.107960000000000491e+02
6.114678999999999860e+02
6.154269000000000460e+02
6.157680000000000291e+02
6.158469999999999800e+02
6.159880000000000564e+02
6.199637000000000171e+02
6.215969000000000051e+02
6.258559999999999945e+02
6.263279999999999745e+02
6.359719000000000051e+02
6.368099999999999454e+02
6.376079999999999472e+02
6.455380000000000109e+02
6.456219999999999573e+02
6.457759999999999536e+02
6.458831000000000131e+02
6.459591000000000349e+02
6.459591000000000349e+02
6.459591000000000349e+02
6.473211999999999762e+02
6.473211999999999762e+02
6.475679999999999836e+02
6.477063000000000557e+02
6.479700000000000273e+02
6.485770999999999731e+02
6.486884999999999764e+02
6.488252999999999702e+02
6.493718000000000075e+02
6.497596999999999525e+02
6.497596999999999525e+02
6.500212000000000216e+02
6.502039999999999509e+02
6.502623999999999569e+02
6.503206000000000131e+02
6.503984000000000378e+02
6.504247000000000298e+02
6.507825000000000273e+02
6.511509999999999536e+02
6.512421000000000504e+02
6.512550999999999704e+02
6.537634000000000469e+02
6.539362999999999602e+02
6.541176000000000386e+02
6.551952999999999747e+02
6.552408000000000357e+02
6.553567000000000462e+02
6.556430000000000291e+02
6.557655999999999494e+02
6.557879000000000360e+02
6.557879000000000360e+02
6.557879000000000360e+02
6.560872000000000526e+02
6.562181000000000495e+02
6.562181000000000495e+02
6.567096999999999980e+02
6.572915000000000418e+02
6.590825999999999567e+02
6.606730000000000018e+02
6.629215000000000373e+02
6.642888000000000375e+02
6.648184999999999718e+02
6.654400000000000546e+02
6.655670000000000073e+02
6.668508000000000493e+02
6.679705999999999904e+02
6.719605999999999995e+02
6.723253999999999451e+02
6.776843000000000075e+02
6.848701999999999543e+02
6.871380000000000337e+02
6.886811000000000149e+02
6.897010999999999967e+02
6.908347999999999729e+02
6.909778000000000020e+02
6.912468000000000075e+02
6.924265000000000327e+02
6.937931999999999562e+02
7.003849999999999909e+02
7.004160000000000537e+02
7.085928000000000111e+02
7.112042999999999893e+02
7.130850000000000364e+02
7.146446999999999434e+02
7.153057999999999765e+02
7.158062999999999647e+02
7.158669999999999618e+02
7.169809000000000196e+02
7.184071000000000140e+02
7.204190999999999576e+02
7.231133999999999560e+02
7.254715999999999667e+02
7.256150000000000091e+02
7.256449999999999818e+02
7.256530000000000200e+02
7.261281999999999925e+02
7.269633000000000038e+02
7.279442999999999984e+02
7.280262999999999920e+02
7.282263000000000375e+02
7.289901999999999589e+02
7.294138000000000375e+02
7.294971000000000458e+02
7.298319999999999936e+02
7.300122999999999820e+02
7.306182000000000016e+02
7.315128999999999451e+02
7.321002999999999474e+02
7.348391000000000304e+02
7.348918999999999642e+02
7.357387999999999693e+02
7.363674999999999500e+02
7.365073999999999614e+02
7.366964000000000397e+02
7.369723999999999933e+02
7.371046999999999798e+02
7.377018000000000484e+02
7.383151000000000295e+02
7.385778000000000247e+02
7.389358999999999469e+02
7.409380999999999631e+02
7.409860999999999649e+02
7.440188000000000557e+02
7.478500000000000227e+02
7.479299999999999500e+02
7.481140000000000327e+02
7.482730000000000246e+02
7.529084000000000287e+02
7.532694000000000187e+02
7.556852000000000089e+02
7.567564999999999600e+02
7.600345999999999549e+02
7.601307000000000471e+02
7.604903000000000475e+02
7.629560000000000173e+02
7.630567999999999529e+02
7.650710000000000264e+02
7.651662999999999784e+02
7.679057000000000244e+02
7.708869999999999436e+02
7.774080000000000155e+02
7.776309999999999718e+02
7.777530000000000427e+02
7.888440000000000509e+02
7.896780999999999722e+02
7.900625000000000000e+02
7.945330000000000155e+02
7.949360000000000355e+02
7.949740000000000464e+02
7.952989999999999782e+02
7.954349999999999454e+02
7.984139999999999873e+02
7.984600000000000364e+02
7.989180000000000064e+02
7.989529999999999745e+02
7.997269999999999754e+02
8.015361000000000331e+02
8.224080000000000155e+02
8.229909999999999854e+02
8.232279999999999518e+02
8.235259999999999536e+02
8.237609999999999673e+02
8.378143000000000029e+02
8.405679000000000087e+02
8.428479999999999563e+02
8.448569999999999709e+02
8.448680000000000518e+02
8.449080000000000155e+02
8.615684999999999718e+02
8.688473999999999933e+02
8.689538999999999760e+02
8.701174999999999500e+02
8.709438999999999851e+02
8.710905000000000200e+02
8.764433999999999969e+02
8.768916000000000395e+02
8.786699999999999591e+02
8.791240999999999985e+02
8.822849999999999682e+02
8.849937999999999647e+02
8.859478000000000293e+02
8.864299999999999500e+02
8.888753000000000384e+02
9.000094000000000278e+02
9.000349999999999682e+02
9.052730000000000246e+02
9.059500000000000455e+02
9.080800000000000409e+02
9.107450000000000045e+02
9.113630000000000564e+02
9.113630000000000564e+02
9.120789999999999509e+02
9.137219999999999800e+02
9.152649999999999864e+02
9.153990000000000009e+02
9.158519999999999754e+02
9.202219999999999800e+02
9.238759999999999764e+02
9.241180000000000518e+02
9.263350000000000364e+02
9.263379999999999654e+02
9.263479999999999563e+02
9.265119999999999436e+02
9.265209999999999582e+02
9.265309999999999491e+02
9.268479999999999563e+02
9.268550000000000182e+02
9.309099999999999682e+02
9.319679999999999609e+02
9.401770000000000209e+02
9.420299999999999727e+02
9.424070000000000391e+02
9.460499999999999545e+02
9.483759999999999764e+02
9.485480000000000018e+02
9.490030000000000427e+02
9.493390000000000555e+02
9.495309999999999491e+02
9.500579999999999927e+02
9.501910000000000309e+02
9.508200000000000500e+02
9.524569999999999936e+02
9.525969999999999800e+02
9.526570000000000391e+02
9.530890000000000555e+02
9.556369999999999436e+02
9.556369999999999436e+02
9.559080000000000155e+02
9.597169999999999845e+02
9.614439999999999600e+02
9.624769999999999754e+02
9.627930000000000064e+02
9.651050000000000182e+02
9.680030000000000427e+02
9.697319999999999709e+02
9.697569999999999482e+02
9.744170000000000300e+02
9.761209999999999809e+02
9.763329999999999700e+02
9.807300000000000182e+02
9.809049999999999727e+02
9.809420000000000073e+02
9.893830000000000382e+02
9.896870000000000118e+02
9.898300000000000409e+02
9.904009999999999536e+02
9.904009999999999536e+02
9.904009999999999536e+02
9.906180000000000518e+02
9.911770000000000209e+02
9.932670000000000528e+02
9.932670000000000528e+02
9.936209999999999809e+02
9.939180000000000064e+02
9.939700000000000273e+02
9.940660000000000309e+02
9.940660000000000309e+02
9.940660000000000309e+02
9.943139999999999645e+02
9.953490000000000464e+02
9.959460000000000264e+02
9.962200000000000273e+02
9.965349999999999682e+02
9.985170000000000528e+02
9.991280000000000427e+02
9.992480000000000473e+02
9.993010000000000446e+02
9.993010000000000446e+02
9.994180000000000064e+02
9.998049999999999500e+02
1.001163000000000011e+03
1.001360999999999990e+03
1.003563999999999965e+03
1.005929999999999950e+03
1.006283999999999992e+03
1.007655999999999949e+03
1.008071000000000026e+03
1.010024999999999977e+03
1.010134999999999991e+03
1.010395999999999958e+03
1.010448999999999955e+03
1.010886999999999944e+03
1.011039999999999964e+03
1.011039999999999964e+03
1.011039999999999964e+03
1.011313999999999965e+03
1.011676000000000045e+03
1.011966999999999985e+03
1.012047000000000025e+03
1.012172000000000025e+03
1.017034999999999968e+03
1.027040999999999940e+03
1.027467000000000098e+03
1.033048999999999978e+03
1.042403999999999996e+03
1.044508000000000038e+03
1.044792999999999893e+03
1.112290999999999940e+03
1.128942999999999984e+03
1.129000000000000000e+03
1.129010999999999967e+03
1.129040999999999940e+03
1.129818999999999960e+03
1.130076999999999998e+03
1.130547000000000025e+03
1.136180000000000064e+03
1.136573000000000093e+03
1.166625000000000000e+03
1.246742999999999938e+03
1.246742999999999938e+03
1.246742999999999938e+03
1.257347999999999956e+03
1.257347999999999956e+03
1.299432000000000016e+03
1.308048999999999978e+03
1.316749000000000024e+03
1.316845000000000027e+03
1.316871000000000095e+03
1.621648999999999887e+03
1.797161000000000058e+03
1.802613000000000056e+03
1.802613000000000056e+03
1.802613000000000056e+03
1.804641000000000076e+03
1.804711999999999989e+03
1.805115999999999985e+03
1.823421000000000049e+03
1.824861000000000104e+03
1.824861000000000104e+03
2.618070000000000164e+03
