3.674000000000000199e+01
3.725300000000000011e+01
3.878699999999999903e+01
3.943800000000000239e+01
4.246399999999999864e+01
4.310300000000000153e+01
4.365999999999999659e+01
4.384700000000000131e+01
4.389099999999999824e+01
4.534499999999999886e+01
4.617000000000000171e+01
4.753600000000000136e+01
4.783500000000000085e+01
4.961999999999999744e+01
4.963799999999999812e+01
4.999399999999999977e+01
5.150699999999999790e+01
5.297800000000000153e+01
5.701599999999999824e+01
5.739000000000000057e+01
5.845199999999999818e+01
6.484999999999999432e+01
6.560999999999999943e+01
6.944199999999999307e+01
6.962000000000000455e+01
7.037300000000000466e+01
7.062900000000000489e+01
7.076600000000000534e+01
7.308499999999999375e+01
7.494599999999999795e+01
7.525199999999999534e+01
7.557999999999999829e+01
7.610899999999999466e+01
7.627599999999999625e+01
7.658700000000000330e+01
7.674500000000000455e+01
7.694899999999999807e+01
7.714199999999999591e+01
7.827899999999999636e+01
7.870499999999999829e+01
7.970199999999999818e+01
7.998000000000000398e+01
8.020699999999999363e+01
8.028199999999999648e+01
8.096299999999999386e+01
8.123199999999999932e+01
8.125900000000000034e+01
8.140999999999999659e+01
8.200900000000000034e+01
8.220699999999999363e+01
8.255200000000000671e+01
8.274099999999999966e+01
8.293200000000000216e+01
8.326000000000000512e+01
8.409900000000000375e+01
8.428799999999999670e+01
8.459399999999999409e+01
8.460399999999999920e+01
8.498799999999999955e+01
8.519799999999999329e+01
8.555700000000000216e+01
8.576399999999999579e+01
8.590200000000000102e+01
8.623300000000000409e+01
8.629999999999999716e+01
8.639700000000000557e+01
8.670999999999999375e+01
8.704399999999999693e+01
8.737099999999999511e+01
8.779600000000000648e+01
8.799599999999999511e+01
8.803499999999999659e+01
8.804999999999999716e+01
8.839000000000000057e+01
8.849599999999999511e+01
8.849899999999999523e+01
8.883700000000000330e+01
8.896800000000000352e+01
8.907200000000000273e+01
8.943999999999999773e+01
8.960800000000000409e+01
8.962999999999999545e+01
9.085099999999999909e+01
9.150900000000000034e+01
9.157099999999999795e+01
9.179000000000000625e+01
9.180899999999999750e+01
9.202800000000000580e+01
9.206600000000000250e+01
9.221200000000000330e+01
9.224899999999999523e+01
9.245199999999999818e+01
9.264400000000000546e+01
9.276399999999999579e+01
9.321999999999999886e+01
9.370000000000000284e+01
9.407399999999999807e+01
9.462000000000000455e+01
9.509300000000000352e+01
9.528499999999999659e+01
9.543500000000000227e+01
9.549500000000000455e+01
9.552800000000000580e+01
9.587600000000000477e+01
9.602100000000000080e+01
9.610099999999999909e+01
9.643800000000000239e+01
9.653600000000000136e+01
9.672299999999999898e+01
9.725600000000000023e+01
9.821699999999999875e+01
9.867100000000000648e+01
9.891400000000000148e+01
9.958899999999999864e+01
1.001809999999999974e+02
1.005420000000000016e+02
1.012439999999999998e+02
1.016610000000000014e+02
1.028610000000000042e+02
1.030499999999999972e+02
1.032049999999999983e+02
1.041239999999999952e+02
1.044140000000000015e+02
1.048900000000000006e+02
1.049819999999999993e+02
1.050769999999999982e+02
1.051260000000000048e+02
1.056530000000000058e+02
1.059260000000000019e+02
1.060660000000000025e+02
1.065580000000000069e+02
1.069200000000000017e+02
1.072090000000000032e+02
1.074699999999999989e+02
1.079879999999999995e+02
1.080810000000000031e+02
1.084170000000000016e+02
1.088859999999999957e+02
1.089939999999999998e+02
1.096520000000000010e+02
1.099470000000000027e+02
1.103940000000000055e+02
1.104789999999999992e+02
1.108430000000000035e+02
1.109839999999999947e+02
1.115300000000000011e+02
1.116080000000000041e+02
1.118670000000000044e+02
1.119569999999999936e+02
1.121329999999999956e+02
1.121359999999999957e+02
1.133139999999999930e+02
1.137500000000000000e+02
1.137840000000000060e+02
1.142770000000000010e+02
1.144929999999999950e+02
1.145909999999999940e+02
1.152360000000000042e+02
1.157879999999999967e+02
1.167000000000000028e+02
1.185430000000000064e+02
1.189950000000000045e+02
1.203629999999999995e+02
1.231200000000000045e+02
1.233499999999999943e+02
1.248469999999999942e+02
1.250600000000000023e+02
1.266899999999999977e+02
1.267549999999999955e+02
1.290819999999999936e+02
1.291100000000000136e+02
1.313050000000000068e+02
1.323919999999999959e+02
1.331649999999999920e+02
1.335200000000000102e+02
1.343060000000000116e+02
1.348369999999999891e+02
1.388940000000000055e+02
1.397019999999999982e+02
1.400260000000000105e+02
1.404339999999999975e+02
1.433959999999999866e+02
1.449350000000000023e+02
1.510759999999999934e+02
1.512419999999999902e+02
1.535709999999999980e+02
1.553100000000000023e+02
1.610099999999999909e+02
1.635749999999999886e+02
1.671529999999999916e+02
1.682150000000000034e+02
1.711229999999999905e+02
1.726750000000000114e+02
1.740003000000000100e+02
1.766637000000000057e+02
1.794671999999999912e+02
1.796670000000000016e+02
1.798389999999999986e+02
1.802870000000000061e+02
1.812968999999999937e+02
1.822050000000000125e+02
1.843000000000000114e+02
1.868763999999999896e+02
1.888669999999999902e+02
1.893189999999999884e+02
1.897019999999999982e+02
1.904771000000000072e+02
1.914329999999999927e+02
1.919739999999999895e+02
1.921470999999999947e+02
1.957959999999999923e+02
1.959339999999999975e+02
1.972438999999999965e+02
1.973160000000000025e+02
1.977876100000000008e+02
1.991604000000000099e+02
1.992314000000000078e+02
1.998580000000000041e+02
1.998830000000000098e+02
2.022668099999999924e+02
2.043240000000000123e+02
2.050000000000000000e+02
2.051537199999999928e+02
2.053941299999999899e+02
2.079110000000000014e+02
2.079879999999999995e+02
2.112427000000000135e+02
2.115735899999999958e+02
2.143230000000000075e+02
2.152640000000000100e+02
2.154689999999999941e+02
2.168650000000000091e+02
2.170685400000000129e+02
2.176261900000000082e+02
2.178139999999999930e+02
2.188572479999999985e+02
2.190287299999999959e+02
2.204222000000000037e+02
2.238119499999999960e+02
2.247552599999999927e+02
2.247589000000000112e+02
2.259710000000000036e+02
2.277359999999999900e+02
2.302199999999999989e+02
2.333133180000000095e+02
2.360250000000000057e+02
2.389525490000000048e+02
2.394521499999999889e+02
2.400327120000000036e+02
2.402670669999999973e+02
2.412467000000000041e+02
2.418340000000000032e+02
2.425550000000000068e+02
2.444569480000000112e+02
2.446921979999999905e+02
2.477125709999999970e+02
2.527450000000000045e+02
2.577370000000000232e+02
2.578031310000000076e+02
2.609159999999999968e+02
2.614435199999999782e+02
2.614955100000000243e+02
2.629046119999999860e+02
2.635040999999999940e+02
2.657884399999999800e+02
2.663945699999999874e+02
2.698340969999999857e+02
2.802821099999999888e+02
2.823412999999999897e+02
2.824020300000000248e+02
2.833886800000000221e+02
2.841392000000000166e+02
2.865079999999999814e+02
2.865339999999999918e+02
2.874154300000000148e+02
2.888149999999999977e+02
2.915294999999999845e+02
2.948290000000000077e+02
2.949390000000000214e+02
2.967325799999999845e+02
2.973858999999999924e+02
2.979010000000000105e+02
2.981026499999999828e+02
2.987746999999999957e+02
3.017269999999999754e+02
3.044739999999999895e+02
3.053450000000000273e+02
3.089979999999999905e+02
3.103639999999999759e+02
3.119798499999999990e+02
3.138720000000000141e+02
3.177420000000000186e+02
3.221458299999999895e+02
3.222099999999999795e+02
3.230545099999999934e+02
3.241121499999999855e+02
3.243779999999999859e+02
3.263295899999999961e+02
3.531179999999999950e+02
3.573749300000000062e+02
3.590889999999999986e+02
3.640604999999999905e+02
3.672536900000000060e+02
3.684511200000000031e+02
3.690360000000000014e+02
3.707069999999999936e+02
3.715038999999999874e+02
3.729750000000000227e+02
3.740998599999999783e+02
3.855169999999999959e+02
3.953039999999999736e+02
3.963600000000000136e+02
4.020768199999999979e+02
4.032300000000000182e+02
4.050939999999999941e+02
4.058952800000000138e+02
4.063283200000000193e+02
4.095699999999999932e+02
4.111920000000000073e+02
4.114510000000000218e+02
4.129270000000000209e+02
4.153990000000000009e+02
4.158986699999999814e+02
4.169207799999999793e+02
4.243330000000000268e+02
4.246120000000000232e+02
4.273860000000000241e+02
4.295029999999999859e+02
4.297860000000000014e+02
4.341632829999999785e+02
4.353960000000000150e+02
4.387690000000000055e+02
4.497409999999999854e+02
4.500600000000000023e+02
4.535869999999999891e+02
4.572490000000000236e+02
4.580333999999999719e+02
4.583550000000000182e+02
4.597740000000000009e+02
4.606689999999999827e+02
4.762450000000000045e+02
4.799929999999999950e+02
4.810699999999999932e+02
4.828210000000000264e+02
4.856419999999999959e+02
5.006812639999999988e+02
5.007968900000000190e+02
5.043990000000000009e+02
5.066530000000000200e+02
5.071990000000000123e+02
5.075939999999999941e+02
5.077767000000000053e+02
5.090902120000000082e+02
5.091426999999999907e+02
5.108665599999999927e+02
5.113059999999999832e+02
5.193010000000000446e+02
5.202885489999999891e+02
5.369130000000000109e+02
5.373592999999999620e+02
5.525499999999999545e+02
5.545789999999999509e+02
5.610410000000000537e+02
5.693925900000000411e+02
5.781009999999999991e+02
5.859579999999999700e+02
5.897258299999999736e+02
5.916180000000000518e+02
6.003524700000000394e+02
6.011240000000000236e+02
6.013331600000000208e+02
6.042839999999999918e+02
6.061033300000000281e+02
6.077419999999999618e+02
6.083093000000000075e+02
6.112211700000000292e+02
6.161589999999999918e+02
6.236990500000000566e+02
6.652830000000000155e+02
6.662039999999999509e+02
6.755059999999999718e+02
6.894012000000000171e+02
7.130906999999999698e+02
7.195579999999999927e+02
7.230957499999999527e+02
7.306695999999999458e+02
7.348699599999999919e+02
7.561050000000000182e+02
7.634660000000000082e+02
7.735090000000000146e+02
7.811407400000000507e+02
7.820119999999999436e+02
7.831162000000000489e+02
7.898909499999999753e+02
8.159149999999999636e+02
8.170246700000000146e+02
8.194137600000000248e+02
8.219969800000000077e+02
8.257875999999999976e+02
8.274963800000000447e+02
8.337830000000000155e+02
8.397989999999999782e+02
8.411694899999999961e+02
8.480821799999999939e+02
8.534515999999999849e+02
8.547300000000000182e+02
8.712290000000000418e+02
8.721779999999999973e+02
8.725205799999999954e+02
8.859888799999999947e+02
9.053300000000000409e+02
9.065919999999999845e+02
9.133165000000000191e+02
9.139506000000000085e+02
9.247820000000000391e+02
9.296026600000000144e+02
9.386924000000000206e+02
9.388464000000000169e+02
9.440637000000000398e+02
9.606930899999999838e+02
9.611363000000000056e+02
9.677004600000000210e+02
1.009183400000000006e+03
1.029327870000000075e+03
1.043718000000000075e+03
1.050184169999999995e+03
1.065216619999999921e+03
1.076235699999999952e+03
1.076269099999999980e+03
1.088966959999999972e+03
1.097253400000000056e+03
1.102287299999999959e+03
1.106224799999999959e+03
1.108214099999999917e+03
1.133618699999999990e+03
1.148262999999999920e+03
1.149190200000000004e+03
1.163108999999999924e+03
1.256480700000000070e+03
1.349900000000000091e+03
1.350190000000000055e+03
1.351630000000000109e+03
1.472680000000000064e+03
1.474609999999999900e+03
1.474700000000000045e+03
1.531900000000000091e+03
1.533180000000000064e+03
1.533519999999999982e+03
1.533519999999999982e+03
1.535380000000000109e+03
3.884170000000000073e+03
3.896070000000000164e+03
3.896920000000000073e+03
3.905000000000000000e+03
