2.502870000000000061e+02
2.609019999999999868e+02
2.632780000000000200e+02
2.639250000000000114e+02
2.671840000000000259e+02
2.788539999999999850e+02
2.808879999999999768e+02
2.820930000000000177e+02
2.841659999999999968e+02
2.842699999999999818e+02
2.858299999999999841e+02
3.005470000000000255e+02
3.009730000000000132e+02
3.073299999999999841e+02
3.086920000000000073e+02
3.091089999999999804e+02
3.092760000000000105e+02
3.109010000000000105e+02
3.116259999999999764e+02
3.118120000000000118e+02
3.119660000000000082e+02
3.163149999999999977e+02
3.169739999999999895e+02
3.173690000000000282e+02
3.222970000000000255e+02
3.239479999999999791e+02
3.240550000000000068e+02
3.297579999999999814e+02
3.312710000000000150e+02
3.314329999999999927e+02
3.330179999999999723e+02
3.332529999999999859e+02
3.355409999999999968e+02
3.359110000000000014e+02
3.361179999999999950e+02
3.365409999999999968e+02
3.366999999999999886e+02
3.378650000000000091e+02
3.392250000000000227e+02
3.409039999999999964e+02
3.428380000000000223e+02
3.442139999999999986e+02
3.450790000000000077e+02
3.461240000000000236e+02
3.463899999999999864e+02
3.481610000000000014e+02
3.498129999999999882e+02
3.515860000000000127e+02
3.547819999999999823e+02
3.560450000000000159e+02
3.566329999999999814e+02
3.581120000000000232e+02
3.611789999999999736e+02
3.630869999999999891e+02
3.635240000000000009e+02
3.660430000000000064e+02
3.670260000000000105e+02
3.675899999999999750e+02
3.679560000000000173e+02
3.680899999999999750e+02
3.688700000000000045e+02
3.690840000000000032e+02
3.693550000000000182e+02
3.698550000000000182e+02
3.698679999999999950e+02
3.703679999999999950e+02
3.712780000000000200e+02
3.716809999999999832e+02
3.722780000000000200e+02
3.727069999999999936e+02
3.739490000000000123e+02
3.741739999999999782e+02
3.743580000000000041e+02
3.744030000000000200e+02
3.746920000000000073e+02
3.748159999999999741e+02
3.751159999999999854e+02
3.762749999999999773e+02
3.766820000000000164e+02
3.776490000000000009e+02
3.781840000000000259e+02
3.782500000000000000e+02
3.796739999999999782e+02
3.807139999999999986e+02
3.810280000000000200e+02
3.812010000000000218e+02
3.820339999999999918e+02
3.821610000000000014e+02
3.840609999999999786e+02
3.843969999999999914e+02
3.844069999999999823e+02
3.846469999999999914e+02
3.875129999999999768e+02
3.878720000000000141e+02
3.886890000000000214e+02
3.892069999999999936e+02
3.893249999999999886e+02
3.899830000000000041e+02
3.900880000000000223e+02
3.910609999999999786e+02
3.911370000000000005e+02
3.920210000000000150e+02
3.937590000000000146e+02
3.945330000000000155e+02
3.955880000000000223e+02
3.958860000000000241e+02
3.981870000000000118e+02
3.996179999999999950e+02
4.000090000000000146e+02
4.011089999999999804e+02
4.013849999999999909e+02
4.015330000000000155e+02
4.020480000000000018e+02
4.029340000000000259e+02
4.046499999999999773e+02
4.052679999999999723e+02
4.056349999999999909e+02
4.057710000000000150e+02
4.076990000000000123e+02
4.086460000000000150e+02
4.087250000000000227e+02
4.141630000000000109e+02
4.186920000000000073e+02
4.194100000000000250e+02
4.195880000000000223e+02
4.223340000000000032e+02
4.265520000000000209e+02
4.285579999999999927e+02
4.298990000000000009e+02
4.305099999999999909e+02
4.306850000000000023e+02
4.320009999999999764e+02
4.327139999999999986e+02
4.333269999999999982e+02
4.337760000000000105e+02
4.338700000000000045e+02
4.343340000000000032e+02
4.348940000000000055e+02
4.365149999999999864e+02
4.370869999999999891e+02
4.383109999999999786e+02
4.389719999999999800e+02
4.389990000000000236e+02
4.410659999999999741e+02
4.413709999999999809e+02
4.419200000000000159e+02
4.433750000000000000e+02
4.437110000000000127e+02
4.437799999999999727e+02
4.439929999999999950e+02
4.446659999999999968e+02
4.448149999999999977e+02
4.455199999999999818e+02
4.461220000000000141e+02
4.469409999999999741e+02
4.472730000000000246e+02
4.474490000000000123e+02
4.478720000000000141e+02
4.479839999999999804e+02
4.482860000000000014e+02
4.486309999999999718e+02
4.491759999999999877e+02
4.493310000000000173e+02
4.501410000000000196e+02
4.501589999999999918e+02
4.508100000000000023e+02
4.510640000000000214e+02
4.514830000000000041e+02
4.518580000000000041e+02
4.524590000000000032e+02
4.526469999999999914e+02
4.527389999999999759e+02
4.528029999999999973e+02
4.528969999999999914e+02
4.530480000000000018e+02
4.541329999999999814e+02
4.542690000000000055e+02
4.543020000000000209e+02
4.545350000000000250e+02
4.546440000000000055e+02
4.551059999999999945e+02
4.555310000000000059e+02
4.555910000000000082e+02
4.556619999999999777e+02
4.557339999999999804e+02
4.558310000000000173e+02
4.560489999999999782e+02
4.566109999999999900e+02
4.569420000000000073e+02
4.571650000000000205e+02
4.573430000000000177e+02
4.576549999999999727e+02
4.579560000000000173e+02
4.579689999999999941e+02
4.580760000000000218e+02
4.582420000000000186e+02
4.586770000000000209e+02
4.595110000000000241e+02
4.597110000000000127e+02
4.598840000000000146e+02
4.601539999999999964e+02
4.604250000000000114e+02
4.605880000000000223e+02
4.606949999999999932e+02
4.611139999999999759e+02
4.617160000000000082e+02
4.618310000000000173e+02
4.619689999999999941e+02
4.619780000000000086e+02
4.621039999999999850e+02
4.622860000000000014e+02
4.624599999999999795e+02
4.624970000000000141e+02
4.625710000000000264e+02
4.626589999999999918e+02
4.628899999999999864e+02
4.632230000000000132e+02
4.634750000000000227e+02
4.642259999999999991e+02
4.644660000000000082e+02
4.645059999999999718e+02
4.647239999999999895e+02
4.648330000000000268e+02
4.651720000000000255e+02
4.651820000000000164e+02
4.654710000000000036e+02
4.655799999999999841e+02
4.656349999999999909e+02
4.660679999999999836e+02
4.662090000000000032e+02
4.664569999999999936e+02
4.664769999999999754e+02
4.666499999999999773e+02
4.672540000000000191e+02
4.673070000000000164e+02
4.675729999999999791e+02
4.678770000000000095e+02
4.679230000000000018e+02
4.679399999999999977e+02
4.684230000000000018e+02
4.698109999999999786e+02
4.700830000000000268e+02
4.723380000000000223e+02
4.728380000000000223e+02
4.729680000000000177e+02
4.730000000000000000e+02
4.735590000000000259e+02
4.739320000000000164e+02
4.740409999999999968e+02
4.741109999999999900e+02
4.746460000000000150e+02
4.759060000000000059e+02
4.760330000000000155e+02
4.763899999999999864e+02
4.774789999999999850e+02
4.782629999999999768e+02
4.795930000000000177e+02
4.796770000000000209e+02
4.800319999999999823e+02
4.802699999999999818e+02
4.810880000000000223e+02
4.813299999999999841e+02
4.818469999999999800e+02
4.829069999999999823e+02
4.839010000000000105e+02
4.840269999999999868e+02
4.840969999999999800e+02
4.845360000000000014e+02
4.854089999999999918e+02
4.861979999999999791e+02
4.862099999999999795e+02
4.866659999999999968e+02
4.867080000000000268e+02
4.871159999999999854e+02
4.873779999999999859e+02
4.888380000000000223e+02
4.893890000000000100e+02
4.901669999999999732e+02
4.905649999999999977e+02
4.919649999999999750e+02
4.934370000000000118e+02
4.960840000000000032e+02
4.972789999999999964e+02
4.998489999999999895e+02
5.032200000000000273e+02
5.059719999999999800e+02
5.068759999999999764e+02
5.081940000000000168e+02
5.090769999999999982e+02
5.093840000000000146e+02
5.096250000000000000e+02
5.097599999999999909e+02
5.098720000000000141e+02
5.102189999999999941e+02
5.122899999999999636e+02
5.128769999999999527e+02
5.131180000000000518e+02
5.146559999999999491e+02
5.147730000000000246e+02
5.155299999999999727e+02
5.171150000000000091e+02
5.173020000000000209e+02
5.195499999999999545e+02
5.209539999999999509e+02
5.217409999999999854e+02
5.226570000000000391e+02
5.237720000000000482e+02
5.238120000000000118e+02
5.247789999999999964e+02
5.263880000000000337e+02
5.272110000000000127e+02
5.295389999999999873e+02
5.310339999999999918e+02
5.320059999999999718e+02
5.411950000000000500e+02
5.426050000000000182e+02
5.426299999999999955e+02
5.430549999999999500e+02
5.469160000000000537e+02
5.496979999999999791e+02
5.517949999999999591e+02
5.536499999999999773e+02
5.538920000000000528e+02
5.547619999999999436e+02
5.558419999999999845e+02
5.559930000000000518e+02
5.563269999999999982e+02
5.577569999999999482e+02
5.642859999999999445e+02
5.732400000000000091e+02
5.769759999999999991e+02
5.778590000000000373e+02
5.825539999999999736e+02
5.870420000000000300e+02
5.876939999999999600e+02
5.880389999999999873e+02
5.901390000000000100e+02
5.906349999999999909e+02
5.907540000000000191e+02
5.916599999999999682e+02
5.928809999999999718e+02
5.941309999999999718e+02
5.948139999999999645e+02
5.958070000000000164e+02
5.958339999999999463e+02
5.961730000000000018e+02
5.964650000000000318e+02
5.969539999999999509e+02
5.981390000000000100e+02
5.986480000000000246e+02
5.988790000000000191e+02
5.998780000000000427e+02
6.028780000000000427e+02
6.031730000000000018e+02
6.032989999999999782e+02
6.045059999999999718e+02
6.054249999999999545e+02
6.068680000000000518e+02
6.070739999999999554e+02
6.078079999999999927e+02
6.087089999999999463e+02
6.101900000000000546e+02
6.108089999999999691e+02
6.116589999999999918e+02
6.153460000000000036e+02
6.161230000000000473e+02
6.164869999999999663e+02
6.186230000000000473e+02
6.210629999999999882e+02
6.231359999999999673e+02
6.239519999999999982e+02
6.264980000000000473e+02
6.274420000000000073e+02
6.287799999999999727e+02
6.310030000000000427e+02
6.315950000000000273e+02
6.325589999999999691e+02
6.392079999999999700e+02
6.431420000000000528e+02
6.433709999999999809e+02
6.438350000000000364e+02
6.489400000000000546e+02
6.512140000000000555e+02
6.519049999999999727e+02
6.521230000000000473e+02
6.522250000000000227e+02
6.544009999999999536e+02
6.560289999999999964e+02
6.588210000000000264e+02
6.594109999999999445e+02
6.599969999999999573e+02
6.600480000000000018e+02
6.608189999999999600e+02
6.627060000000000173e+02
6.627369999999999663e+02
6.651649999999999636e+02
6.660890000000000555e+02
6.663089999999999691e+02
6.663519999999999754e+02
6.665599999999999454e+02
6.669349999999999454e+02
6.679310000000000400e+02
6.682730000000000246e+02
6.687400000000000091e+02
6.687530000000000427e+02
6.691939999999999600e+02
6.702179999999999609e+02
6.708120000000000118e+02
6.716520000000000437e+02
6.719109999999999445e+02
6.722569999999999482e+02
6.729360000000000355e+02
6.745570000000000164e+02
6.751770000000000209e+02
6.752340000000000373e+02
6.758310000000000173e+02
6.774160000000000537e+02
6.780650000000000546e+02
6.784959999999999809e+02
6.798750000000000000e+02
6.813559999999999945e+02
6.835190000000000055e+02
6.850259999999999536e+02
6.860470000000000255e+02
