4.682529999999999859e+01
4.852570000000000050e+01
4.908700000000000330e+01
4.928699999999999903e+01
4.932099999999999795e+01
4.940599999999999881e+01
4.962060000000000315e+01
4.969189999999999685e+01
4.970409999999999684e+01
4.983370000000000033e+01
4.987360000000000326e+01
4.999929999999999808e+01
5.012039999999999651e+01
5.014470000000000027e+01
5.017799999999999727e+01
5.019429999999999836e+01
5.020669999999999789e+01
5.022299999999999898e+01
5.023510000000000275e+01
5.031060000000000088e+01
5.031830000000000069e+01
5.037530000000000285e+01
5.042580000000000240e+01
5.047919999999999874e+01
5.050339999999999918e+01
5.052150000000000318e+01
5.056839999999999691e+01
5.061529999999999774e+01
5.078099999999999881e+01
5.080590000000000117e+01
5.086480000000000246e+01
5.088190000000000168e+01
5.091199999999999903e+01
5.092410000000000281e+01
5.102600000000000335e+01
5.110960000000000036e+01
5.117660000000000053e+01
5.121439999999999770e+01
5.125229999999999819e+01
5.125560000000000116e+01
5.127830000000000155e+01
5.132840000000000202e+01
5.135629999999999740e+01
5.141279999999999717e+01
5.148579999999999757e+01
5.153410000000000224e+01
5.155660000000000309e+01
5.156600000000000250e+01
5.158259999999999934e+01
5.159499999999999886e+01
5.161269999999999669e+01
5.163459999999999894e+01
5.165720000000000312e+01
5.170289999999999964e+01
5.171659999999999968e+01
5.176550000000000296e+01
5.179549999999999699e+01
5.185090000000000288e+01
5.187199999999999989e+01
5.193149999999999977e+01
5.194389999999999930e+01
5.195750000000000313e+01
5.195949999999999847e+01
5.201359999999999673e+01
5.202380000000000138e+01
5.205949999999999989e+01
5.206560000000000343e+01
5.207659999999999911e+01
5.212389999999999901e+01
5.214130000000000109e+01
5.216270000000000095e+01
5.220230000000000103e+01
5.220689999999999742e+01
5.220689999999999742e+01
5.222339999999999804e+01
5.222780000000000200e+01
5.228490000000000038e+01
5.233959999999999724e+01
5.237420000000000186e+01
5.240140000000000242e+01
5.245210000000000150e+01
5.249519999999999698e+01
5.249949999999999761e+01
5.251149999999999807e+01
5.253679999999999950e+01
5.254820000000000135e+01
5.255859999999999843e+01
5.256629999999999825e+01
5.261229999999999762e+01
5.261580000000000013e+01
5.262579999999999814e+01
5.270889999999999986e+01
5.272099999999999653e+01
5.277279999999999660e+01
5.279149999999999920e+01
5.279630000000000223e+01
5.284179999999999922e+01
5.285759999999999792e+01
5.290409999999999968e+01
5.291310000000000002e+01
5.293189999999999884e+01
5.293189999999999884e+01
5.293760000000000332e+01
5.295369999999999777e+01
5.298149999999999693e+01
5.300099999999999767e+01
5.312950000000000017e+01
5.313100000000000023e+01
5.314939999999999998e+01
5.316320000000000334e+01
5.318719999999999715e+01
5.321050000000000324e+01
5.328629999999999711e+01
5.329079999999999728e+01
5.330349999999999966e+01
5.331009999999999849e+01
5.331660000000000110e+01
5.337250000000000227e+01
5.339110000000000156e+01
5.344319999999999737e+01
5.344319999999999737e+01
5.344630000000000081e+01
5.345499999999999829e+01
5.348129999999999740e+01
5.351239999999999952e+01
5.352300000000000324e+01
5.360419999999999874e+01
5.361030000000000229e+01
5.362279999999999802e+01
5.363230000000000075e+01
5.368750000000000000e+01
5.369800000000000040e+01
5.370300000000000296e+01
5.372149999999999892e+01
5.375110000000000099e+01
5.375580000000000069e+01
5.376030000000000086e+01
5.376030000000000086e+01
5.386899999999999977e+01
5.387160000000000082e+01
5.393939999999999912e+01
5.398539999999999850e+01
5.399240000000000350e+01
5.399609999999999843e+01
5.400419999999999732e+01
5.400739999999999696e+01
5.401270000000000238e+01
5.404610000000000269e+01
5.405810000000000315e+01
5.407900000000000063e+01
5.410020000000000095e+01
5.410410000000000252e+01
5.411070000000000135e+01
5.413759999999999906e+01
5.415890000000000271e+01
5.415890000000000271e+01
5.416409999999999769e+01
5.417249999999999943e+01
5.419729999999999848e+01
5.420000000000000284e+01
5.420510000000000161e+01
5.423360000000000269e+01
5.424699999999999989e+01
5.424889999999999901e+01
5.425229999999999819e+01
5.428070000000000306e+01
5.428609999999999758e+01
5.430519999999999925e+01
5.432309999999999661e+01
5.432800000000000296e+01
5.436229999999999762e+01
5.436229999999999762e+01
5.438040000000000163e+01
5.441700000000000159e+01
5.445900000000000318e+01
5.447390000000000043e+01
5.447390000000000043e+01
5.451039999999999708e+01
5.453750000000000142e+01
5.453750000000000142e+01
5.454270000000000351e+01
5.454849999999999710e+01
5.455199999999999960e+01
5.456439999999999912e+01
5.456779999999999831e+01
5.459909999999999997e+01
5.461079999999999757e+01
5.463089999999999691e+01
5.467810000000000059e+01
5.469010000000000105e+01
5.471240000000000236e+01
5.473510000000000275e+01
5.474470000000000169e+01
5.476109999999999900e+01
5.477459999999999951e+01
5.477459999999999951e+01
5.478970000000000340e+01
5.479310000000000258e+01
5.481150000000000233e+01
5.482220000000000226e+01
5.486039999999999850e+01
5.486039999999999850e+01
5.486730000000000018e+01
5.488920000000000243e+01
5.489710000000000178e+01
5.491080000000000183e+01
5.491590000000000060e+01
5.494279999999999831e+01
5.497390000000000043e+01
5.499230000000000018e+01
5.500889999999999702e+01
5.501670000000000016e+01
5.502159999999999940e+01
5.502640000000000242e+01
5.502640000000000242e+01
5.504780000000000229e+01
5.504999999999999716e+01
5.504999999999999716e+01
5.505660000000000309e+01
5.507690000000000197e+01
5.508010000000000161e+01
5.510390000000000299e+01
5.510909999999999798e+01
5.511269999999999669e+01
5.512339999999999662e+01
5.512830000000000297e+01
5.513380000000000081e+01
5.513380000000000081e+01
5.515579999999999927e+01
5.519460000000000122e+01
5.519460000000000122e+01
5.519939999999999714e+01
5.522619999999999862e+01
5.525880000000000081e+01
5.527270000000000039e+01
5.527270000000000039e+01
5.529399999999999693e+01
5.530919999999999703e+01
5.531340000000000146e+01
5.532390000000000185e+01
5.533590000000000231e+01
5.534219999999999828e+01
5.537080000000000268e+01
5.537919999999999732e+01
5.538320000000000221e+01
5.539070000000000249e+01
5.543030000000000257e+01
5.545340000000000202e+01
5.546589999999999776e+01
5.546880000000000166e+01
5.548199999999999932e+01
5.551100000000000279e+01
5.551789999999999736e+01
5.552429999999999666e+01
5.552920000000000300e+01
5.554220000000000113e+01
5.555140000000000100e+01
5.558279999999999887e+01
5.558529999999999660e+01
5.558850000000000335e+01
5.559259999999999735e+01
5.560249999999999915e+01
5.563409999999999656e+01
5.563960000000000150e+01
5.564569999999999794e+01
5.565079999999999671e+01
5.565079999999999671e+01
5.568820000000000192e+01
5.570819999999999794e+01
5.573590000000000089e+01
5.573910000000000053e+01
5.581060000000000088e+01
5.581369999999999720e+01
5.585170000000000101e+01
5.587619999999999720e+01
5.592649999999999721e+01
5.593289999999999651e+01
5.594959999999999667e+01
5.596170000000000044e+01
5.596450000000000102e+01
5.597440000000000282e+01
5.597440000000000282e+01
5.599309999999999832e+01
5.600130000000000052e+01
5.602009999999999934e+01
5.603119999999999834e+01
5.604610000000000269e+01
5.604999999999999716e+01
5.605980000000000274e+01
5.608370000000000033e+01
5.610390000000000299e+01
5.611509999999999820e+01
5.612030000000000030e+01
5.613510000000000133e+01
5.614920000000000044e+01
5.614920000000000044e+01
5.615579999999999927e+01
5.618630000000000280e+01
5.622149999999999892e+01
5.623780000000000001e+01
5.625130000000000052e+01
5.626800000000000068e+01
5.628640000000000043e+01
5.628900000000000148e+01
5.631530000000000058e+01
5.634440000000000026e+01
5.634929999999999950e+01
5.636169999999999902e+01
5.637639999999999674e+01
5.638110000000000355e+01
5.639439999999999742e+01
5.640259999999999962e+01
5.640840000000000032e+01
5.641179999999999950e+01
5.641179999999999950e+01
5.643390000000000128e+01
5.646430000000000149e+01
5.648089999999999833e+01
5.648899999999999721e+01
5.649909999999999854e+01
5.650330000000000297e+01
5.651250000000000284e+01
5.651930000000000121e+01
5.654140000000000299e+01
5.656499999999999773e+01
5.657659999999999911e+01
5.658200000000000074e+01
5.659859999999999758e+01
5.662129999999999797e+01
5.663580000000000325e+01
5.666890000000000072e+01
5.667210000000000036e+01
5.667810000000000059e+01
5.668750000000000000e+01
5.670130000000000337e+01
5.670130000000000337e+01
5.671459999999999724e+01
5.672520000000000095e+01
5.673020000000000351e+01
5.674790000000000134e+01
5.675900000000000034e+01
5.676890000000000214e+01
5.676890000000000214e+01
5.676890000000000214e+01
5.677680000000000149e+01
5.680100000000000193e+01
5.682650000000000290e+01
5.684409999999999741e+01
5.685079999999999956e+01
5.685739999999999839e+01
5.687369999999999948e+01
5.688450000000000273e+01
5.690299999999999869e+01
5.692649999999999721e+01
5.693139999999999645e+01
5.693139999999999645e+01
5.696750000000000114e+01
5.697879999999999967e+01
5.698140000000000072e+01
5.698530000000000229e+01
5.699920000000000186e+01
5.699920000000000186e+01
5.700759999999999650e+01
5.701989999999999981e+01
5.705290000000000106e+01
5.705939999999999657e+01
5.706320000000000192e+01
5.707240000000000180e+01
5.710009999999999764e+01
5.710969999999999658e+01
5.712259999999999849e+01
5.714880000000000138e+01
5.716270000000000095e+01
5.716270000000000095e+01
5.716590000000000060e+01
5.717249999999999943e+01
5.717569999999999908e+01
5.717860000000000298e+01
5.719060000000000343e+01
5.719680000000000319e+01
5.720620000000000260e+01
5.722299999999999898e+01
5.723329999999999984e+01
5.723329999999999984e+01
5.724009999999999820e+01
5.726420000000000243e+01
5.726420000000000243e+01
5.728370000000000317e+01
5.728840000000000288e+01
5.730440000000000111e+01
5.731349999999999767e+01
5.732110000000000127e+01
5.732699999999999818e+01
5.733859999999999957e+01
5.734100000000000108e+01
5.736390000000000100e+01
5.737850000000000250e+01
5.738850000000000051e+01
5.746560000000000201e+01
5.746920000000000073e+01
5.749790000000000134e+01
5.751970000000000027e+01
5.751970000000000027e+01
5.752510000000000190e+01
5.752729999999999677e+01
5.752729999999999677e+01
5.754140000000000299e+01
5.755129999999999768e+01
5.756539999999999679e+01
5.762319999999999709e+01
5.762769999999999726e+01
5.763859999999999673e+01
5.764900000000000091e+01
5.766629999999999967e+01
5.766899999999999693e+01
5.767079999999999984e+01
5.767079999999999984e+01
5.768540000000000134e+01
5.768840000000000146e+01
5.770400000000000063e+01
5.770700000000000074e+01
5.771070000000000277e+01
5.772070000000000078e+01
5.774280000000000257e+01
5.779579999999999984e+01
5.782900000000000063e+01
5.782900000000000063e+01
5.782900000000000063e+01
5.785640000000000072e+01
5.786880000000000024e+01
5.787619999999999720e+01
5.787619999999999720e+01
5.787919999999999732e+01
5.788640000000000185e+01
5.789840000000000231e+01
5.791170000000000329e+01
5.791570000000000107e+01
5.794530000000000314e+01
5.794760000000000133e+01
5.797610000000000241e+01
5.798279999999999745e+01
5.798279999999999745e+01
5.798279999999999745e+01
5.798279999999999745e+01
5.799080000000000013e+01
5.799949999999999761e+01
5.801319999999999766e+01
5.802020000000000266e+01
5.803359999999999985e+01
5.803820000000000334e+01
5.804189999999999827e+01
5.805850000000000222e+01
5.808310000000000173e+01
5.809020000000000294e+01
5.810540000000000305e+01
5.813089999999999691e+01
5.814079999999999870e+01
5.815059999999999718e+01
5.816129999999999711e+01
5.817079999999999984e+01
5.817940000000000111e+01
5.818319999999999936e+01
5.819250000000000256e+01
5.821340000000000003e+01
5.823080000000000211e+01
5.823429999999999751e+01
5.823579999999999757e+01
5.824790000000000134e+01
5.826400000000000290e+01
5.826520000000000010e+01
5.827210000000000178e+01
5.829330000000000211e+01
5.831190000000000140e+01
5.833449999999999847e+01
5.833919999999999817e+01
5.834729999999999706e+01
5.835049999999999670e+01
5.835699999999999932e+01
5.837519999999999953e+01
5.837519999999999953e+01
5.840180000000000149e+01
5.840930000000000177e+01
5.842329999999999757e+01
5.843079999999999785e+01
5.843950000000000244e+01
5.844619999999999749e+01
5.845609999999999928e+01
5.846260000000000190e+01
5.846889999999999787e+01
5.849510000000000076e+01
5.850189999999999912e+01
5.850330000000000297e+01
5.850469999999999970e+01
5.851319999999999766e+01
5.854189999999999827e+01
5.856280000000000285e+01
5.856629999999999825e+01
5.858180000000000121e+01
5.859969999999999857e+01
5.859969999999999857e+01
5.860269999999999868e+01
5.862519999999999953e+01
5.863000000000000256e+01
5.863739999999999952e+01
5.864350000000000307e+01
5.865579999999999927e+01
5.866380000000000194e+01
5.866380000000000194e+01
5.866819999999999879e+01
5.867730000000000246e+01
5.867730000000000246e+01
5.870859999999999701e+01
5.872279999999999944e+01
5.873089999999999833e+01
5.876180000000000092e+01
5.878719999999999857e+01
5.879169999999999874e+01
5.880330000000000013e+01
5.880939999999999657e+01
5.883709999999999951e+01
5.884400000000000119e+01
5.885329999999999728e+01
5.885640000000000072e+01
5.886310000000000286e+01
5.888609999999999900e+01
5.889200000000000301e+01
5.889609999999999701e+01
5.889880000000000138e+01
5.891299999999999670e+01
5.893209999999999837e+01
5.893569999999999709e+01
5.893840000000000146e+01
5.894830000000000325e+01
5.896439999999999770e+01
5.897999999999999687e+01
5.898649999999999949e+01
5.900000000000000000e+01
5.902409999999999712e+01
5.903549999999999898e+01
5.907200000000000273e+01
5.909380000000000166e+01
5.910790000000000077e+01
5.911280000000000001e+01
5.913889999999999958e+01
5.914600000000000080e+01
5.918330000000000268e+01
5.918880000000000052e+01
5.919570000000000221e+01
5.924240000000000350e+01
5.924940000000000140e+01
5.927250000000000085e+01
5.927850000000000108e+01
5.927850000000000108e+01
5.929310000000000258e+01
5.929729999999999990e+01
5.930449999999999733e+01
5.932419999999999760e+01
5.932419999999999760e+01
5.933959999999999724e+01
5.934519999999999840e+01
5.936090000000000089e+01
5.936390000000000100e+01
5.937089999999999890e+01
5.937559999999999860e+01
5.938609999999999900e+01
5.941510000000000247e+01
5.942099999999999937e+01
5.943900000000000006e+01
5.944389999999999930e+01
5.944709999999999894e+01
5.944709999999999894e+01
5.949029999999999774e+01
5.953730000000000189e+01
5.955089999999999861e+01
5.957240000000000180e+01
5.958050000000000068e+01
5.958050000000000068e+01
5.958539999999999992e+01
5.959290000000000020e+01
5.961310000000000286e+01
5.963029999999999831e+01
5.964180000000000348e+01
5.964779999999999660e+01
5.965330000000000155e+01
5.966210000000000235e+01
5.967219999999999658e+01
5.967510000000000048e+01
5.968509999999999849e+01
5.969720000000000226e+01
5.970839999999999748e+01
5.971229999999999905e+01
5.972240000000000038e+01
5.973689999999999856e+01
5.975930000000000319e+01
5.976780000000000115e+01
5.977980000000000160e+01
5.978450000000000131e+01
5.980910000000000082e+01
5.981980000000000075e+01
5.982489999999999952e+01
5.984080000000000155e+01
5.984080000000000155e+01
5.988550000000000040e+01
5.989860000000000184e+01
5.990030000000000143e+01
5.990769999999999840e+01
5.991270000000000095e+01
5.991629999999999967e+01
5.995490000000000208e+01
5.995490000000000208e+01
5.999090000000000344e+01
6.001420000000000243e+01
6.002259999999999707e+01
6.004480000000000217e+01
6.004729999999999990e+01
6.007180000000000319e+01
6.007560000000000144e+01
6.009400000000000119e+01
6.010750000000000171e+01
6.010750000000000171e+01
6.013530000000000086e+01
6.014000000000000057e+01
6.014439999999999742e+01
6.017410000000000281e+01
6.017750000000000199e+01
6.019519999999999982e+01
6.023689999999999856e+01
6.025249999999999773e+01
6.025769999999999982e+01
6.026890000000000214e+01
6.028509999999999991e+01
6.033420000000000272e+01
6.034550000000000125e+01
6.036610000000000298e+01
6.037279999999999802e+01
6.038479999999999848e+01
6.038929999999999865e+01
6.038929999999999865e+01
6.039520000000000266e+01
6.039880000000000138e+01
6.041049999999999898e+01
6.043350000000000222e+01
6.046860000000000213e+01
6.048790000000000333e+01
6.049320000000000164e+01
6.050160000000000338e+01
6.051460000000000150e+01
6.052980000000000160e+01
6.057800000000000296e+01
6.058979999999999677e+01
6.063859999999999673e+01
6.067450000000000188e+01
6.068330000000000268e+01
6.069210000000000349e+01
6.071139999999999759e+01
6.073389999999999844e+01
6.074660000000000082e+01
6.075359999999999872e+01
6.077669999999999817e+01
6.081900000000000261e+01
6.082650000000000290e+01
6.082920000000000016e+01
6.084640000000000271e+01
6.086659999999999826e+01
6.095040000000000191e+01
6.095329999999999870e+01
6.095810000000000173e+01
6.098610000000000042e+01
6.100280000000000058e+01
6.100979999999999848e+01
6.101239999999999952e+01
6.102349999999999852e+01
6.105190000000000339e+01
6.106000000000000227e+01
6.106649999999999778e+01
6.107500000000000284e+01
6.108200000000000074e+01
6.108859999999999957e+01
6.110909999999999798e+01
6.111189999999999856e+01
6.111919999999999931e+01
6.112409999999999854e+01
6.112969999999999970e+01
6.113219999999999743e+01
6.115169999999999817e+01
6.115469999999999828e+01
6.116610000000000014e+01
6.117980000000000018e+01
6.117980000000000018e+01
6.118849999999999767e+01
6.120029999999999859e+01
6.120029999999999859e+01
6.123020000000000351e+01
6.124569999999999936e+01
6.124830000000000041e+01
6.125529999999999831e+01
6.125999999999999801e+01
6.128220000000000312e+01
6.128569999999999851e+01
6.129339999999999833e+01
6.131700000000000017e+01
6.132820000000000249e+01
6.133149999999999835e+01
6.134089999999999776e+01
6.135379999999999967e+01
6.135649999999999693e+01
6.137140000000000128e+01
6.139770000000000039e+01
6.139770000000000039e+01
6.140740000000000265e+01
6.141040000000000276e+01
6.141490000000000293e+01
6.147229999999999706e+01
6.150619999999999976e+01
6.150619999999999976e+01
6.150789999999999935e+01
6.152649999999999864e+01
6.153050000000000352e+01
6.154489999999999839e+01
6.156439999999999912e+01
6.157240000000000180e+01
6.158229999999999649e+01
6.158229999999999649e+01
6.161449999999999960e+01
6.162120000000000175e+01
6.166400000000000148e+01
6.168050000000000210e+01
6.170589999999999975e+01
6.170649999999999835e+01
6.172990000000000066e+01
6.177380000000000138e+01
6.178110000000000213e+01
6.181620000000000203e+01
6.181620000000000203e+01
6.186119999999999663e+01
6.189130000000000109e+01
6.189829999999999899e+01
6.190780000000000172e+01
6.192810000000000059e+01
6.193430000000000035e+01
6.193719999999999715e+01
6.195629999999999882e+01
6.198389999999999844e+01
6.199340000000000117e+01
6.201520000000000010e+01
6.201520000000000010e+01
6.201989999999999981e+01
6.206329999999999814e+01
6.208500000000000085e+01
6.208500000000000085e+01
6.209590000000000032e+01
6.212230000000000274e+01
6.212769999999999726e+01
6.213009999999999877e+01
6.213770000000000238e+01
6.214650000000000318e+01
6.214650000000000318e+01
6.215169999999999817e+01
6.218820000000000192e+01
6.221260000000000190e+01
6.222109999999999985e+01
6.222999999999999687e+01
6.223769999999999669e+01
6.226449999999999818e+01
6.228040000000000020e+01
6.231479999999999819e+01
6.232540000000000191e+01
6.234640000000000271e+01
6.237429999999999808e+01
6.239560000000000173e+01
6.243560000000000088e+01
6.244689999999999941e+01
6.245349999999999824e+01
6.246070000000000277e+01
6.248510000000000275e+01
6.248960000000000292e+01
6.250789999999999935e+01
6.251530000000000342e+01
6.252920000000000300e+01
6.253349999999999653e+01
6.255360000000000298e+01
6.259219999999999828e+01
6.260179999999999723e+01
6.261050000000000182e+01
6.262769999999999726e+01
6.263130000000000308e+01
6.264189999999999969e+01
6.264189999999999969e+01
6.265659999999999741e+01
6.265659999999999741e+01
6.267770000000000152e+01
6.269429999999999836e+01
6.272319999999999851e+01
6.273360000000000269e+01
6.274510000000000076e+01
6.276230000000000331e+01
6.280010000000000048e+01
6.281389999999999674e+01
6.281810000000000116e+01
6.283389999999999986e+01
6.284960000000000235e+01
6.286430000000000007e+01
6.290299999999999869e+01
6.293900000000000006e+01
6.295660000000000167e+01
6.299000000000000199e+01
6.301059999999999661e+01
6.301480000000000103e+01
6.304229999999999734e+01
6.304950000000000188e+01
6.306289999999999907e+01
6.307050000000000267e+01
6.309179999999999922e+01
6.311299999999999955e+01
6.313029999999999831e+01
6.313559999999999661e+01
6.317139999999999844e+01
6.318999999999999773e+01
6.320389999999999731e+01
6.321350000000000335e+01
6.321419999999999817e+01
6.322460000000000235e+01
6.322789999999999822e+01
6.325999999999999801e+01
6.327459999999999951e+01
6.329970000000000141e+01
6.331609999999999872e+01
6.331730000000000302e+01
6.334069999999999823e+01
6.334069999999999823e+01
6.340420000000000300e+01
6.341700000000000159e+01
6.343889999999999674e+01
6.344259999999999877e+01
6.345530000000000115e+01
6.345980000000000132e+01
6.346600000000000108e+01
6.347449999999999903e+01
6.348319999999999652e+01
6.352900000000000347e+01
6.352900000000000347e+01
6.356779999999999831e+01
6.357200000000000273e+01
6.357999999999999829e+01
6.359060000000000201e+01
6.361229999999999762e+01
6.365169999999999817e+01
6.366020000000000323e+01
6.367849999999999966e+01
6.368139999999999645e+01
6.369989999999999952e+01
6.372930000000000206e+01
6.378269999999999840e+01
6.378670000000000329e+01
6.379359999999999786e+01
6.379359999999999786e+01
6.386520000000000152e+01
6.390570000000000306e+01
6.391810000000000258e+01
6.400809999999999889e+01
6.401399999999999579e+01
6.402840000000000487e+01
6.403109999999999502e+01
6.407559999999999434e+01
6.408570000000000277e+01
6.410330000000000439e+01
6.410710000000000264e+01
6.411599999999999966e+01
6.412619999999999720e+01
6.417860000000000298e+01
6.422910000000000252e+01
6.423569999999999425e+01
6.424679999999999325e+01
6.426200000000000045e+01
6.428749999999999432e+01
6.430190000000000339e+01
6.430949999999999989e+01
6.433100000000000307e+01
6.434420000000000073e+01
6.434770000000000323e+01
6.437460000000000093e+01
6.441500000000000625e+01
6.446790000000000020e+01
6.447350000000000136e+01
6.447350000000000136e+01
6.448640000000000327e+01
6.451309999999999434e+01
6.453130000000000166e+01
6.458769999999999811e+01
6.460290000000000532e+01
6.462309999999999377e+01
6.465309999999999491e+01
6.465309999999999491e+01
6.465770000000000550e+01
6.466330000000000666e+01
6.466330000000000666e+01
6.469280000000000541e+01
6.470059999999999434e+01
6.470619999999999550e+01
6.471160000000000423e+01
6.472469999999999857e+01
6.473560000000000514e+01
6.474739999999999895e+01
6.476349999999999341e+01
6.476749999999999829e+01
6.479529999999999745e+01
6.485129999999999484e+01
6.485129999999999484e+01
6.487439999999999429e+01
6.490330000000000155e+01
6.492029999999999745e+01
6.493540000000000134e+01
6.495329999999999870e+01
6.495910000000000650e+01
6.498340000000000316e+01
6.500159999999999627e+01
6.502049999999999841e+01
6.506520000000000437e+01
6.508459999999999468e+01
6.508459999999999468e+01
6.508839999999999293e+01
6.514050000000000296e+01
6.515049999999999386e+01
6.516509999999999536e+01
6.517170000000000130e+01
6.519140000000000157e+01
6.521290000000000475e+01
6.526609999999999445e+01
6.527479999999999905e+01
6.528069999999999595e+01
6.528449999999999420e+01
6.528849999999999909e+01
6.531380000000000052e+01
6.533289999999999509e+01
6.533599999999999852e+01
6.537940000000000396e+01
6.537940000000000396e+01
6.541070000000000562e+01
6.550180000000000291e+01
6.551260000000000616e+01
6.551260000000000616e+01
6.553050000000000352e+01
6.558010000000000161e+01
6.559539999999999793e+01
6.560899999999999466e+01
6.563880000000000337e+01
6.567010000000000502e+01
6.570250000000000057e+01
6.570919999999999561e+01
6.572490000000000521e+01
6.575190000000000623e+01
6.576380000000000337e+01
6.580979999999999563e+01
6.581900000000000261e+01
6.584350000000000591e+01
6.584560000000000457e+01
6.586730000000000018e+01
6.591679999999999495e+01
6.592090000000000316e+01
6.593649999999999523e+01
6.594610000000000127e+01
6.596240000000000236e+01
6.598430000000000462e+01
6.599809999999999377e+01
6.602039999999999509e+01
6.602649999999999864e+01
6.604980000000000473e+01
6.606929999999999836e+01
6.609109999999999729e+01
6.611079999999999757e+01
6.612820000000000675e+01
6.614300000000000068e+01
6.617449999999999477e+01
6.617870000000000630e+01
6.618470000000000653e+01
6.618999999999999773e+01
6.619970000000000709e+01
6.621219999999999573e+01
6.624099999999999966e+01
6.624439999999999884e+01
6.625079999999999814e+01
6.625960000000000605e+01
6.627740000000000009e+01
6.628579999999999472e+01
6.630049999999999955e+01
6.632850000000000534e+01
6.633410000000000650e+01
6.635729999999999507e+01
6.638009999999999877e+01
6.640510000000000446e+01
6.640510000000000446e+01
6.640970000000000084e+01
6.646790000000000020e+01
6.649469999999999459e+01
6.650360000000000582e+01
6.653839999999999577e+01
6.654290000000000305e+01
6.654609999999999559e+01
6.655240000000000578e+01
6.656109999999999616e+01
6.658750000000000568e+01
6.660670000000000357e+01
6.666920000000000357e+01
6.668210000000000548e+01
6.673099999999999454e+01
6.674089999999999634e+01
6.676970000000000027e+01
6.678549999999999898e+01
6.679080000000000439e+01
6.682949999999999591e+01
6.683990000000000009e+01
6.685920000000000130e+01
6.693980000000000530e+01
6.695050000000000523e+01
6.698189999999999600e+01
6.698390000000000555e+01
6.703040000000000020e+01
6.711520000000000152e+01
6.712409999999999854e+01
6.712409999999999854e+01
6.717249999999999943e+01
6.718800000000000239e+01
6.722390000000000043e+01
6.725839999999999463e+01
6.730190000000000339e+01
6.734910000000000707e+01
6.742829999999999302e+01
6.746699999999999875e+01
6.749070000000000391e+01
6.751200000000000045e+01
6.751749999999999829e+01
6.752110000000000412e+01
6.756850000000000023e+01
6.758369999999999322e+01
6.759439999999999316e+01
6.759439999999999316e+01
6.761750000000000682e+01
6.762860000000000582e+01
6.763739999999999952e+01
6.768529999999999802e+01
6.769679999999999609e+01
6.772270000000000323e+01
6.772939999999999827e+01
6.775509999999999877e+01
6.779420000000000357e+01
6.779789999999999850e+01
6.781210000000000093e+01
6.782689999999999486e+01
6.785089999999999577e+01
6.785970000000000368e+01
6.787050000000000693e+01
6.791169999999999618e+01
6.791859999999999786e+01
6.791859999999999786e+01
6.793710000000000093e+01
6.794759999999999422e+01
6.796339999999999293e+01
6.798309999999999320e+01
6.801730000000000587e+01
6.802379999999999427e+01
6.808849999999999625e+01
6.812690000000000623e+01
6.814390000000000214e+01
6.814390000000000214e+01
6.816490000000000293e+01
6.817510000000000048e+01
6.820340000000000202e+01
6.821689999999999543e+01
6.822539999999999338e+01
6.823149999999999693e+01
6.823659999999999570e+01
6.825279999999999347e+01
6.825790000000000646e+01
6.827679999999999438e+01
6.830010000000000048e+01
6.830759999999999366e+01
6.832269999999999754e+01
6.832500000000000284e+01
6.835360000000000014e+01
6.835739999999999839e+01
6.840980000000000416e+01
6.842069999999999652e+01
6.842069999999999652e+01
6.842379999999999995e+01
6.847719999999999629e+01
6.849370000000000402e+01
6.849850000000000705e+01
6.850400000000000489e+01
6.857120000000000459e+01
6.859650000000000603e+01
6.860070000000000334e+01
6.863979999999999393e+01
6.866559999999999775e+01
6.867130000000000223e+01
6.868250000000000455e+01
6.872259999999999991e+01
6.877809999999999491e+01
6.878640000000000043e+01
6.883190000000000452e+01
6.884709999999999752e+01
6.886960000000000548e+01
6.888160000000000593e+01
6.897599999999999909e+01
6.899030000000000484e+01
6.902530000000000143e+01
6.903919999999999391e+01
6.906270000000000664e+01
6.913200000000000500e+01
6.914700000000000557e+01
6.917100000000000648e+01
6.918680000000000518e+01
6.919910000000000139e+01
6.922320000000000562e+01
6.925010000000000332e+01
6.936199999999999477e+01
6.939749999999999375e+01
6.940380000000000393e+01
6.943800000000000239e+01
6.945789999999999509e+01
6.946160000000000423e+01
6.948090000000000543e+01
6.950180000000000291e+01
6.951500000000000057e+01
6.953130000000000166e+01
6.953789999999999338e+01
6.956000000000000227e+01
6.961090000000000089e+01
6.962040000000000362e+01
6.964910000000000423e+01
6.965819999999999368e+01
6.967329999999999757e+01
6.969419999999999504e+01
6.972289999999999566e+01
6.973090000000000543e+01
6.974479999999999791e+01
6.975679999999999836e+01
6.979970000000000141e+01
6.981889999999999930e+01
6.987630000000000052e+01
6.987900000000000489e+01
6.990080000000000382e+01
6.991119999999999379e+01
6.991759999999999309e+01
6.996189999999999998e+01
6.999450000000000216e+01
7.000499999999999545e+01
7.003480000000000416e+01
7.005500000000000682e+01
7.007290000000000418e+01
7.008639999999999759e+01
7.009350000000000591e+01
7.010550000000000637e+01
7.013460000000000605e+01
7.013460000000000605e+01
7.019979999999999620e+01
7.020910000000000650e+01
7.021519999999999584e+01
7.022679999999999723e+01
7.022679999999999723e+01
7.024120000000000630e+01
7.025320000000000675e+01
7.026779999999999404e+01
7.034730000000000416e+01
7.035150000000000148e+01
7.037949999999999307e+01
7.044180000000000064e+01
7.046980000000000643e+01
7.049920000000000186e+01
7.050390000000000157e+01
7.057309999999999661e+01
7.057309999999999661e+01
7.064130000000000109e+01
7.065409999999999968e+01
7.066070000000000562e+01
7.074550000000000693e+01
7.076720000000000255e+01
7.079300000000000637e+01
7.081910000000000593e+01
7.082269999999999754e+01
7.082269999999999754e+01
7.083050000000000068e+01
7.084300000000000352e+01
7.090999999999999659e+01
7.100379999999999825e+01
7.101590000000000202e+01
7.104489999999999839e+01
7.104800000000000182e+01
7.105629999999999313e+01
7.109640000000000271e+01
7.112319999999999709e+01
7.113330000000000553e+01
7.115309999999999491e+01
7.121080000000000609e+01
7.122010000000000218e+01
7.122539999999999338e+01
7.126519999999999300e+01
7.126980000000000359e+01
7.127790000000000248e+01
7.129210000000000491e+01
7.131820000000000448e+01
7.132500000000000284e+01
7.132810000000000628e+01
7.136480000000000246e+01
7.139149999999999352e+01
7.142059999999999320e+01
7.142799999999999727e+01
7.144280000000000541e+01
7.145059999999999434e+01
7.147050000000000125e+01
7.147700000000000387e+01
7.149779999999999802e+01
7.150430000000000064e+01
7.151349999999999341e+01
7.155379999999999541e+01
7.158369999999999322e+01
7.162779999999999347e+01
7.164870000000000516e+01
7.164870000000000516e+01
7.166209999999999525e+01
7.167100000000000648e+01
7.171779999999999688e+01
7.180110000000000525e+01
7.180280000000000484e+01
7.180929999999999325e+01
7.182819999999999538e+01
7.191400000000000148e+01
7.192709999999999582e+01
7.193370000000000175e+01
7.196800000000000352e+01
7.197809999999999775e+01
7.198130000000000450e+01
7.200969999999999516e+01
7.202509999999999479e+01
7.206239999999999668e+01
7.206910000000000593e+01
7.207750000000000057e+01
7.210850000000000648e+01
7.212869999999999493e+01
7.214239999999999498e+01
7.214780000000000371e+01
7.215720000000000312e+01
7.216129999999999711e+01
7.221649999999999636e+01
7.221649999999999636e+01
7.222020000000000550e+01
7.223229999999999507e+01
7.226930000000000121e+01
7.228770000000000095e+01
7.238720000000000709e+01
7.239820000000000277e+01
7.242680000000000007e+01
7.251149999999999807e+01
7.254649999999999466e+01
7.254649999999999466e+01
7.259010000000000673e+01
7.264100000000000534e+01
7.267170000000000130e+01
7.274179999999999779e+01
7.277989999999999782e+01
7.278910000000000480e+01
7.281610000000000582e+01
7.281610000000000582e+01
7.282150000000000034e+01
7.285190000000000055e+01
7.286719999999999686e+01
7.292350000000000421e+01
7.295159999999999911e+01
7.296280000000000143e+01
7.297809999999999775e+01
7.297809999999999775e+01
7.300000000000000000e+01
7.300920000000000698e+01
7.306430000000000291e+01
7.309860000000000468e+01
7.313700000000000045e+01
7.316549999999999443e+01
7.318429999999999325e+01
7.318850000000000477e+01
7.320080000000000098e+01
7.323789999999999623e+01
7.326130000000000564e+01
7.327410000000000423e+01
7.328610000000000468e+01
7.328610000000000468e+01
7.329000000000000625e+01
7.330249999999999488e+01
7.331820000000000448e+01
7.340189999999999770e+01
7.343030000000000257e+01
7.344410000000000593e+01
7.347950000000000159e+01
7.349850000000000705e+01
7.351009999999999422e+01
7.353570000000000562e+01
7.353990000000000293e+01
7.353990000000000293e+01
7.358520000000000039e+01
7.359860000000000468e+01
7.359860000000000468e+01
7.360699999999999932e+01
7.364289999999999736e+01
7.365359999999999729e+01
7.365959999999999752e+01
7.370510000000000161e+01
7.371659999999999968e+01
7.371989999999999554e+01
7.375589999999999691e+01
7.378189999999999316e+01
7.380049999999999955e+01
7.381900000000000261e+01
7.382429999999999382e+01
7.383379999999999654e+01
7.391299999999999670e+01
7.394580000000000553e+01
7.395900000000000318e+01
7.397129999999999939e+01
7.398760000000000048e+01
7.400310000000000343e+01
7.408190000000000452e+01
7.410339999999999350e+01
7.411639999999999873e+01
7.413660000000000139e+01
7.415130000000000621e+01
7.416320000000000334e+01
7.418040000000000589e+01
7.420289999999999964e+01
7.426850000000000307e+01
7.428749999999999432e+01
7.429630000000000223e+01
7.430549999999999500e+01
7.434120000000000061e+01
7.440160000000000196e+01
7.441200000000000614e+01
7.444310000000000116e+01
7.444769999999999754e+01
7.449209999999999354e+01
7.454949999999999477e+01
7.455920000000000414e+01
7.458589999999999520e+01
7.459590000000000032e+01
7.459900000000000375e+01
7.461589999999999634e+01
7.463819999999999766e+01
7.465840000000000032e+01
7.471229999999999905e+01
7.471540000000000248e+01
7.473099999999999454e+01
7.474460000000000548e+01
7.475419999999999732e+01
7.475879999999999370e+01
7.476220000000000709e+01
7.476879999999999882e+01
7.480849999999999511e+01
7.486650000000000205e+01
7.489100000000000534e+01
7.491610000000000014e+01
7.492940000000000111e+01
7.495510000000000161e+01
7.496909999999999741e+01
7.498189999999999600e+01
7.521609999999999729e+01
7.523409999999999798e+01
7.527370000000000516e+01
7.528660000000000707e+01
7.532540000000000191e+01
7.536409999999999343e+01
7.538299999999999557e+01
7.543580000000000041e+01
7.546020000000000039e+01
7.546840000000000259e+01
7.548000000000000398e+01
7.549179999999999779e+01
7.551739999999999498e+01
7.552599999999999625e+01
7.564190000000000680e+01
7.572020000000000550e+01
7.573779999999999291e+01
7.577519999999999811e+01
7.579149999999999920e+01
7.579670000000000130e+01
7.582850000000000534e+01
7.584529999999999461e+01
7.590059999999999718e+01
7.597589999999999577e+01
7.598090000000000543e+01
7.607030000000000314e+01
7.613800000000000523e+01
7.614660000000000650e+01
7.620579999999999643e+01
7.621490000000000009e+01
7.625600000000000023e+01
7.635020000000000095e+01
7.639830000000000609e+01
7.644299999999999784e+01
7.644650000000000034e+01
7.646349999999999625e+01
7.659260000000000446e+01
7.666429999999999723e+01
7.671259999999999479e+01
7.675579999999999359e+01
7.685939999999999372e+01
7.686650000000000205e+01
7.687909999999999400e+01
7.692329999999999757e+01
7.695839999999999748e+01
7.698109999999999786e+01
7.698250000000000171e+01
7.700780000000000314e+01
7.702960000000000207e+01
7.702960000000000207e+01
7.707450000000000045e+01
7.715109999999999957e+01
7.721670000000000300e+01
7.721670000000000300e+01
7.732500000000000284e+01
7.738280000000000314e+01
7.743290000000000362e+01
7.748130000000000450e+01
7.749219999999999686e+01
7.753730000000000189e+01
7.755819999999999936e+01
7.757890000000000441e+01
7.763240000000000407e+01
7.772419999999999618e+01
7.774630000000000507e+01
7.776670000000000016e+01
7.779359999999999786e+01
7.779789999999999850e+01
7.780339999999999634e+01
7.781650000000000489e+01
7.782829999999999870e+01
7.783110000000000639e+01
7.785639999999999361e+01
7.790879999999999939e+01
7.791819999999999879e+01
7.794960000000000377e+01
7.795980000000000132e+01
7.800549999999999784e+01
7.802939999999999543e+01
7.806510000000000105e+01
7.809990000000000521e+01
7.812640000000000384e+01
7.816800000000000637e+01
7.820600000000000307e+01
7.821290000000000475e+01
7.824049999999999727e+01
7.826269999999999527e+01
7.839069999999999538e+01
7.845159999999999911e+01
7.850220000000000198e+01
7.852400000000000091e+01
7.859399999999999409e+01
7.860819999999999652e+01
7.871110000000000184e+01
7.872400000000000375e+01
7.881260000000000332e+01
7.882899999999999352e+01
7.887539999999999907e+01
7.903539999999999566e+01
7.903539999999999566e+01
7.904250000000000398e+01
7.904840000000000089e+01
7.907040000000000646e+01
7.908990000000000009e+01
7.928870000000000573e+01
7.932869999999999777e+01
7.938729999999999620e+01
7.939780000000000371e+01
7.946639999999999304e+01
7.954739999999999611e+01
7.957840000000000202e+01
7.959279999999999688e+01
7.959529999999999461e+01
7.961279999999999291e+01
7.962850000000000250e+01
7.966660000000000252e+01
7.972629999999999484e+01
7.974800000000000466e+01
7.976690000000000680e+01
7.982500000000000284e+01
7.983700000000000330e+01
7.991589999999999350e+01
7.999169999999999447e+01
7.999370000000000402e+01
8.007399999999999807e+01
8.010620000000000118e+01
8.014870000000000516e+01
8.023149999999999693e+01
8.029219999999999402e+01
8.040269999999999584e+01
8.041410000000000480e+01
8.046349999999999625e+01
8.051380000000000337e+01
8.056250000000000000e+01
8.064019999999999300e+01
8.066419999999999391e+01
8.067189999999999372e+01
8.067589999999999861e+01
8.072960000000000491e+01
8.096769999999999357e+01
8.104040000000000532e+01
8.116649999999999920e+01
8.126839999999999975e+01
8.135429999999999495e+01
8.142400000000000659e+01
8.143170000000000641e+01
8.153650000000000375e+01
8.167879999999999541e+01
8.171760000000000446e+01
8.186650000000000205e+01
8.196790000000000020e+01
8.206090000000000373e+01
8.207290000000000418e+01
8.242400000000000659e+01
8.246500000000000341e+01
8.255570000000000164e+01
8.270430000000000348e+01
8.288439999999999941e+01
8.291089999999999804e+01
8.309380000000000166e+01
8.334590000000000032e+01
8.346250000000000568e+01
8.362220000000000653e+01
8.375199999999999534e+01
8.400509999999999877e+01
8.405410000000000537e+01
8.408910000000000196e+01
8.431910000000000593e+01
8.433079999999999643e+01
8.445170000000000243e+01
8.454240000000000066e+01
8.457670000000000243e+01
8.460500000000000398e+01
8.472090000000000032e+01
8.493909999999999627e+01
8.511610000000000298e+01
8.543729999999999336e+01
8.553140000000000498e+01
8.569639999999999702e+01
8.582569999999999766e+01
8.596529999999999916e+01
8.643989999999999441e+01
8.654789999999999850e+01
8.710509999999999309e+01
8.718619999999999948e+01
8.737449999999999761e+01
8.766129999999999711e+01
8.785880000000000223e+01
8.793049999999999500e+01
8.799399999999999977e+01
8.807349999999999568e+01
8.815770000000000550e+01
8.853470000000000084e+01
8.892459999999999809e+01
8.892459999999999809e+01
8.894050000000000011e+01
8.897159999999999513e+01
8.901579999999999870e+01
8.903249999999999886e+01
8.942929999999999779e+01
8.956350000000000477e+01
8.975780000000000314e+01
9.006780000000000541e+01
9.009290000000000020e+01
9.013299999999999557e+01
9.040840000000000032e+01
9.041979999999999507e+01
9.049559999999999604e+01
9.054460000000000264e+01
9.103379999999999939e+01
9.143850000000000477e+01
9.157739999999999725e+01
9.166800000000000637e+01
9.204019999999999868e+01
9.218280000000000030e+01
9.235880000000000223e+01
9.357280000000000086e+01
9.358499999999999375e+01
9.378069999999999595e+01
9.399620000000000175e+01
9.400320000000000675e+01
9.414130000000000109e+01
9.417419999999999902e+01
9.424769999999999470e+01
9.440460000000000207e+01
9.453360000000000696e+01
9.492329999999999757e+01
9.515330000000000155e+01
9.522740000000000293e+01
9.563739999999999952e+01
9.574920000000000186e+01
9.592690000000000339e+01
9.616030000000000655e+01
9.617749999999999488e+01
9.621710000000000207e+01
9.639780000000000371e+01
9.644350000000000023e+01
9.645059999999999434e+01
9.653780000000000427e+01
9.661839999999999407e+01
9.688439999999999941e+01
9.690160000000000196e+01
9.699769999999999470e+01
9.702649999999999864e+01
9.719450000000000500e+01
9.747190000000000509e+01
9.749850000000000705e+01
9.755849999999999511e+01
9.764310000000000400e+01
9.785569999999999879e+01
9.803900000000000148e+01
9.810580000000000211e+01
9.822580000000000666e+01
9.832859999999999445e+01
9.837619999999999720e+01
9.840860000000000696e+01
9.860880000000000223e+01
9.888779999999999859e+01
9.889679999999999893e+01
9.891410000000000480e+01
9.893200000000000216e+01
9.912390000000000612e+01
9.920589999999999975e+01
9.923760000000000048e+01
9.946490000000000009e+01
9.947899999999999920e+01
9.960309999999999775e+01
9.965959999999999752e+01
9.972769999999999868e+01
9.988649999999999807e+01
9.999899999999999523e+01
1.000631000000000057e+02
1.000850999999999971e+02
1.002240000000000038e+02
1.002321000000000026e+02
1.003346999999999980e+02
1.003811000000000035e+02
1.004185999999999979e+02
1.004612999999999943e+02
1.004795000000000016e+02
1.005583000000000027e+02
1.006276000000000010e+02
1.006554000000000002e+02
1.007145000000000010e+02
1.008790000000000049e+02
1.009133000000000067e+02
1.009218000000000046e+02
1.010233000000000061e+02
1.012052000000000049e+02
1.012305999999999955e+02
1.013787999999999982e+02
1.013984999999999985e+02
1.014535999999999945e+02
1.016167999999999978e+02
1.016277000000000044e+02
1.017113999999999976e+02
1.017927999999999997e+02
1.018071000000000055e+02
1.018280000000000030e+02
1.018580999999999932e+02
1.018768000000000029e+02
1.019043999999999954e+02
1.019960999999999984e+02
1.020520000000000067e+02
1.021289000000000016e+02
1.021997999999999962e+02
1.022256000000000000e+02
1.022806000000000068e+02
1.023106999999999971e+02
1.024231999999999942e+02
1.024334000000000060e+02
1.024663999999999930e+02
1.024663999999999930e+02
1.024887999999999977e+02
1.025044000000000040e+02
1.025362999999999971e+02
1.025952999999999946e+02
1.026179000000000059e+02
1.026998999999999995e+02
1.027065000000000055e+02
1.027485000000000070e+02
1.028055999999999983e+02
1.028306999999999931e+02
1.028443999999999932e+02
1.028769999999999953e+02
1.029021999999999935e+02
1.029355999999999938e+02
1.029441999999999950e+02
1.029483000000000033e+02
1.030009000000000015e+02
1.030092000000000070e+02
1.030585999999999984e+02
1.030677000000000021e+02
1.030718999999999994e+02
1.030844000000000023e+02
1.031533000000000015e+02
1.032218000000000018e+02
1.032283999999999935e+02
1.032887000000000057e+02
1.033170999999999964e+02
1.033284000000000020e+02
1.033423999999999978e+02
1.033469000000000051e+02
1.033657999999999930e+02
1.034070999999999998e+02
1.034568000000000012e+02
1.035054999999999978e+02
1.035244000000000000e+02
1.035879999999999939e+02
1.036059000000000054e+02
1.036114000000000033e+02
1.036594999999999942e+02
1.037023999999999972e+02
1.037259999999999991e+02
1.037309999999999945e+02
1.037771999999999935e+02
1.038537000000000035e+02
1.038816999999999950e+02
1.039004000000000048e+02
1.039040999999999997e+02
1.039269000000000034e+02
1.039475000000000051e+02
1.040276000000000067e+02
1.040336000000000070e+02
1.040348999999999933e+02
1.040986999999999938e+02
1.041718000000000046e+02
1.042395999999999958e+02
1.042578000000000031e+02
1.042822000000000031e+02
1.043550999999999931e+02
1.043635000000000019e+02
1.043635000000000019e+02
1.044818999999999960e+02
1.044869999999999948e+02
1.045139999999999958e+02
1.045336999999999961e+02
1.045904000000000025e+02
1.046063000000000045e+02
1.046092000000000013e+02
1.046951999999999998e+02
1.047162000000000006e+02
1.047356999999999942e+02
1.047653999999999996e+02
1.047759999999999962e+02
1.048842999999999961e+02
1.049181999999999988e+02
1.049393000000000029e+02
1.049572000000000003e+02
1.049572000000000003e+02
1.049762999999999948e+02
1.050240000000000009e+02
1.051375000000000028e+02
1.051587999999999994e+02
1.051795000000000044e+02
1.053234000000000066e+02
1.054368999999999943e+02
1.054368999999999943e+02
1.054534000000000020e+02
1.054736999999999938e+02
1.054866999999999990e+02
1.055023000000000053e+02
1.055227000000000004e+02
1.055532999999999930e+02
1.055861000000000018e+02
1.056046000000000049e+02
1.056166000000000054e+02
1.056248999999999967e+02
1.056470000000000056e+02
1.056714000000000055e+02
1.056920999999999964e+02
1.057052000000000049e+02
1.057604999999999933e+02
1.057997000000000014e+02
1.058311999999999955e+02
1.059258999999999986e+02
1.059337000000000018e+02
1.059495000000000005e+02
1.059628000000000014e+02
1.060062999999999960e+02
1.060634000000000015e+02
1.060922000000000054e+02
1.061312000000000069e+02
1.061388000000000034e+02
1.061443000000000012e+02
1.062751999999999981e+02
1.063674000000000035e+02
1.063674000000000035e+02
1.063816000000000059e+02
1.064013000000000062e+02
1.064163000000000068e+02
1.064198999999999984e+02
1.064470000000000027e+02
1.064535999999999945e+02
1.064907999999999930e+02
1.065203000000000060e+02
1.065320999999999998e+02
1.065833999999999975e+02
1.067173999999999978e+02
1.067318999999999960e+02
1.067673000000000059e+02
1.067853999999999957e+02
1.068028000000000048e+02
1.068491000000000071e+02
1.068658999999999963e+02
1.069116000000000071e+02
1.069672999999999945e+02
1.069672999999999945e+02
1.070007999999999981e+02
1.070414999999999992e+02
1.071176999999999992e+02
1.071299000000000063e+02
1.071490000000000009e+02
1.071577000000000055e+02
1.072301999999999964e+02
1.072690000000000055e+02
1.073251000000000062e+02
1.074221000000000004e+02
1.074909999999999997e+02
1.075961000000000070e+02
1.075961000000000070e+02
1.076514999999999986e+02
1.076779999999999973e+02
1.077028999999999996e+02
1.077523000000000053e+02
1.077758999999999929e+02
1.078067000000000064e+02
1.078543999999999983e+02
1.078629999999999995e+02
1.078901999999999930e+02
1.079137000000000057e+02
1.079449000000000041e+02
1.079526999999999930e+02
1.079638000000000062e+02
1.079804000000000030e+02
1.080247999999999990e+02
1.080327000000000055e+02
1.080327000000000055e+02
1.080538999999999987e+02
1.080769999999999982e+02
1.080918000000000063e+02
1.081004999999999967e+02
1.081343999999999994e+02
1.081581999999999937e+02
1.081829000000000036e+02
1.081962999999999937e+02
1.082323999999999984e+02
1.082469999999999999e+02
1.082909999999999968e+02
1.083302999999999940e+02
1.083949999999999960e+02
1.084462999999999937e+02
1.084941000000000031e+02
1.085320999999999998e+02
1.085613000000000028e+02
1.085765999999999991e+02
1.086540999999999997e+02
1.086624999999999943e+02
1.086894000000000062e+02
1.087871999999999986e+02
1.088280000000000030e+02
1.088280000000000030e+02
1.088329999999999984e+02
1.088644000000000034e+02
1.088769999999999953e+02
1.088769999999999953e+02
1.089831999999999965e+02
1.090241999999999933e+02
1.090511000000000053e+02
1.091286999999999949e+02
1.091530000000000058e+02
1.091869999999999976e+02
1.092171000000000021e+02
1.092694000000000045e+02
1.092930000000000064e+02
1.093135999999999939e+02
1.093298999999999950e+02
1.093345999999999947e+02
1.093619999999999948e+02
1.093983999999999952e+02
1.094645000000000010e+02
1.094799000000000007e+02
1.095109000000000066e+02
1.095163000000000011e+02
1.095486999999999966e+02
1.096096000000000004e+02
1.096337999999999937e+02
1.096616999999999962e+02
1.096902999999999935e+02
1.096902999999999935e+02
1.097215000000000060e+02
1.097601999999999975e+02
1.097668000000000035e+02
1.098024000000000058e+02
1.098323000000000036e+02
1.099579999999999984e+02
1.099694999999999965e+02
1.100344000000000051e+02
1.101400000000000006e+02
1.101574999999999989e+02
1.101602000000000032e+02
1.101760000000000019e+02
1.102485999999999962e+02
1.103355999999999995e+02
1.104706999999999937e+02
1.104784999999999968e+02
1.105007999999999981e+02
1.105297000000000054e+02
1.105465999999999980e+02
1.105511999999999944e+02
1.106449999999999960e+02
1.106594999999999942e+02
1.107145000000000010e+02
1.108114999999999952e+02
1.108328999999999951e+02
1.108628999999999962e+02
1.108889999999999958e+02
1.111141999999999967e+02
1.112210000000000036e+02
1.112282000000000011e+02
1.112319999999999993e+02
1.112503999999999991e+02
1.113453999999999979e+02
1.113588000000000022e+02
1.113661000000000030e+02
1.113688999999999965e+02
1.113875000000000028e+02
1.116201999999999970e+02
1.116398999999999972e+02
1.116650000000000063e+02
1.116872000000000043e+02
1.117407000000000039e+02
1.117964999999999947e+02
1.118310000000000031e+02
1.118746000000000009e+02
1.118902999999999963e+02
1.119646999999999935e+02
1.119947999999999979e+02
1.120734999999999957e+02
1.121149000000000058e+02
1.121466000000000065e+02
1.121946999999999974e+02
1.122222000000000008e+02
1.122896999999999963e+02
1.123228000000000009e+02
1.123391000000000020e+02
1.124161000000000001e+02
1.124231999999999942e+02
1.124231999999999942e+02
1.124389999999999930e+02
1.124873000000000047e+02
1.125251999999999981e+02
1.125841000000000065e+02
1.126543000000000063e+02
1.126671999999999940e+02
1.126882999999999981e+02
1.127190999999999974e+02
1.127610999999999990e+02
1.128499000000000052e+02
1.128683999999999941e+02
1.128760999999999939e+02
1.129030999999999949e+02
1.129201999999999941e+02
1.129382999999999981e+02
1.129702000000000055e+02
1.129984000000000037e+02
1.130122000000000071e+02
1.131045000000000016e+02
1.131145000000000067e+02
1.132262000000000057e+02
1.132262000000000057e+02
1.132305999999999955e+02
1.133130000000000024e+02
1.133211000000000013e+02
1.133958999999999975e+02
1.134604999999999961e+02
1.134946000000000055e+02
1.135014999999999930e+02
1.135161999999999978e+02
1.136047999999999973e+02
1.136141999999999967e+02
1.136727000000000061e+02
1.136811000000000007e+02
1.137890000000000015e+02
1.138063999999999965e+02
1.138143000000000029e+02
1.138415999999999997e+02
1.138849000000000018e+02
1.139064000000000050e+02
1.139140000000000015e+02
1.139347999999999956e+02
1.139705000000000013e+02
1.140699000000000041e+02
1.140934000000000026e+02
1.140996999999999986e+02
1.141210999999999984e+02
1.141210999999999984e+02
1.141684000000000054e+02
1.141769000000000034e+02
1.142137000000000029e+02
1.142339999999999947e+02
1.142522000000000020e+02
1.143152000000000044e+02
1.143449999999999989e+02
1.144590000000000032e+02
1.144946999999999946e+02
1.145129000000000019e+02
1.145129000000000019e+02
1.145194000000000045e+02
1.145379999999999967e+02
1.145562999999999931e+02
1.145812999999999988e+02
1.145845000000000056e+02
1.145986000000000047e+02
1.146427000000000049e+02
1.147519999999999953e+02
1.147760999999999996e+02
1.147760999999999996e+02
1.148157999999999959e+02
1.149729999999999990e+02
1.149729999999999990e+02
1.150122999999999962e+02
1.151227999999999980e+02
1.152537999999999982e+02
1.154278999999999940e+02
1.156020000000000039e+02
1.156855000000000047e+02
1.157027999999999963e+02
1.157027999999999963e+02
1.157472000000000065e+02
1.157847000000000008e+02
1.158097000000000065e+02
1.158233000000000033e+02
1.158773000000000053e+02
1.158953999999999951e+02
1.158983000000000061e+02
1.159851000000000028e+02
1.159851000000000028e+02
1.159851000000000028e+02
1.160905999999999949e+02
1.161145000000000067e+02
1.161550000000000011e+02
1.161894000000000062e+02
1.161992000000000047e+02
1.162421999999999969e+02
1.162732000000000028e+02
1.162822000000000031e+02
1.162852000000000032e+02
1.163419999999999987e+02
1.163717999999999932e+02
1.164004000000000048e+02
1.164543000000000035e+02
1.165099000000000018e+02
1.165287000000000006e+02
1.165544000000000011e+02
1.165544000000000011e+02
1.165571999999999946e+02
1.166248999999999967e+02
1.166444999999999936e+02
1.166444999999999936e+02
1.166533000000000015e+02
1.166734000000000009e+02
1.166783999999999963e+02
1.167280999999999977e+02
1.167386000000000053e+02
1.167891999999999939e+02
1.168204000000000065e+02
1.168314000000000021e+02
1.168376999999999981e+02
1.168725000000000023e+02
1.169052999999999969e+02
1.169125999999999976e+02
1.169268000000000001e+02
1.169296999999999969e+02
1.169621000000000066e+02
1.169701000000000022e+02
1.169758999999999958e+02
1.169859000000000009e+02
1.169920000000000044e+02
1.170211000000000041e+02
1.170594999999999999e+02
1.170729000000000042e+02
1.170807999999999964e+02
1.171169000000000011e+02
1.171260999999999939e+02
1.171688000000000045e+02
1.171748000000000047e+02
1.171953000000000031e+02
1.172152999999999992e+02
1.172403999999999940e+02
1.172494999999999976e+02
1.172494999999999976e+02
1.172664999999999935e+02
1.172747999999999990e+02
1.172806000000000068e+02
1.173263000000000034e+02
1.173559999999999945e+02
1.173682000000000016e+02
1.173722000000000065e+02
1.173888000000000034e+02
1.174548999999999950e+02
1.174655999999999949e+02
1.175223000000000013e+02
1.175332999999999970e+02
1.175844000000000023e+02
1.176529000000000025e+02
1.177006999999999977e+02
1.177055000000000007e+02
1.177430999999999983e+02
1.178445999999999998e+02
1.178496999999999986e+02
1.179270000000000067e+02
1.179295000000000044e+02
1.179761000000000024e+02
1.179805999999999955e+02
1.179906000000000006e+02
1.180318000000000040e+02
1.180361000000000047e+02
1.180841000000000065e+02
1.181370000000000005e+02
1.181406999999999954e+02
1.182322999999999951e+02
1.182552000000000021e+02
1.182625000000000028e+02
1.182625000000000028e+02
1.183276999999999930e+02
1.183571000000000026e+02
1.184183000000000021e+02
1.184257000000000062e+02
1.184637000000000029e+02
1.185263999999999953e+02
1.185336000000000070e+02
1.185443999999999960e+02
1.185568999999999988e+02
1.185888000000000062e+02
1.186522999999999968e+02
1.187105999999999995e+02
1.187225999999999999e+02
1.187258000000000067e+02
1.187548000000000030e+02
1.187603000000000009e+02
1.187801999999999936e+02
1.187998000000000047e+02
1.188115999999999985e+02
1.188246000000000038e+02
1.188431000000000068e+02
1.188620999999999981e+02
1.189228999999999985e+02
1.189856999999999942e+02
1.190028999999999968e+02
1.190146000000000015e+02
1.190318999999999932e+02
1.190871000000000066e+02
1.191136000000000053e+02
1.191633000000000067e+02
1.191855999999999938e+02
1.192346000000000004e+02
1.192445000000000022e+02
1.192888999999999982e+02
1.193027000000000015e+02
1.193143000000000029e+02
1.193406999999999982e+02
1.193472000000000008e+02
1.194382999999999981e+02
1.194382999999999981e+02
1.194461000000000013e+02
1.194612000000000052e+02
1.194906000000000006e+02
1.195364000000000004e+02
1.195444999999999993e+02
1.195688999999999993e+02
1.195786999999999978e+02
1.196062000000000012e+02
1.196901000000000010e+02
1.197229999999999990e+02
1.197229999999999990e+02
1.197275999999999954e+02
1.197390000000000043e+02
1.197660999999999945e+02
1.198292000000000002e+02
1.198292000000000002e+02
1.198375000000000057e+02
1.198439999999999941e+02
1.198513999999999982e+02
1.198683000000000050e+02
1.198816999999999950e+02
1.198816999999999950e+02
1.199094999999999942e+02
1.199231999999999942e+02
1.199402999999999935e+02
1.199467000000000070e+02
1.199877000000000038e+02
1.200117999999999938e+02
1.200254999999999939e+02
1.200254999999999939e+02
1.200387000000000057e+02
1.200425999999999931e+02
1.201359999999999957e+02
1.201992999999999938e+02
1.202147999999999968e+02
1.202570999999999941e+02
1.202630000000000052e+02
1.202630000000000052e+02
1.202892999999999972e+02
1.203375999999999948e+02
1.203475999999999999e+02
1.204634999999999962e+02
1.206012000000000057e+02
1.206670000000000016e+02
1.206697000000000060e+02
1.207095999999999947e+02
1.207274000000000029e+02
1.207787000000000006e+02
1.207993000000000023e+02
1.208262000000000000e+02
1.208713000000000051e+02
1.208988999999999976e+02
1.209099999999999966e+02
1.209207999999999998e+02
1.209363000000000028e+02
1.209465000000000003e+02
1.209523999999999972e+02
1.209770000000000039e+02
1.210147000000000048e+02
1.210501000000000005e+02
1.211006000000000000e+02
1.211102000000000061e+02
1.211163999999999987e+02
1.211343999999999994e+02
1.211343999999999994e+02
1.211462999999999965e+02
1.211620999999999952e+02
1.211940000000000026e+02
1.212149000000000001e+02
1.212622000000000071e+02
1.212806999999999960e+02
1.212985000000000042e+02
1.213130000000000024e+02
1.213224000000000018e+02
1.213302999999999940e+02
1.213389999999999986e+02
1.213849000000000018e+02
1.213980999999999995e+02
1.214024000000000001e+02
1.214231000000000051e+02
1.214275999999999982e+02
1.214335999999999984e+02
1.214578000000000060e+02
1.215270000000000010e+02
1.216461999999999932e+02
1.216667999999999950e+02
1.216812000000000040e+02
1.217429000000000059e+02
1.217456999999999994e+02
1.217780000000000058e+02
1.217934000000000054e+02
1.218121000000000009e+02
1.218349000000000046e+02
1.218673000000000002e+02
1.218752000000000066e+02
1.218810000000000002e+02
1.218863999999999947e+02
1.218863999999999947e+02
1.218918000000000035e+02
1.219048999999999978e+02
1.219090000000000060e+02
1.219090000000000060e+02
1.219346000000000032e+02
1.219501000000000062e+02
1.219893000000000001e+02
1.219972000000000065e+02
1.220237000000000052e+02
1.220349999999999966e+02
1.220537999999999954e+02
1.221328000000000031e+02
1.222313999999999936e+02
1.222832999999999970e+02
1.223485000000000014e+02
1.223576999999999941e+02
1.223773999999999944e+02
1.224054000000000002e+02
1.224411000000000058e+02
1.224834000000000032e+02
1.225332999999999970e+02
1.225452999999999975e+02
1.225622999999999934e+02
1.226079000000000008e+02
1.226341000000000037e+02
1.226950999999999965e+02
1.227240000000000038e+02
1.227293999999999983e+02
1.227404999999999973e+02
1.228028999999999940e+02
1.228178000000000054e+02
1.228305000000000007e+02
1.228389999999999986e+02
1.228796999999999997e+02
1.228936999999999955e+02
1.229086000000000070e+02
1.229542000000000002e+02
1.230073000000000008e+02
1.230348999999999933e+02
1.230845000000000056e+02
1.231033000000000044e+02
1.231096000000000004e+02
1.231332000000000022e+02
1.232202999999999946e+02
1.232254999999999967e+02
1.232271999999999963e+02
1.232271999999999963e+02
1.232308000000000021e+02
1.232442999999999955e+02
1.232968999999999937e+02
1.233092000000000041e+02
1.233141999999999996e+02
1.233392000000000053e+02
1.234556000000000040e+02
1.234672999999999945e+02
1.235020999999999987e+02
1.235562999999999931e+02
1.235994000000000028e+02
1.236307999999999936e+02
1.236671999999999940e+02
1.236868999999999943e+02
1.236906000000000034e+02
1.236984000000000066e+02
1.237322000000000060e+02
1.237445000000000022e+02
1.237836000000000070e+02
1.237897999999999996e+02
1.238188999999999993e+02
1.238276000000000039e+02
1.238465999999999951e+02
1.238683000000000050e+02
1.238713999999999942e+02
1.238866000000000014e+02
1.239167000000000058e+02
1.239450999999999965e+02
1.239633999999999929e+02
1.239866999999999990e+02
1.240247999999999990e+02
1.240383000000000067e+02
1.240840000000000032e+02
1.240956000000000046e+02
1.241351999999999975e+02
1.241948000000000008e+02
1.241948000000000008e+02
1.242010999999999967e+02
1.242503999999999991e+02
1.242622999999999962e+02
1.243016999999999967e+02
1.243216000000000037e+02
1.243560999999999979e+02
1.243699000000000012e+02
1.243750000000000000e+02
1.244377000000000066e+02
1.244720999999999975e+02
1.244720999999999975e+02
1.244769000000000005e+02
1.246633999999999958e+02
1.246666000000000025e+02
1.246932000000000045e+02
1.247103000000000037e+02
1.247181999999999960e+02
1.247300999999999931e+02
1.248606000000000051e+02
1.248930000000000007e+02
1.249072000000000031e+02
1.249171000000000049e+02
1.249489999999999981e+02
1.250024999999999977e+02
1.250138000000000034e+02
1.250443999999999960e+02
1.250550000000000068e+02
1.250819000000000045e+02
1.251573999999999955e+02
1.251748000000000047e+02
1.252025000000000006e+02
1.252139999999999986e+02
1.252305999999999955e+02
1.252582000000000022e+02
1.252797999999999945e+02
1.252871999999999986e+02
1.252964999999999947e+02
1.253114999999999952e+02
1.253624999999999972e+02
1.254876000000000005e+02
1.255293999999999954e+02
1.255331999999999937e+02
1.255486999999999966e+02
1.255601999999999947e+02
1.255638000000000005e+02
1.255696999999999974e+02
1.256166999999999945e+02
1.256273000000000053e+02
1.256457000000000050e+02
1.257329000000000008e+02
1.257416000000000054e+02
1.257864000000000004e+02
1.258020000000000067e+02
1.258281000000000063e+02
1.258572999999999951e+02
1.259086000000000070e+02
1.259368999999999943e+02
1.259438999999999993e+02
1.259950999999999937e+02
1.260413999999999959e+02
1.260460999999999956e+02
1.260728000000000009e+02
1.261042999999999950e+02
1.261085999999999956e+02
1.262108999999999952e+02
1.263196999999999974e+02
1.263626000000000005e+02
1.263810000000000002e+02
1.264381000000000057e+02
1.264471000000000060e+02
1.264912000000000063e+02
1.265104000000000042e+02
1.265147999999999939e+02
1.265285999999999973e+02
1.265413999999999959e+02
1.265443999999999960e+02
1.265499999999999972e+02
1.265618000000000052e+02
1.265696999999999974e+02
1.265986999999999938e+02
1.266196999999999946e+02
1.266637000000000057e+02
1.266791000000000054e+02
1.267291000000000025e+02
1.267363000000000000e+02
1.267609999999999957e+02
1.268075999999999937e+02
1.268323000000000036e+02
1.268679000000000059e+02
1.268889999999999958e+02
1.268977000000000004e+02
1.269311000000000007e+02
1.269389999999999930e+02
1.269596999999999980e+02
1.269770000000000039e+02
1.269832999999999998e+02
1.270254999999999939e+02
1.270429000000000030e+02
1.270481000000000051e+02
1.270926999999999936e+02
1.270978000000000065e+02
1.271098999999999961e+02
1.271448000000000036e+02
1.271551999999999936e+02
1.271790000000000020e+02
1.272522000000000020e+02
1.272738999999999976e+02
1.272827000000000055e+02
1.273111999999999995e+02
1.273201999999999998e+02
1.273308999999999997e+02
1.273836000000000013e+02
1.274009999999999962e+02
1.274104999999999990e+02
1.274468999999999994e+02
1.274535000000000053e+02
1.274663000000000039e+02
1.275190000000000055e+02
1.275424000000000007e+02
1.275678999999999945e+02
1.275721999999999952e+02
1.276285000000000025e+02
1.276406999999999954e+02
1.276509999999999962e+02
1.276830999999999960e+02
1.277369999999999948e+02
1.277429000000000059e+02
1.277497000000000043e+02
1.277562999999999960e+02
1.277754000000000048e+02
1.277840999999999951e+02
1.278037000000000063e+02
1.278475999999999999e+02
1.278648000000000025e+02
1.279463999999999970e+02
1.279711000000000070e+02
1.280007999999999981e+02
1.280093999999999994e+02
1.280288999999999930e+02
1.280712000000000046e+02
1.281690999999999860e+02
1.281996000000000038e+02
1.282897000000000105e+02
1.283428000000000111e+02
1.283628999999999962e+02
1.283761000000000081e+02
1.283879000000000019e+02
1.284225000000000136e+02
1.284593000000000131e+02
1.284715999999999951e+02
1.285115999999999872e+02
1.285488000000000000e+02
1.286099000000000103e+02
1.286210000000000093e+02
1.286838999999999942e+02
1.286974999999999909e+02
1.287308999999999912e+02
1.287923999999999864e+02
1.288042000000000087e+02
1.288276999999999930e+02
1.288567999999999927e+02
1.288808999999999969e+02
1.288910999999999945e+02
1.288910999999999945e+02
1.289111000000000047e+02
1.289199999999999875e+02
1.289199999999999875e+02
1.289290000000000020e+02
1.289622999999999990e+02
1.289685000000000059e+02
1.289739999999999895e+02
1.289874000000000080e+02
1.290075999999999965e+02
1.290134999999999934e+02
1.290365999999999929e+02
1.290999999999999943e+02
1.291727999999999952e+02
1.292069999999999936e+02
1.292196000000000140e+02
1.292565999999999917e+02
1.292600999999999942e+02
1.292683000000000106e+02
1.292802000000000078e+02
1.293063999999999965e+02
1.293637999999999977e+02
1.293779000000000110e+02
1.294002999999999872e+02
1.294077000000000055e+02
1.294123999999999910e+02
1.294720000000000084e+02
1.295055999999999869e+02
1.295400999999999954e+02
1.295516000000000076e+02
1.295576000000000079e+02
1.296414000000000044e+02
1.296629000000000076e+02
1.296692999999999927e+02
1.296802999999999884e+02
1.297421999999999969e+02
1.297557999999999936e+02
1.298009000000000128e+02
1.298243999999999971e+02
1.298243999999999971e+02
1.298552999999999997e+02
1.299107999999999947e+02
1.299251999999999896e+02
1.299377000000000066e+02
1.299680999999999926e+02
1.299702000000000055e+02
1.299894999999999925e+02
1.300467999999999904e+02
1.300829999999999984e+02
1.301064000000000078e+02
1.301106000000000051e+02
1.301511999999999887e+02
1.301543000000000063e+02
1.301690999999999860e+02
1.301785000000000139e+02
1.302035999999999945e+02
1.302630000000000052e+02
1.303108000000000004e+02
1.303744000000000085e+02
1.304013999999999953e+02
1.304139999999999873e+02
1.304139999999999873e+02
1.304447999999999865e+02
1.304792999999999950e+02
1.304933000000000050e+02
1.305175999999999874e+02
1.305467999999999904e+02
1.305594000000000108e+02
1.306278000000000077e+02
1.306408000000000129e+02
1.307019999999999982e+02
1.307088999999999999e+02
1.307103999999999928e+02
1.307969999999999970e+02
1.308051000000000101e+02
1.308138999999999896e+02
1.308262000000000000e+02
1.308354999999999961e+02
1.308600000000000136e+02
1.309198000000000093e+02
1.310315999999999974e+02
1.310957999999999970e+02
1.311131000000000029e+02
1.311227000000000089e+02
1.311393999999999949e+02
1.311518000000000086e+02
1.311894000000000062e+02
1.312265999999999906e+02
1.312321000000000026e+02
1.312378999999999962e+02
1.313091000000000008e+02
1.313395999999999901e+02
1.313576999999999941e+02
1.313694999999999879e+02
1.313804000000000087e+02
1.314089999999999918e+02
1.314808999999999912e+02
1.315166999999999859e+02
1.315408999999999935e+02
1.315757999999999868e+02
1.315888999999999953e+02
1.316282999999999959e+02
1.317136999999999887e+02
1.317204000000000121e+02
1.318262000000000000e+02
1.318557999999999879e+02
1.318591000000000122e+02
1.318667000000000087e+02
1.318667000000000087e+02
1.318836000000000013e+02
1.319172000000000082e+02
1.319242000000000132e+02
1.319242000000000132e+02
1.319476999999999975e+02
1.319781000000000120e+02
1.320845999999999947e+02
1.320981999999999914e+02
1.321445999999999970e+02
1.321507000000000005e+02
1.321696000000000026e+02
1.322516999999999996e+02
1.322633999999999901e+02
1.322633999999999901e+02
1.322724000000000046e+02
1.323009999999999877e+02
1.323230000000000075e+02
1.323393000000000086e+02
1.324258000000000095e+02
1.324583000000000084e+02
1.324944999999999879e+02
1.325552000000000135e+02
1.325552000000000135e+02
1.326191000000000031e+02
1.326376999999999953e+02
1.326870000000000118e+02
1.326940999999999917e+02
1.327139999999999986e+02
1.327370999999999981e+02
1.328402000000000100e+02
1.328549999999999898e+02
1.328788000000000125e+02
1.329106999999999914e+02
1.329163000000000068e+02
1.329208999999999889e+02
1.330072999999999865e+02
1.330204999999999984e+02
1.330910000000000082e+02
1.331680000000000064e+02
1.331852000000000089e+02
1.331908999999999992e+02
1.331992999999999938e+02
1.332168000000000063e+02
1.332330000000000041e+02
1.333177000000000021e+02
1.333446999999999889e+02
1.333810000000000002e+02
1.333870000000000005e+02
1.334672999999999945e+02
1.334809999999999945e+02
1.335454000000000008e+02
1.336197999999999979e+02
1.336291999999999973e+02
1.336718999999999937e+02
1.337661999999999978e+02
1.338054999999999950e+02
1.338539000000000101e+02
1.339105000000000132e+02
1.339319000000000131e+02
1.340447000000000060e+02
1.340936000000000092e+02
1.341184000000000083e+02
1.341278000000000077e+02
1.341568000000000040e+02
1.341974999999999909e+02
1.342190999999999974e+02
1.342456999999999994e+02
1.343201999999999998e+02
1.343341000000000065e+02
1.343915000000000077e+02
1.344333000000000027e+02
1.344834999999999923e+02
1.345483999999999867e+02
1.345545999999999935e+02
1.346180999999999983e+02
1.346488999999999976e+02
1.346569000000000074e+02
1.346875000000000000e+02
1.347258999999999958e+02
1.347572999999999865e+02
1.347664000000000044e+02
1.348053999999999917e+02
1.348434000000000026e+02
1.348824999999999932e+02
1.349067000000000007e+02
1.349359000000000037e+02
1.349739999999999895e+02
1.350190000000000055e+02
1.350778999999999996e+02
1.351006999999999891e+02
1.351765000000000043e+02
1.351976999999999975e+02
1.352004000000000019e+02
1.352257999999999925e+02
1.352361999999999966e+02
1.352708000000000084e+02
1.352708000000000084e+02
1.352872000000000128e+02
1.353428999999999860e+02
1.353523999999999887e+02
1.353619999999999948e+02
1.354470000000000027e+02
1.354718000000000018e+02
1.354831000000000074e+02
1.356076999999999941e+02
1.356299999999999955e+02
1.356359999999999957e+02
1.356621000000000095e+02
1.356690000000000111e+02
1.357239999999999895e+02
1.357410000000000139e+02
1.358248000000000104e+02
1.358456999999999937e+02
1.358537000000000035e+02
1.358679999999999950e+02
1.359136000000000024e+02
1.359253999999999962e+02
1.359881000000000029e+02
1.360512999999999977e+02
1.360570999999999913e+02
1.360988999999999862e+02
1.361246999999999900e+02
1.361477999999999895e+02
1.362218000000000018e+02
1.363002999999999929e+02
1.363187000000000069e+02
1.363427000000000078e+02
1.363607000000000085e+02
1.363927999999999940e+02
1.365318000000000040e+02
1.366034999999999968e+02
1.366630000000000109e+02
1.366954000000000065e+02
1.367227000000000032e+02
1.367344999999999970e+02
1.367659999999999911e+02
1.367903000000000020e+02
1.368345999999999947e+02
1.368728000000000122e+02
1.368779000000000110e+02
1.368900999999999897e+02
1.370155000000000030e+02
1.370738000000000056e+02
1.372374000000000080e+02
1.373420000000000130e+02
1.373531999999999869e+02
1.373601999999999919e+02
1.373997999999999990e+02
1.374548000000000059e+02
1.375701999999999998e+02
1.375809000000000140e+02
1.376444999999999936e+02
1.377006000000000085e+02
1.377211000000000070e+02
1.378363999999999976e+02
1.378446999999999889e+02
1.378524999999999920e+02
1.378609999999999900e+02
1.378841999999999928e+02
1.379017000000000053e+02
1.379281000000000006e+02
1.379526999999999930e+02
1.380122000000000071e+02
1.380537999999999954e+02
1.381006999999999891e+02
1.381113000000000000e+02
1.381690000000000111e+02
1.381944000000000017e+02
1.382030000000000030e+02
1.382194000000000074e+02
1.382690000000000055e+02
1.383129999999999882e+02
1.383512000000000057e+02
1.384111000000000047e+02
1.384211999999999989e+02
1.384211999999999989e+02
1.384570999999999970e+02
1.384810999999999979e+02
1.385432000000000130e+02
1.386024999999999920e+02
1.386886000000000081e+02
1.386901000000000010e+02
1.386947000000000116e+02
1.387019999999999982e+02
1.387355000000000018e+02
1.387436999999999898e+02
1.387595000000000027e+02
1.387680000000000007e+02
1.387761000000000138e+02
1.387901999999999987e+02
1.389507000000000119e+02
1.391347000000000094e+02
1.391536000000000115e+02
1.391819000000000131e+02
1.391904999999999859e+02
1.392038000000000011e+02
1.392927999999999997e+02
1.393385000000000105e+02
1.393437000000000126e+02
1.394266000000000076e+02
1.394681999999999960e+02
1.395149999999999864e+02
1.395149999999999864e+02
1.395399999999999920e+02
1.395554999999999950e+02
1.396122000000000014e+02
1.396576000000000022e+02
1.397083000000000084e+02
1.397363000000000000e+02
1.397958999999999889e+02
1.399389999999999930e+02
1.400109999999999957e+02
1.400811999999999955e+02
1.401399000000000115e+02
1.401539999999999964e+02
1.401843000000000075e+02
1.402083000000000084e+02
1.402512000000000114e+02
1.402770999999999901e+02
1.403308000000000106e+02
1.403812000000000069e+02
1.404756999999999891e+02
1.405076999999999998e+02
1.406452999999999918e+02
1.406878000000000100e+02
1.407201000000000022e+02
1.407461999999999875e+02
1.408181999999999903e+02
1.408577999999999975e+02
1.409445000000000050e+02
1.409542999999999893e+02
1.409627000000000123e+02
1.410799000000000092e+02
1.410939999999999941e+02
1.411089000000000055e+02
1.411175000000000068e+02
1.411242000000000019e+02
1.411942999999999984e+02
1.412651999999999930e+02
1.412976999999999919e+02
1.413747999999999934e+02
1.414009000000000071e+02
1.414496000000000038e+02
1.414593999999999880e+02
1.415036000000000058e+02
1.415132999999999868e+02
1.415605999999999938e+02
1.416117999999999881e+02
1.416244000000000085e+02
1.416870999999999867e+02
1.418526999999999987e+02
1.418831000000000131e+02
1.419171000000000049e+02
1.419590000000000032e+02
1.420348999999999933e+02
1.420553999999999917e+02
1.420812999999999988e+02
1.421339000000000112e+02
1.421957999999999913e+02
1.422065000000000055e+02
1.422793000000000063e+02
1.422967999999999904e+02
1.423162000000000091e+02
1.423331000000000017e+02
1.423352999999999895e+02
1.423838000000000079e+02
1.424670999999999879e+02
1.424762000000000057e+02
1.424932000000000016e+02
1.425135999999999967e+02
1.426208000000000027e+02
1.426416999999999859e+02
1.426709999999999923e+02
1.426886000000000081e+02
1.427074000000000069e+02
1.427180999999999926e+02
1.427641999999999882e+02
1.427735000000000127e+02
1.427735000000000127e+02
1.428456999999999937e+02
1.428999000000000024e+02
1.429077000000000055e+02
1.429930999999999983e+02
1.431158000000000072e+02
1.431259000000000015e+02
1.431485000000000127e+02
1.431671000000000049e+02
1.432797999999999945e+02
1.432821000000000140e+02
1.433079999999999927e+02
1.433947000000000003e+02
1.434119000000000028e+02
1.434509999999999934e+02
1.434624000000000024e+02
1.435184999999999889e+02
1.435218999999999880e+02
1.435454000000000008e+02
1.435510999999999910e+02
1.435549000000000035e+02
1.435577999999999861e+02
1.436425999999999874e+02
1.436658999999999935e+02
1.437286000000000001e+02
1.437827000000000055e+02
1.442470000000000141e+02
1.443785000000000025e+02
1.444396000000000129e+02
1.444720000000000084e+02
1.444807000000000130e+02
1.446433000000000106e+02
1.447473999999999990e+02
1.448232000000000141e+02
1.448463000000000136e+02
1.448512000000000057e+02
1.449071999999999889e+02
1.449344000000000108e+02
1.449512000000000000e+02
1.449764000000000124e+02
1.449857000000000085e+02
1.450346999999999866e+02
1.450370000000000061e+02
1.451382000000000119e+02
1.451431000000000040e+02
1.451699999999999875e+02
1.452494000000000085e+02
1.452683000000000106e+02
1.452733000000000061e+02
1.452820000000000107e+02
1.452969999999999970e+02
1.454293999999999869e+02
1.454516999999999882e+02
1.455007999999999981e+02
1.455035000000000025e+02
1.455448000000000093e+02
1.456145999999999958e+02
1.456459000000000117e+02
1.456877000000000066e+02
1.460289999999999964e+02
1.460450999999999908e+02
1.460931999999999960e+02
1.461056000000000097e+02
1.462170000000000130e+02
1.462665000000000077e+02
1.465103000000000009e+02
1.465226999999999862e+02
1.465427999999999997e+02
1.465427999999999997e+02
1.465927000000000078e+02
1.465980999999999881e+02
1.465980999999999881e+02
1.466285000000000025e+02
1.466619000000000028e+02
1.466774000000000058e+02
1.466826000000000079e+02
1.467194000000000074e+02
1.467238999999999862e+02
1.469111000000000047e+02
1.469707999999999970e+02
1.470948999999999955e+02
1.471183000000000050e+02
1.471906999999999925e+02
1.472855000000000132e+02
1.473009999999999877e+02
1.473392000000000053e+02
1.474069000000000074e+02
1.474687999999999874e+02
1.474783999999999935e+02
1.475711000000000013e+02
1.476074000000000126e+02
1.477346000000000004e+02
1.478581000000000074e+02
1.478639000000000010e+02
1.478751000000000033e+02
1.479062000000000126e+02
1.480347999999999900e+02
1.480767999999999915e+02
1.481362000000000023e+02
1.481631999999999891e+02
1.481843000000000075e+02
1.481843000000000075e+02
1.482586000000000013e+02
1.483618999999999915e+02
1.483751000000000033e+02
1.484516000000000133e+02
1.484875999999999863e+02
1.486828999999999894e+02
1.487684000000000140e+02
1.490174000000000092e+02
1.490738000000000056e+02
1.491133000000000095e+02
1.492164999999999964e+02
1.493175999999999988e+02
1.493247000000000071e+02
1.493488000000000113e+02
1.494976000000000056e+02
1.495331999999999937e+02
1.495866000000000042e+02
1.496041999999999916e+02
1.496486999999999910e+02
1.497327999999999975e+02
1.497827000000000055e+02
1.498318999999999903e+02
1.498669999999999902e+02
1.498913000000000011e+02
1.500100999999999942e+02
1.501103999999999985e+02
1.502729999999999961e+02
1.502852000000000032e+02
1.507253000000000043e+02
1.507595000000000027e+02
1.507990000000000066e+02
1.508470000000000084e+02
1.508649000000000058e+02
1.509076000000000022e+02
1.510338999999999885e+02
1.510645000000000095e+02
1.510814000000000021e+02
1.512856999999999914e+02
1.512887000000000057e+02
1.514852999999999952e+02
1.515271999999999935e+02
1.515271999999999935e+02
1.515536999999999921e+02
1.519052000000000078e+02
1.520612000000000137e+02
1.520740000000000123e+02
1.520792999999999893e+02
1.520909000000000049e+02
1.521841000000000008e+02
1.522201000000000022e+02
1.523378999999999905e+02
1.523600999999999885e+02
1.523812000000000069e+02
1.526636000000000024e+02
1.527019999999999982e+02
1.527135000000000105e+02
1.527471999999999923e+02
1.527580000000000098e+02
1.528123999999999967e+02
1.528319999999999936e+02
1.529431999999999903e+02
1.529996999999999900e+02
1.530206000000000017e+02
1.532744000000000142e+02
1.533260999999999967e+02
1.533699000000000012e+02
1.534104000000000099e+02
1.534898000000000025e+02
1.537437999999999931e+02
1.538232999999999890e+02
1.539490000000000123e+02
1.540449000000000126e+02
1.541895000000000095e+02
1.542135000000000105e+02
1.542230000000000132e+02
1.542846999999999866e+02
1.542846999999999866e+02
1.543506999999999891e+02
1.543689999999999998e+02
1.546793000000000120e+02
1.546831999999999994e+02
1.546984999999999957e+02
1.547231999999999914e+02
1.547439999999999998e+02
1.550251000000000090e+02
1.552523999999999944e+02
1.552924999999999898e+02
1.553754000000000133e+02
1.553841999999999928e+02
1.554741999999999962e+02
1.555618000000000052e+02
1.557023000000000081e+02
1.557886000000000024e+02
1.558025000000000091e+02
1.558316000000000088e+02
1.559158999999999935e+02
1.560735999999999990e+02
1.561490000000000009e+02
1.562433000000000050e+02
1.562670999999999992e+02
1.563694999999999879e+02
1.564187000000000012e+02
1.564541999999999859e+02
1.565055000000000121e+02
1.565477999999999952e+02
1.565629999999999882e+02
1.566573999999999955e+02
1.566868000000000052e+02
1.568504000000000076e+02
1.568812000000000069e+02
1.568812000000000069e+02
1.569634000000000071e+02
1.569939999999999998e+02
1.571196999999999946e+02
1.571257999999999981e+02
1.573477000000000032e+02
1.576373000000000104e+02
1.576932999999999936e+02
1.577615999999999872e+02
1.577789999999999964e+02
1.578148999999999944e+02
1.579394000000000062e+02
1.579499999999999886e+02
1.579694000000000074e+02
1.579895999999999958e+02
1.579970999999999890e+02
1.580394000000000005e+02
1.580713000000000079e+02
1.581276000000000010e+02
1.581382000000000119e+02
1.582178000000000111e+02
1.582866999999999962e+02
1.583086000000000126e+02
1.585151999999999930e+02
1.587392999999999859e+02
1.589605999999999995e+02
1.589843999999999937e+02
1.591920000000000073e+02
1.592778000000000134e+02
1.596086999999999989e+02
1.596196999999999946e+02
1.596944000000000017e+02
1.597644999999999982e+02
1.597644999999999982e+02
1.597753999999999905e+02
1.600460999999999956e+02
1.601637000000000057e+02
1.602042999999999893e+02
1.602042999999999893e+02
1.602564999999999884e+02
1.602875999999999976e+02
1.603764999999999930e+02
1.604390999999999963e+02
1.604431999999999903e+02
1.604891000000000076e+02
1.605261000000000138e+02
1.605377000000000010e+02
1.606724000000000103e+02
1.606978000000000009e+02
1.608240999999999872e+02
1.609078000000000088e+02
1.609234999999999900e+02
1.609234999999999900e+02
1.610312000000000126e+02
1.611233000000000004e+02
1.612403999999999940e+02
1.613582000000000107e+02
1.614656999999999982e+02
1.614839000000000055e+02
1.615049999999999955e+02
1.616915999999999940e+02
1.617091000000000065e+02
1.617446999999999946e+02
1.618992000000000075e+02
1.621293000000000006e+02
1.621659999999999968e+02
1.622248999999999910e+02
1.623897000000000048e+02
1.624893999999999892e+02
1.625331999999999937e+02
1.625998999999999910e+02
1.627092000000000098e+02
1.627281000000000120e+02
1.629276000000000124e+02
1.632030000000000030e+02
1.635927000000000078e+02
1.641024999999999920e+02
1.641728999999999985e+02
1.642778000000000134e+02
1.646362000000000023e+02
1.647424000000000035e+02
1.647879000000000076e+02
1.648682000000000016e+02
1.653695999999999913e+02
1.654244999999999948e+02
1.656596000000000117e+02
1.657598000000000127e+02
1.658606000000000051e+02
1.662291999999999916e+02
1.664348999999999990e+02
1.665946000000000140e+02
1.673249000000000137e+02
1.673877999999999986e+02
1.675130000000000052e+02
1.675837999999999965e+02
1.683004999999999995e+02
1.683385000000000105e+02
1.687033999999999878e+02
1.688165999999999940e+02
1.689906000000000006e+02
1.690395000000000039e+02
1.694583000000000084e+02
1.696539999999999964e+02
1.698269999999999982e+02
1.700446000000000026e+02
1.705711000000000013e+02
1.711194000000000131e+02
1.717420999999999935e+02
1.718112000000000137e+02
1.722238999999999862e+02
1.723129999999999882e+02
1.724843999999999937e+02
1.725319000000000074e+02
1.729762000000000057e+02
1.729864000000000033e+02
1.734035000000000082e+02
1.734653999999999883e+02
1.735235999999999876e+02
1.735358999999999980e+02
1.737147999999999968e+02
1.743791999999999973e+02
1.751699999999999875e+02
1.765947999999999922e+02
1.772086999999999932e+02
1.777090000000000032e+02
1.781860000000000070e+02
1.879089999999999918e+02
1.883050000000000068e+02
1.889519999999999982e+02
1.911699999999999875e+02
1.929250000000000114e+02
1.929679999999999893e+02
1.939799999999999898e+02
1.949900000000000091e+02
1.983739999999999952e+02
2.015579999999999927e+02
2.031279999999999859e+02
2.033060000000000116e+02
2.037110000000000127e+02
2.042230000000000132e+02
2.050029999999999859e+02
2.068160000000000025e+02
2.085250000000000057e+02
2.104000000000000057e+02
2.116239999999999952e+02
2.129279999999999973e+02
2.131359999999999957e+02
2.144910000000000139e+02
2.144919999999999902e+02
2.165850000000000080e+02
2.175349999999999966e+02
2.190999999999999943e+02
2.202909999999999968e+02
2.203269999999999982e+02
2.223300000000000125e+02
2.233799999999999955e+02
2.241690000000000111e+02
2.246220000000000141e+02
2.250000000000000000e+02
2.252220000000000084e+02
2.252620000000000005e+02
2.269540000000000077e+02
2.272419999999999902e+02
2.275080000000000098e+02
2.288209999999999980e+02
2.288909999999999911e+02
2.289979999999999905e+02
2.293110000000000070e+02
2.308750000000000000e+02
2.311670000000000016e+02
2.316210000000000093e+02
2.319000000000000057e+02
2.326810000000000116e+02
2.340900000000000034e+02
2.357820000000000107e+02
2.369000000000000057e+02
2.378009999999999877e+02
2.384370000000000118e+02
2.387539999999999907e+02
2.390260000000000105e+02
2.396899999999999977e+02
2.402599999999999909e+02
2.403820000000000050e+02
2.418789999999999907e+02
2.425610000000000070e+02
2.428779999999999859e+02
2.428940000000000055e+02
2.429840000000000089e+02
2.437429999999999950e+02
2.440800000000000125e+02
2.451709999999999923e+02
2.468189999999999884e+02
2.471759999999999877e+02
2.487920000000000016e+02
2.489490000000000123e+02
2.490869999999999891e+02
2.496570000000000107e+02
2.499250000000000114e+02
2.506680000000000064e+02
2.509259999999999877e+02
2.514830000000000041e+02
2.515790000000000077e+02
2.516339999999999861e+02
2.525060000000000002e+02
2.530169999999999959e+02
2.537249999999999943e+02
2.539960000000000093e+02
2.550229999999999961e+02
2.553019999999999925e+02
2.596779999999999973e+02
2.603919999999999959e+02
2.617540000000000191e+02
2.620350000000000250e+02
2.626120000000000232e+02
2.628809999999999718e+02
2.640140000000000100e+02
2.647679999999999723e+02
2.651650000000000205e+02
2.658960000000000150e+02
2.660240000000000009e+02
2.675360000000000014e+02
2.677950000000000159e+02
2.699230000000000018e+02
2.703199999999999932e+02
2.706689999999999827e+02
2.713929999999999723e+02
2.719850000000000136e+02
2.730729999999999791e+02
2.734769999999999754e+02
2.739289999999999736e+02
2.748419999999999845e+02
2.754669999999999845e+02
2.755729999999999791e+02
2.770659999999999741e+02
2.772490000000000236e+02
2.774060000000000059e+02
2.774820000000000277e+02
2.775590000000000259e+02
2.794089999999999918e+02
2.795029999999999859e+02
2.800810000000000173e+02
2.804069999999999823e+02
2.809340000000000259e+02
2.819080000000000155e+02
2.823100000000000023e+02
2.831129999999999995e+02
2.835539999999999736e+02
2.853949999999999818e+02
2.861519999999999868e+02
2.865889999999999986e+02
2.876689999999999827e+02
2.878360000000000127e+02
2.889049999999999727e+02
2.894069999999999823e+02
2.894710000000000036e+02
2.898720000000000141e+02
2.906750000000000114e+02
2.913109999999999786e+02
2.914390000000000214e+02
2.920190000000000055e+02
2.922239999999999895e+02
2.930649999999999977e+02
2.943620000000000232e+02
2.945609999999999786e+02
2.959959999999999809e+02
2.961610000000000014e+02
2.998840000000000146e+02
3.002040000000000077e+02
3.003149999999999977e+02
3.018759999999999764e+02
3.032099999999999795e+02
3.037330000000000041e+02
3.043530000000000086e+02
3.065600000000000023e+02
3.072830000000000155e+02
3.100939999999999941e+02
3.140299999999999727e+02
3.157470000000000141e+02
3.201639999999999873e+02
3.204970000000000141e+02
3.231220000000000141e+02
3.234350000000000023e+02
3.251299999999999955e+02
3.252919999999999732e+02
3.256859999999999786e+02
3.269359999999999786e+02
3.282919999999999732e+02
3.291170000000000186e+02
3.302810000000000059e+02
3.316000000000000227e+02
3.324759999999999991e+02
3.409110000000000014e+02
3.428910000000000196e+02
3.484429999999999836e+02
3.486270000000000095e+02
3.629139999999999873e+02
3.639830000000000041e+02
3.644209999999999923e+02
3.664139999999999873e+02
3.673039999999999736e+02
3.675090000000000146e+02
3.700960000000000036e+02
3.707579999999999814e+02
3.819769999999999754e+02
3.901840000000000259e+02
3.924069999999999823e+02
3.949519999999999982e+02
3.967479999999999905e+02
3.997699999999999818e+02
4.119850000000000136e+02
4.165729999999999791e+02
4.193609999999999900e+02
4.328279999999999745e+02
4.393059999999999832e+02
4.443799999999999955e+02
4.446800000000000068e+02
4.500020000000000095e+02
4.522169999999999845e+02
4.553700000000000045e+02
4.880889999999999986e+02
5.045450000000000159e+02
5.060889999999999986e+02
5.229120000000000346e+02
5.302490000000000236e+02
5.370480000000000018e+02
5.392290000000000418e+02
5.477290000000000418e+02
5.480019999999999527e+02
5.765170000000000528e+02
5.841739999999999782e+02
5.846459999999999582e+02
6.027709999999999582e+02
6.320119999999999436e+02
6.328329999999999700e+02
6.525249999999999773e+02
6.712269999999999754e+02
6.761889999999999645e+02
6.844489999999999554e+02
7.115689999999999600e+02
8.227000000000000455e+02
