2.782219999999999800e+02
2.785299999999999727e+02
2.806940000000000168e+02
2.816600000000000250e+02
2.898820000000000050e+02
2.899789999999999850e+02
2.905099999999999909e+02
2.905790000000000077e+02
2.911250000000000000e+02
2.918849999999999909e+02
2.919649999999999750e+02
2.926940000000000168e+02
2.929110000000000014e+02
2.930570000000000164e+02
2.931840000000000259e+02
2.933179999999999836e+02
2.934159999999999968e+02
2.939399999999999977e+02
2.939809999999999945e+02
2.942250000000000227e+02
2.946120000000000232e+02
2.946859999999999786e+02
2.950919999999999845e+02
2.955319999999999823e+02
2.964340000000000259e+02
2.967710000000000150e+02
2.968410000000000082e+02
2.973369999999999891e+02
2.978679999999999950e+02
2.979239999999999782e+02
2.981100000000000136e+02
2.982099999999999795e+02
2.987819999999999823e+02
2.989080000000000155e+02
2.992180000000000177e+02
2.997269999999999754e+02
3.001179999999999950e+02
3.010450000000000159e+02
3.029730000000000132e+02
3.043500000000000227e+02
3.044010000000000105e+02
3.061209999999999809e+02
3.070210000000000150e+02
3.092230000000000132e+02
3.092839999999999918e+02
3.093489999999999895e+02
3.105020000000000095e+02
3.105939999999999941e+02
3.124780000000000086e+02
3.160120000000000005e+02
3.162649999999999864e+02
3.164100000000000250e+02
3.175409999999999968e+02
3.180330000000000155e+02
3.186039999999999850e+02
3.188519999999999754e+02
3.190149999999999864e+02
3.194470000000000027e+02
3.195480000000000018e+02
3.199390000000000214e+02
3.201150000000000091e+02
3.201929999999999836e+02
3.202590000000000146e+02
3.205409999999999968e+02
3.207730000000000246e+02
3.208899999999999864e+02
3.216009999999999991e+02
3.217080000000000268e+02
3.221870000000000118e+02
3.225799999999999841e+02
3.232789999999999964e+02
3.233559999999999945e+02
3.242330000000000041e+02
3.243899999999999864e+02
3.244340000000000259e+02
3.245099999999999909e+02
3.246190000000000282e+02
3.247289999999999850e+02
3.248500000000000227e+02
3.253020000000000209e+02
3.261480000000000246e+02
3.274049999999999727e+02
3.275649999999999977e+02
3.276179999999999950e+02
3.293509999999999991e+02
3.294560000000000173e+02
3.297860000000000014e+02
3.298820000000000050e+02
3.299420000000000073e+02
3.302710000000000150e+02
3.307540000000000191e+02
3.307610000000000241e+02
3.308609999999999900e+02
3.309700000000000273e+02
3.313600000000000136e+02
3.316290000000000191e+02
3.317909999999999968e+02
3.321569999999999823e+02
3.321800000000000068e+02
3.328149999999999977e+02
3.332479999999999905e+02
3.333299999999999841e+02
3.338670000000000186e+02
3.339359999999999786e+02
3.339900000000000091e+02
3.348829999999999814e+02
3.350590000000000259e+02
3.352780000000000200e+02
3.357570000000000050e+02
3.359379999999999882e+02
3.359809999999999945e+02
3.363229999999999791e+02
3.366170000000000186e+02
3.369830000000000041e+02
3.371610000000000014e+02
3.372160000000000082e+02
3.376770000000000209e+02
3.377730000000000246e+02
3.377909999999999968e+02
3.378340000000000032e+02
3.380480000000000018e+02
3.382789999999999964e+02
3.382939999999999827e+02
3.383670000000000186e+02
3.391299999999999955e+02
3.392379999999999995e+02
3.394639999999999986e+02
3.395289999999999964e+02
3.419859999999999900e+02
3.466089999999999804e+02
3.474630000000000223e+02
3.484200000000000159e+02
3.586890000000000214e+02
3.633249999999999886e+02
3.700240000000000009e+02
3.721650000000000205e+02
3.727040000000000077e+02
3.727169999999999845e+02
3.727850000000000250e+02
3.733090000000000259e+02
3.745840000000000032e+02
3.754700000000000273e+02
3.757010000000000218e+02
3.758890000000000100e+02
3.759409999999999741e+02
3.775450000000000159e+02
3.777780000000000200e+02
3.793299999999999841e+02
3.800450000000000159e+02
3.807010000000000218e+02
3.812479999999999905e+02
3.813380000000000223e+02
3.828659999999999854e+02
3.836610000000000014e+02
3.838050000000000068e+02
3.840009999999999764e+02
3.843190000000000168e+02
3.852099999999999795e+02
3.852939999999999827e+02
3.879639999999999986e+02
3.896990000000000123e+02
3.929639999999999986e+02
3.976549999999999727e+02
4.098279999999999745e+02
4.103120000000000118e+02
4.107110000000000127e+02
4.112230000000000132e+02
4.116070000000000277e+02
4.129279999999999973e+02
4.131089999999999804e+02
4.134180000000000064e+02
4.137139999999999986e+02
4.141209999999999809e+02
4.142370000000000232e+02
4.152259999999999991e+02
4.152620000000000005e+02
4.156630000000000109e+02
4.160559999999999832e+02
4.168940000000000055e+02
4.172130000000000223e+02
4.179460000000000264e+02
4.191080000000000041e+02
4.191240000000000236e+02
4.197379999999999995e+02
4.207669999999999959e+02
4.209420000000000073e+02
4.223059999999999832e+02
4.225389999999999873e+02
4.230960000000000036e+02
4.255960000000000036e+02
4.263079999999999927e+02
4.270969999999999800e+02
4.274540000000000077e+02
4.282370000000000232e+02
4.290289999999999964e+02
4.338399999999999750e+02
4.353929999999999723e+02
4.368639999999999759e+02
4.381139999999999759e+02
4.386580000000000155e+02
4.395160000000000196e+02
4.406139999999999759e+02
4.442900000000000205e+02
4.469789999999999850e+02
4.474049999999999727e+02
4.495040000000000191e+02
4.506170000000000186e+02
4.537420000000000186e+02
4.736720000000000255e+02
4.990729999999999791e+02
5.271330000000000382e+02
5.382519999999999527e+02
5.500030000000000427e+02
5.512250000000000227e+02
5.539130000000000109e+02
5.551159999999999854e+02
5.592089999999999463e+02
5.593880000000000337e+02
5.713970000000000482e+02
5.771860000000000355e+02
5.840670000000000073e+02
5.985009999999999764e+02
6.014450000000000500e+02
6.194510000000000218e+02
6.306399999999999864e+02
6.451530000000000200e+02
6.488500000000000227e+02
6.490650000000000546e+02
6.537079999999999700e+02
6.546019999999999754e+02
6.610779999999999745e+02
6.674560000000000173e+02
6.786530000000000200e+02
6.882060000000000173e+02
6.893279999999999745e+02
7.061180000000000518e+02
7.070850000000000364e+02
7.094420000000000073e+02
7.118840000000000146e+02
7.143630000000000564e+02
7.179120000000000346e+02
7.233079999999999927e+02
7.260059999999999718e+02
7.324249999999999545e+02
7.327989999999999782e+02
7.333830000000000382e+02
7.433229999999999791e+02
7.450040000000000191e+02
7.509869999999999663e+02
7.528999999999999773e+02
7.549529999999999745e+02
7.566580000000000155e+02
7.573949999999999818e+02
7.575009999999999764e+02
7.611860000000000355e+02
7.691520000000000437e+02
7.760330000000000155e+02
7.800689999999999600e+02
7.955359999999999445e+02
8.104769999999999754e+02
8.133099999999999454e+02
8.311889999999999645e+02
8.437789999999999964e+02
8.478460000000000036e+02
8.599619999999999891e+02
8.667400000000000091e+02
8.694329999999999927e+02
8.732219999999999800e+02
8.838590000000000373e+02
9.535679999999999836e+02
1.004950000000000045e+03
1.111786000000000058e+03
1.214778000000000020e+03
1.223457000000000107e+03
1.538151000000000067e+03
1.690200000000000045e+03
