1.888700000000000045e+02
1.908700000000000045e+02
1.972599999999999909e+02
1.975999999999999943e+02
2.007050000000000125e+02
2.013400000000000034e+02
2.071260000000000048e+02
2.108269999999999982e+02
2.131670000000000016e+02
2.170579999999999927e+02
2.177980000000000018e+02
2.181779999999999973e+02
2.198489999999999895e+02
2.223990000000000009e+02
2.351587100000000135e+02
2.351700400000000002e+02
2.351827499999999986e+02
2.351956000000000131e+02
2.352103799999999865e+02
2.352262599999999964e+02
2.352427099999999882e+02
2.352602500000000134e+02
2.352798600000000135e+02
2.353003099999999961e+02
2.353231000000000108e+02
2.353474199999999996e+02
2.353735299999999881e+02
2.354021199999999965e+02
2.354330699999999865e+02
2.354670500000000004e+02
2.355054399999999930e+02
2.355461999999999989e+02
2.355923300000000040e+02
2.356428899999999942e+02
2.356986899999999991e+02
2.357612599999999929e+02
2.358318399999999997e+02
2.359115299999999991e+02
2.360006099999999947e+02
2.361032199999999932e+02
2.362204600000000028e+02
2.363545399999999859e+02
2.365107099999999889e+02
2.366929499999999962e+02
2.369077699999999993e+02
2.370454000000000008e+02
2.371636900000000026e+02
2.374713299999999947e+02
2.377824999999999989e+02
2.378468100000000049e+02
2.383092499999999916e+02
2.388901799999999866e+02
2.396324199999999962e+02
2.406026799999999923e+02
2.419026700000000005e+02
2.436979699999999980e+02
2.461289999999999907e+02
2.476250000000000000e+02
2.480860000000000127e+02
2.587379999999999995e+02
2.595930000000000177e+02
2.644519999999999982e+02
2.709762999999999806e+02
2.796030000000000086e+02
2.814589000000000283e+02
2.837293999999999983e+02
2.956510000000000105e+02
3.034320000000000164e+02
3.102699999999999818e+02
3.424080000000000155e+02
3.457189999999999941e+02
3.515810000000000173e+02
3.551209999999999809e+02
3.650590000000000259e+02
3.687208999999999719e+02
3.772640000000000100e+02
3.773070000000000164e+02
3.813079999999999927e+02
3.815504500000000121e+02
3.852989999999999782e+02
3.895649999999999977e+02
3.917850000000000250e+02
3.942139999999999986e+02
4.011429999999999723e+02
4.055219999999999914e+02
4.179159999999999968e+02
4.195269999999999868e+02
4.196739999999999782e+02
4.221429999999999723e+02
4.245919999999999845e+02
4.266320000000000050e+02
4.306209999999999809e+02
4.341859999999999786e+02
4.367529999999999859e+02
4.427590000000000146e+02
4.437515999999999963e+02
4.445720000000000027e+02
4.534381000000000199e+02
4.642590000000000146e+02
4.664830000000000041e+02
4.673500000000000227e+02
4.683549889999999891e+02
4.700595000000000141e+02
4.703290000000000077e+02
4.741399999999999864e+02
4.804449999999999932e+02
4.827276620000000094e+02
4.838620000000000232e+02
4.857427000000000135e+02
4.860769999999999982e+02
4.863629999999999995e+02
4.883639999999999759e+02
4.904610000000000127e+02
4.928910000000000196e+02
4.973159999999999741e+02
4.983419999999999845e+02
4.998650000000000091e+02
5.042970000000000255e+02
5.067980000000000018e+02
5.082445999999999913e+02
5.098980000000000246e+02
5.207380000000000564e+02
5.265430000000000064e+02
5.279379999999999882e+02
5.284750000000000227e+02
5.321770000000000209e+02
5.324569999999999936e+02
5.401300999999999704e+02
5.401730999999999767e+02
5.408313000000000557e+02
5.483653000000000475e+02
5.489840000000000373e+02
5.499360000000000355e+02
5.503509000000000242e+02
5.507029999999999745e+02
5.545789999999999509e+02
5.555112000000000307e+02
5.557392999999999574e+02
5.592699999999999818e+02
5.603060000000000400e+02
5.618219000000000278e+02
5.622029999999999745e+02
5.624990000000000236e+02
5.662381000000000313e+02
5.663300000000000409e+02
5.691739999999999782e+02
5.730420000000000300e+02
5.757050000000000409e+02
5.779880000000000564e+02
5.797390000000000327e+02
5.813189999999999600e+02
5.815241999999999507e+02
5.825099999999999909e+02
5.908840000000000146e+02
5.958819999999999482e+02
5.959320000000000164e+02
6.152889999999999873e+02
6.160430000000000064e+02
6.168740000000000236e+02
6.202015999999999849e+02
6.248890000000000100e+02
6.300299999999999727e+02
6.338651999999999589e+02
6.440679999999999836e+02
6.447981999999999516e+02
6.476259999999999764e+02
6.489112999999999829e+02
6.530720000000000027e+02
6.533880000000000337e+02
6.547740000000000009e+02
6.587229999999999563e+02
6.595161000000000513e+02
6.601290000000000191e+02
6.647789999999999964e+02
6.655170000000000528e+02
6.721174999999999500e+02
6.760069999999999482e+02
6.905000000000000000e+02
6.922019999999999982e+02
6.982145000000000437e+02
7.079969999999999573e+02
7.120461999999999989e+02
7.143185300000000097e+02
7.227151000000000067e+02
7.312283999999999651e+02
7.470270000000000437e+02
7.501939999999999600e+02
7.567569999999999482e+02
7.838250000000000455e+02
7.840276999999999816e+02
7.879249999999999545e+02
7.898600000000000136e+02
8.007329999999999472e+02
8.021459999999999582e+02
8.021906000000000176e+02
8.179557999999999538e+02
8.250969999999999800e+02
8.271299999999999955e+02
8.337359999999999900e+02
8.696330000000000382e+02
9.097300000000000182e+02
9.934930000000000518e+02
1.079091609999999946e+03
1.428604000000000042e+03
