2.004180000000000064e+02
2.018520000000000039e+02
2.049739999999999895e+02
2.075360000000000014e+02
2.084579999999999984e+02
2.086250000000000000e+02
2.093079999999999927e+02
2.097789999999999964e+02
2.109890000000000043e+02
2.139710000000000036e+02
2.143420000000000130e+02
2.143650000000000091e+02
2.157350000000000136e+02
2.168619999999999948e+02
2.176889999999999930e+02
2.214950000000000045e+02
2.215269999999999868e+02
2.227110000000000127e+02
2.236129999999999995e+02
2.256430000000000007e+02
2.256889999999999930e+02
2.265089999999999861e+02
2.275320000000000107e+02
2.275949999999999989e+02
2.282319999999999993e+02
2.288220000000000027e+02
2.295200000000000102e+02
2.298799999999999955e+02
2.300480000000000018e+02
2.303700000000000045e+02
2.307249999999999943e+02
2.313679999999999950e+02
2.314050000000000011e+02
2.319900000000000091e+02
2.320869999999999891e+02
2.323199999999999932e+02
2.329370000000000118e+02
2.335049999999999955e+02
2.336450000000000102e+02
2.336819999999999879e+02
2.338669999999999902e+02
2.345500000000000114e+02
2.350109999999999957e+02
2.351179999999999950e+02
2.352789999999999964e+02
2.354670000000000130e+02
2.357220000000000084e+02
2.366040000000000134e+02
2.366620000000000061e+02
2.368400000000000034e+02
2.369250000000000114e+02
2.369989999999999952e+02
2.371479999999999961e+02
2.372239999999999895e+02
2.374199999999999875e+02
2.375790000000000077e+02
2.379259999999999877e+02
2.380500000000000114e+02
2.387630000000000052e+02
2.389300000000000068e+02
2.394379999999999882e+02
2.395099999999999909e+02
2.397520000000000095e+02
2.398040000000000020e+02
2.401450000000000102e+02
2.401620000000000061e+02
2.402410000000000139e+02
2.403770000000000095e+02
2.405790000000000077e+02
2.406330000000000098e+02
2.407429999999999950e+02
2.411100000000000136e+02
2.418930000000000007e+02
2.420550000000000068e+02
2.422470000000000141e+02
2.422620000000000005e+02
2.424579999999999984e+02
2.429319999999999879e+02
2.432280000000000086e+02
2.432920000000000016e+02
2.442210000000000036e+02
2.443249999999999886e+02
2.445680000000000121e+02
2.447719999999999914e+02
2.449770000000000039e+02
2.450260000000000105e+02
2.450449999999999875e+02
2.456570000000000107e+02
2.461939999999999884e+02
2.462580000000000098e+02
2.468319999999999936e+02
2.468600000000000136e+02
2.470109999999999957e+02
2.471359999999999957e+02
2.471800000000000068e+02
2.474470000000000027e+02
2.475920000000000130e+02
2.478180000000000121e+02
2.479770000000000039e+02
2.484670000000000130e+02
2.486560000000000059e+02
2.488079999999999927e+02
2.490910000000000082e+02
2.493590000000000089e+02
2.496790000000000020e+02
2.498969999999999914e+02
2.502470000000000141e+02
2.503100000000000023e+02
2.505349999999999966e+02
2.506690000000000111e+02
2.509749999999999943e+02
2.520769999999999982e+02
2.522259999999999991e+02
2.534859999999999900e+02
2.535560000000000116e+02
2.541270000000000095e+02
2.545500000000000114e+02
2.546239999999999952e+02
2.550860000000000127e+02
2.552789999999999964e+02
2.554360000000000070e+02
2.555399999999999920e+02
2.557280000000000086e+02
2.559850000000000136e+02
2.564959999999999809e+02
2.569409999999999741e+02
2.572579999999999814e+02
2.587559999999999718e+02
2.600640000000000214e+02
2.604669999999999845e+02
2.609279999999999973e+02
2.612320000000000277e+02
2.617500000000000000e+02
2.623539999999999850e+02
2.636619999999999777e+02
2.637429999999999950e+02
2.637799999999999727e+02
2.641809999999999832e+02
2.643539999999999850e+02
2.649250000000000114e+02
2.649839999999999804e+02
2.652690000000000055e+02
2.654909999999999854e+02
2.664420000000000073e+02
2.675129999999999768e+02
2.689329999999999927e+02
2.716270000000000095e+02
2.732370000000000232e+02
2.733020000000000209e+02
2.733849999999999909e+02
2.754449999999999932e+02
2.758820000000000050e+02
2.764610000000000127e+02
2.767210000000000036e+02
2.768559999999999945e+02
2.769669999999999845e+02
2.770140000000000100e+02
2.771240000000000236e+02
2.784390000000000214e+02
2.792110000000000127e+02
2.804110000000000014e+02
2.815509999999999877e+02
2.820609999999999786e+02
2.820779999999999745e+02
2.834909999999999854e+02
2.838380000000000223e+02
2.841190000000000282e+02
2.843840000000000146e+02
2.851820000000000164e+02
2.868029999999999973e+02
2.876120000000000232e+02
2.884289999999999736e+02
2.888530000000000086e+02
2.888910000000000196e+02
2.896859999999999786e+02
2.903330000000000268e+02
2.906429999999999723e+02
2.910670000000000073e+02
2.917579999999999814e+02
2.928279999999999745e+02
2.931469999999999914e+02
2.943999999999999773e+02
2.958770000000000095e+02
2.963140000000000214e+02
2.965980000000000132e+02
2.966630000000000109e+02
2.969850000000000136e+02
2.977160000000000082e+02
2.979019999999999868e+02
2.981689999999999827e+02
2.983059999999999832e+02
2.989340000000000259e+02
2.993229999999999791e+02
3.000470000000000255e+02
3.002010000000000218e+02
3.005020000000000095e+02
3.007300000000000182e+02
3.016899999999999977e+02
3.017370000000000232e+02
3.031329999999999814e+02
3.048140000000000214e+02
3.059669999999999845e+02
3.068290000000000077e+02
3.070830000000000268e+02
3.072049999999999841e+02
3.073849999999999909e+02
3.083330000000000268e+02
3.089660000000000082e+02
3.094540000000000077e+02
3.095960000000000036e+02
3.101569999999999823e+02
3.103960000000000150e+02
3.109710000000000036e+02
3.111759999999999877e+02
3.119089999999999918e+02
3.122269999999999754e+02
3.129850000000000136e+02
3.134929999999999950e+02
3.142289999999999850e+02
3.152549999999999955e+02
3.154700000000000273e+02
3.159220000000000255e+02
3.165439999999999827e+02
3.169289999999999736e+02
3.175529999999999973e+02
3.178629999999999995e+02
3.179529999999999745e+02
3.183790000000000191e+02
3.185679999999999836e+02
3.186490000000000009e+02
3.191700000000000159e+02
3.193279999999999745e+02
3.195419999999999732e+02
3.199499999999999886e+02
3.205179999999999723e+02
3.236870000000000118e+02
3.259789999999999850e+02
3.260489999999999782e+02
3.262500000000000000e+02
3.269830000000000041e+02
3.295779999999999745e+02
3.297649999999999864e+02
3.297939999999999827e+02
3.302549999999999955e+02
3.303179999999999836e+02
3.304159999999999968e+02
3.304700000000000273e+02
3.314900000000000091e+02
3.323439999999999941e+02
3.332479999999999905e+02
3.339139999999999873e+02
3.343199999999999932e+02
3.345280000000000200e+02
3.347160000000000082e+02
3.357289999999999850e+02
3.358980000000000246e+02
3.363709999999999809e+02
3.378709999999999809e+02
3.380029999999999859e+02
3.380670000000000073e+02
3.386730000000000018e+02
3.390400000000000205e+02
3.391220000000000141e+02
3.400280000000000200e+02
3.405699999999999932e+02
3.406870000000000118e+02
3.409649999999999750e+02
3.410810000000000173e+02
3.418750000000000000e+02
3.420389999999999873e+02
3.425600000000000023e+02
3.427169999999999845e+02
3.428589999999999804e+02
3.438700000000000045e+02
3.450360000000000014e+02
3.452869999999999777e+02
3.454490000000000123e+02
3.461449999999999818e+02
3.465720000000000027e+02
3.468949999999999818e+02
3.477440000000000282e+02
3.481379999999999768e+02
3.481850000000000023e+02
3.483229999999999791e+02
3.504060000000000059e+02
3.513279999999999745e+02
3.517660000000000196e+02
3.518340000000000032e+02
3.535830000000000268e+02
3.538469999999999800e+02
3.540339999999999918e+02
3.550899999999999750e+02
3.552300000000000182e+02
3.554669999999999845e+02
3.559959999999999809e+02
3.569250000000000114e+02
3.571279999999999859e+02
3.580140000000000100e+02
3.581170000000000186e+02
3.581990000000000123e+02
3.584039999999999964e+02
3.597420000000000186e+02
3.611519999999999868e+02
3.618109999999999786e+02
3.622490000000000236e+02
3.626940000000000168e+02
3.638100000000000023e+02
3.638879999999999768e+02
3.653009999999999877e+02
3.670830000000000268e+02
3.671580000000000155e+02
3.690550000000000068e+02
3.692529999999999859e+02
3.698759999999999764e+02
3.704289999999999736e+02
3.706070000000000277e+02
3.710989999999999895e+02
3.718340000000000032e+02
3.726820000000000164e+02
3.732930000000000064e+02
3.733340000000000032e+02
3.736070000000000277e+02
3.736370000000000005e+02
3.741159999999999854e+02
3.741469999999999914e+02
3.743319999999999936e+02
3.746499999999999773e+02
3.767549999999999955e+02
3.769329999999999927e+02
3.778729999999999905e+02
3.788600000000000136e+02
3.797669999999999959e+02
3.798670000000000186e+02
3.808820000000000050e+02
3.816739999999999782e+02
3.837389999999999759e+02
3.871039999999999850e+02
3.876360000000000241e+02
3.877959999999999923e+02
3.909320000000000164e+02
3.915029999999999859e+02
3.918380000000000223e+02
3.930960000000000036e+02
3.938009999999999877e+02
3.945840000000000032e+02
3.947029999999999745e+02
3.962160000000000082e+02
3.963600000000000136e+02
4.006059999999999945e+02
4.024100000000000250e+02
4.024449999999999932e+02
4.030769999999999982e+02
4.034449999999999932e+02
4.038629999999999995e+02
4.050129999999999768e+02
4.082579999999999814e+02
4.105579999999999927e+02
4.112049999999999841e+02
4.122799999999999727e+02
4.134590000000000032e+02
4.137620000000000005e+02
4.145529999999999973e+02
4.151129999999999995e+02
4.171580000000000155e+02
4.184080000000000155e+02
4.184239999999999782e+02
4.222269999999999754e+02
4.228650000000000091e+02
4.242579999999999814e+02
4.258799999999999955e+02
4.292379999999999995e+02
4.305609999999999786e+02
4.333469999999999800e+02
4.359200000000000159e+02
4.359920000000000186e+02
4.368809999999999718e+02
4.392570000000000050e+02
4.395609999999999786e+02
4.407640000000000100e+02
4.417060000000000173e+02
4.476340000000000146e+02
4.479649999999999750e+02
4.508299999999999841e+02
4.514580000000000268e+02
4.517909999999999968e+02
4.523999999999999773e+02
4.525149999999999864e+02
4.531220000000000141e+02
4.546440000000000055e+02
4.581960000000000264e+02
4.607019999999999982e+02
4.622669999999999959e+02
4.792760000000000105e+02
4.890509999999999877e+02
4.925269999999999868e+02
5.059970000000000141e+02
5.097919999999999732e+02
5.121749999999999545e+02
5.163089999999999691e+02
5.180330000000000155e+02
5.183179999999999836e+02
5.235769999999999982e+02
5.250320000000000391e+02
5.272419999999999618e+02
5.277029999999999745e+02
5.279710000000000036e+02
5.307039999999999509e+02
5.318759999999999764e+02
5.322759999999999536e+02
5.328940000000000055e+02
5.333379999999999654e+02
5.334239999999999782e+02
5.335330000000000155e+02
5.370969999999999800e+02
5.371290000000000191e+02
5.378600000000000136e+02
5.433410000000000082e+02
5.438540000000000418e+02
5.449429999999999836e+02
5.462160000000000082e+02
5.521580000000000155e+02
5.522630000000000337e+02
5.534220000000000255e+02
5.564779999999999518e+02
5.575019999999999527e+02
5.586269999999999527e+02
5.608769999999999527e+02
5.613830000000000382e+02
5.669450000000000500e+02
5.713010000000000446e+02
5.718540000000000418e+02
5.754529999999999745e+02
5.778429999999999609e+02
5.793210000000000264e+02
5.817530000000000427e+02
5.835929999999999609e+02
5.921499999999999773e+02
5.944890000000000327e+02
5.951860000000000355e+02
5.971420000000000528e+02
5.991649999999999636e+02
5.997390000000000327e+02
6.115910000000000082e+02
6.147509999999999764e+02
6.148519999999999754e+02
6.204959999999999809e+02
6.219690000000000509e+02
6.231140000000000327e+02
6.244969999999999573e+02
6.261749999999999545e+02
6.261970000000000027e+02
6.273099999999999454e+02
6.280499999999999545e+02
6.288150000000000546e+02
6.305159999999999627e+02
6.309439999999999600e+02
6.323650000000000091e+02
6.352509999999999764e+02
6.384700000000000273e+02
6.413239999999999554e+02
6.513269999999999982e+02
6.517050000000000409e+02
6.546720000000000255e+02
6.578930000000000291e+02
6.594339999999999691e+02
6.607010000000000218e+02
6.625739999999999554e+02
6.639080000000000155e+02
6.654230000000000018e+02
6.685130000000000337e+02
6.713150000000000546e+02
6.753079999999999927e+02
6.763060000000000400e+02
6.815289999999999964e+02
6.831779999999999973e+02
6.973450000000000273e+02
7.008559999999999945e+02
7.026090000000000373e+02
7.248669999999999618e+02
7.294729999999999563e+02
7.580819999999999936e+02
7.613990000000000009e+02
7.622350000000000136e+02
7.643039999999999736e+02
7.915119999999999436e+02
7.982970000000000255e+02
8.419439999999999600e+02
8.530069999999999482e+02
