6.911799999999999500e+01
6.986899999999999977e+01
6.992199999999999704e+01
7.228600000000000136e+01
7.248099999999999454e+01
7.323300000000000409e+01
7.460599999999999454e+01
7.643810000000000571e+01
8.147929999999999495e+01
8.309999999999999432e+01
8.493899999999999295e+01
8.546250000000000568e+01
8.615000000000000568e+01
8.734999999999999432e+01
8.767959999999999354e+01
8.882999999999999829e+01
8.912000000000000455e+01
8.980200000000000671e+01
9.210490000000000066e+01
9.835920000000000130e+01
9.996200000000000330e+01
1.001144000000000034e+02
1.009441999999999950e+02
1.011940000000000026e+02
1.052236000000000047e+02
1.056227999999999980e+02
1.056580000000000013e+02
1.057275999999999954e+02
1.065900000000000034e+02
1.069929999999999950e+02
1.070430000000000064e+02
1.073760000000000048e+02
1.073828000000000031e+02
1.075819999999999936e+02
1.078100000000000023e+02
1.084060000000000059e+02
1.087600000000000051e+02
1.098340000000000032e+02
1.099300000000000068e+02
1.104320000000000022e+02
1.115100000000000051e+02
1.120400000000000063e+02
1.135430000000000064e+02
1.145900000000000034e+02
1.151490000000000009e+02
1.151500000000000057e+02
1.157740000000000009e+02
1.166959999999999980e+02
1.171400000000000006e+02
1.192900000000000063e+02
1.199099999999999966e+02
1.205199999999999960e+02
1.210639999999999930e+02
1.225999999999999943e+02
1.230236000000000018e+02
1.274669999999999987e+02
1.274937999999999931e+02
1.306690000000000111e+02
1.327377999999999929e+02
1.358009000000000128e+02
1.379579999999999984e+02
1.384655999999999949e+02
1.404180000000000064e+02
1.407784000000000049e+02
1.429569999999999936e+02
1.430759999999999934e+02
1.436447000000000003e+02
1.464190000000000111e+02
1.486570000000000107e+02
1.491359999999999957e+02
1.499199999999999875e+02
1.505699999999999932e+02
1.512570000000000050e+02
1.524470000000000027e+02
1.532740000000000009e+02
1.535060000000000002e+02
1.565500999999999863e+02
1.576099000000000103e+02
1.581353000000000009e+02
1.599960000000000093e+02
1.606951999999999998e+02
1.612800000000000011e+02
1.623300000000000125e+02
1.651200000000000045e+02
1.657035999999999945e+02
1.662599999999999909e+02
1.673890000000000100e+02
1.698849999999999909e+02
1.710229999999999961e+02
1.711839999999999975e+02
1.716930000000000121e+02
1.717450000000000045e+02
1.723429999999999893e+02
1.725329999999999870e+02
1.736189999999999998e+02
1.736468999999999880e+02
1.757789999999999964e+02
1.762299999999999898e+02
1.765759999999999934e+02
1.780869999999999891e+02
1.788240000000000123e+02
1.800180000000000007e+02
1.810500000000000114e+02
1.814199999999999875e+02
1.829499999999999886e+02
1.839319999999999879e+02
1.858890000000000100e+02
1.868170000000000073e+02
1.871150000000000091e+02
1.882560000000000002e+02
1.891279999999999859e+02
1.899389999999999930e+02
1.927079999999999984e+02
1.946129999999999995e+02
1.950389999999999873e+02
1.964300000000000068e+02
1.986049999999999898e+02
1.990169999999999959e+02
1.990339999999999918e+02
2.024650000000000034e+02
2.030140000000000100e+02
2.040430000000000064e+02
2.050229999999999961e+02
2.054759999999999991e+02
2.064089999999999918e+02
2.068990000000000009e+02
2.080219999999999914e+02
2.092510000000000048e+02
2.099079999999999870e+02
2.119149999999999920e+02
2.127669999999999959e+02
2.128060000000000116e+02
2.137719999999999914e+02
2.140360000000000014e+02
2.142470000000000141e+02
2.142500000000000000e+02
2.145540000000000020e+02
2.159590000000000032e+02
2.176490000000000009e+02
2.179869999999999948e+02
2.202009999999999934e+02
2.209139999999999873e+02
2.221419999999999959e+02
2.222669999999999959e+02
2.225620000000000118e+02
2.225840000000000032e+02
2.263209999999999980e+02
2.289689999999999941e+02
2.294149999999999920e+02
2.307170000000000130e+02
2.307170000000000130e+02
2.312179999999999893e+02
2.316599999999999966e+02
2.374389999999999930e+02
2.384370000000000118e+02
2.395949999999999989e+02
2.422870000000000061e+02
2.427090000000000032e+02
2.446250000000000000e+02
2.479070000000000107e+02
2.481189999999999998e+02
2.481210000000000093e+02
2.508470000000000084e+02
2.511299999999999955e+02
2.529279999999999973e+02
2.529294999999999902e+02
2.568523000000000138e+02
2.574830000000000041e+02
2.590899999999999750e+02
2.598829999999999814e+02
2.598870000000000005e+02
2.613090000000000259e+02
2.614979999999999905e+02
2.617950000000000159e+02
2.618410000000000082e+02
2.653389999999999986e+02
2.657339999999999804e+02
2.657339999999999804e+02
2.670179999999999723e+02
2.671429999999999723e+02
2.683559999999999945e+02
2.693050000000000068e+02
2.719710000000000036e+02
2.770769999999999982e+02
2.786689999999999827e+02
2.791089999999999804e+02
2.851929999999999836e+02
2.878759999999999764e+02
2.966970000000000027e+02
2.981831999999999994e+02
3.030710000000000264e+02
3.034889999999999759e+02
3.041553999999999860e+02
3.041553999999999860e+02
3.233450000000000273e+02
3.242214999999999918e+02
3.268450000000000273e+02
3.337570000000000050e+02
3.384119999999999777e+02
3.499460000000000264e+02
3.505070000000000050e+02
3.520070000000000050e+02
3.521480999999999995e+02
3.534460000000000264e+02
3.560199999999999818e+02
3.567269999999999754e+02
3.638870000000000005e+02
3.723849999999999909e+02
3.739959999999999809e+02
3.851309999999999718e+02
4.034676400000000172e+02
4.134800000000000182e+02
4.141709999999999923e+02
4.196349999999999909e+02
4.220260000000000105e+02
4.266290000000000191e+02
4.315529999999999973e+02
4.346050000000000182e+02
4.353380000000000223e+02
4.412660000000000196e+02
4.412660000000000196e+02
4.447730000000000246e+02
4.508179999999999836e+02
4.515769999999999982e+02
4.593179999999999836e+02
4.598190000000000168e+02
4.600380000000000109e+02
4.606059999999999945e+02
4.648616999999999848e+02
4.677053999999999974e+02
4.694220000000000255e+02
4.712579999999999814e+02
4.736759999999999877e+02
4.759139999999999873e+02
4.759139999999999873e+02
4.766689999999999827e+02
4.768240000000000123e+02
4.785369999999999777e+02
4.803349999999999795e+02
4.834169999999999732e+02
4.878600000000000136e+02
4.948779999999999859e+02
5.045969999999999800e+02
5.167759999999999536e+02
5.177989999999999782e+02
5.240399999999999636e+02
5.249170000000000300e+02
5.355729999999999791e+02
5.465599999999999454e+02
5.491750600000000304e+02
5.557554099999999835e+02
5.569679999999999609e+02
5.603620899999999665e+02
5.633499799999999595e+02
5.641319999999999482e+02
5.692400000000000091e+02
5.718899999999999864e+02
5.731929999999999836e+02
5.847100000000000364e+02
5.896720000000000255e+02
6.006873000000000502e+02
6.055086999999999762e+02
6.081480000000000246e+02
6.131739999999999782e+02
6.131739999999999782e+02
6.156648000000000138e+02
6.248400000000000318e+02
6.289299999999999500e+02
6.304506999999999834e+02
6.613205500000000256e+02
6.649279999999999973e+02
6.689859999999999900e+02
6.808550000000000182e+02
7.650362999999999829e+02
7.846508999999999787e+02
7.926762999999999693e+02
7.971739999999999782e+02
8.414026000000000067e+02
8.574896999999999707e+02
8.621838999999999942e+02
8.684881000000000313e+02
9.134687999999999874e+02
9.521032000000000153e+02
9.869461999999999762e+02
9.951717999999999620e+02
1.008116599999999949e+03
1.026366099999999960e+03
1.036700499999999920e+03
1.049119999999999891e+03
1.058833599999999933e+03
1.068017100000000028e+03
1.074484200000000101e+03
1.079695400000000063e+03
1.084253999999999905e+03
1.087148100000000113e+03
1.088267599999999902e+03
1.101574299999999994e+03
1.108281400000000076e+03
1.108821699999999964e+03
1.110765699999999924e+03
1.111153000000000020e+03
1.119262400000000071e+03
1.126916600000000017e+03
1.186647600000000011e+03
1.196088600000000042e+03
1.211933500000000095e+03
1.228018600000000106e+03
1.247006399999999985e+03
