2.691700000000000159e+02
2.768670000000000186e+02
2.780049999999999955e+02
2.790199999999999818e+02
2.811689999999999827e+02
2.818029999999999973e+02
2.821789999999999736e+02
2.848330000000000268e+02
2.866929999999999836e+02
2.869239999999999782e+02
2.908840000000000146e+02
2.911129999999999995e+02
2.938340000000000032e+02
2.944350000000000023e+02
2.954049999999999727e+02
2.963609999999999900e+02
2.969889999999999759e+02
2.984300000000000068e+02
2.992440000000000282e+02
3.035720000000000027e+02
3.040009999999999764e+02
3.047819999999999823e+02
3.072180000000000177e+02
3.087350000000000136e+02
3.097780000000000200e+02
3.103199999999999932e+02
3.107420000000000186e+02
3.111100000000000136e+02
3.118620000000000232e+02
3.137210000000000036e+02
3.140880000000000223e+02
3.148100000000000023e+02
3.153009999999999877e+02
3.153430000000000177e+02
3.163220000000000027e+02
3.170799999999999841e+02
3.179039999999999964e+02
3.184839999999999804e+02
3.187930000000000064e+02
3.188140000000000214e+02
3.188709999999999809e+02
3.193929999999999723e+02
3.197099999999999795e+02
3.202730000000000246e+02
3.205830000000000268e+02
3.208109999999999786e+02
3.209100000000000250e+02
3.212660000000000196e+02
3.215049999999999955e+02
3.216190000000000282e+02
3.217780000000000200e+02
3.219540000000000077e+02
3.220360000000000014e+02
3.227769999999999868e+02
3.229429999999999836e+02
3.229710000000000036e+02
3.231490000000000009e+02
3.232459999999999809e+02
3.232880000000000109e+02
3.234610000000000127e+02
3.237570000000000050e+02
3.238820000000000050e+02
3.240590000000000259e+02
3.242099999999999795e+02
3.242529999999999859e+02
3.242980000000000018e+02
3.245629999999999882e+02
3.250690000000000168e+02
3.251309999999999718e+02
3.254340000000000259e+02
3.254879999999999995e+02
3.255319999999999823e+02
3.256569999999999823e+02
3.263220000000000027e+02
3.265880000000000223e+02
3.271429999999999723e+02
3.271619999999999777e+02
3.273419999999999845e+02
3.273539999999999850e+02
3.273750000000000000e+02
3.274420000000000073e+02
3.277690000000000055e+02
3.281789999999999736e+02
3.286610000000000014e+02
3.287180000000000177e+02
3.291229999999999905e+02
3.291340000000000146e+02
3.291600000000000250e+02
3.294320000000000164e+02
3.296390000000000100e+02
3.296759999999999877e+02
3.299049999999999727e+02
3.301929999999999836e+02
3.302629999999999768e+02
3.305470000000000255e+02
3.306129999999999995e+02
3.307339999999999804e+02
3.307559999999999718e+02
3.307970000000000255e+02
3.310470000000000255e+02
3.311610000000000014e+02
3.313369999999999891e+02
3.317529999999999859e+02
3.321120000000000232e+02
3.321549999999999727e+02
3.322139999999999986e+02
3.324730000000000132e+02
3.326220000000000141e+02
3.326440000000000055e+02
3.328840000000000146e+02
3.334599999999999795e+02
3.337080000000000268e+02
3.341539999999999964e+02
3.344449999999999932e+02
3.344599999999999795e+02
3.345310000000000059e+02
3.348260000000000218e+02
3.349639999999999986e+02
3.351840000000000259e+02
3.355140000000000100e+02
3.355260000000000105e+02
3.355679999999999836e+02
3.366829999999999927e+02
3.368240000000000123e+02
3.369540000000000077e+02
3.370430000000000064e+02
3.371560000000000059e+02
3.372180000000000177e+02
3.377450000000000045e+02
3.383369999999999891e+02
3.385629999999999882e+02
3.388629999999999995e+02
3.390289999999999964e+02
3.392080000000000268e+02
3.397160000000000082e+02
3.398740000000000236e+02
3.400819999999999936e+02
3.403439999999999941e+02
3.404069999999999823e+02
3.409660000000000082e+02
3.419130000000000109e+02
3.419490000000000123e+02
3.420749999999999886e+02
3.425760000000000218e+02
3.427180000000000177e+02
3.434660000000000082e+02
3.438090000000000259e+02
3.439049999999999727e+02
3.441490000000000009e+02
3.454549999999999841e+02
3.460190000000000055e+02
3.460409999999999968e+02
3.462119999999999891e+02
3.465059999999999718e+02
3.468860000000000241e+02
3.474950000000000045e+02
3.480529999999999973e+02
3.481259999999999764e+02
3.481560000000000059e+02
3.488410000000000082e+02
3.494610000000000127e+02
3.500840000000000032e+02
3.512230000000000132e+02
3.531610000000000014e+02
3.533580000000000041e+02
3.536659999999999968e+02
3.555169999999999959e+02
3.560120000000000005e+02
3.567860000000000014e+02
3.569289999999999736e+02
3.578809999999999718e+02
3.581960000000000264e+02
3.584409999999999741e+02
3.593629999999999995e+02
3.602719999999999914e+02
3.605310000000000059e+02
3.610520000000000209e+02
3.621610000000000014e+02
3.622259999999999991e+02
3.624350000000000023e+02
3.628039999999999736e+02
3.632169999999999845e+02
3.635330000000000155e+02
3.635969999999999800e+02
3.639809999999999945e+02
3.646329999999999814e+02
3.646429999999999723e+02
3.650570000000000164e+02
3.651229999999999905e+02
3.657259999999999991e+02
3.662400000000000091e+02
3.663729999999999905e+02
3.668969999999999914e+02
3.671709999999999923e+02
3.671890000000000214e+02
3.678840000000000146e+02
3.682780000000000200e+02
3.689470000000000027e+02
3.693269999999999982e+02
3.695040000000000191e+02
3.707799999999999727e+02
3.708029999999999973e+02
3.709470000000000027e+02
3.709710000000000036e+02
3.712599999999999909e+02
3.713820000000000050e+02
3.719940000000000282e+02
3.722909999999999968e+02
3.725960000000000036e+02
3.729529999999999745e+02
3.732320000000000277e+02
3.737040000000000077e+02
3.738199999999999932e+02
3.738539999999999850e+02
3.740179999999999723e+02
3.740260000000000105e+02
3.742350000000000136e+02
3.744929999999999950e+02
3.746519999999999868e+02
3.746659999999999968e+02
3.748690000000000282e+02
3.756349999999999909e+02
3.757479999999999905e+02
3.758600000000000136e+02
3.759519999999999982e+02
3.760040000000000191e+02
3.761109999999999900e+02
3.761759999999999877e+02
3.763659999999999854e+02
3.765439999999999827e+02
3.768430000000000177e+02
3.768829999999999814e+02
3.774399999999999977e+02
3.774490000000000123e+02
3.779209999999999923e+02
3.781829999999999927e+02
3.781999999999999886e+02
3.788279999999999745e+02
3.789200000000000159e+02
3.795049999999999955e+02
3.798360000000000127e+02
3.798809999999999718e+02
3.800620000000000118e+02
3.801970000000000027e+02
3.806709999999999923e+02
3.809540000000000077e+02
3.810830000000000268e+02
3.810960000000000036e+02
3.811510000000000105e+02
3.813149999999999977e+02
3.814710000000000036e+02
3.815710000000000264e+02
3.825269999999999868e+02
3.827289999999999850e+02
3.831379999999999768e+02
3.832590000000000146e+02
3.834920000000000186e+02
3.835570000000000164e+02
3.835690000000000168e+02
3.836809999999999832e+02
3.840029999999999859e+02
3.841539999999999964e+02
3.844590000000000032e+02
3.848600000000000136e+02
3.849870000000000232e+02
3.852970000000000255e+02
3.854390000000000214e+02
3.855299999999999727e+02
3.855649999999999977e+02
3.856990000000000123e+02
3.858999999999999773e+02
3.859830000000000041e+02
3.863140000000000214e+02
3.863330000000000268e+02
3.866340000000000146e+02
3.872880000000000109e+02
3.876290000000000191e+02
3.876639999999999873e+02
3.881870000000000118e+02
3.882479999999999905e+02
3.882889999999999873e+02
3.883600000000000136e+02
3.886390000000000100e+02
3.890260000000000105e+02
3.890319999999999823e+02
3.891179999999999950e+02
3.892309999999999945e+02
3.895149999999999864e+02
3.898079999999999927e+02
3.904529999999999745e+02
3.918550000000000182e+02
3.923509999999999991e+02
3.929390000000000214e+02
3.936870000000000118e+02
3.942989999999999782e+02
3.944359999999999786e+02
3.947629999999999768e+02
3.949230000000000018e+02
3.953009999999999877e+02
3.960649999999999977e+02
3.964119999999999777e+02
3.967160000000000082e+02
3.968799999999999955e+02
3.971650000000000205e+02
3.972520000000000095e+02
3.975779999999999745e+02
3.977389999999999759e+02
3.977549999999999955e+02
3.980330000000000155e+02
3.984270000000000209e+02
3.987810000000000059e+02
3.988559999999999945e+02
3.991129999999999995e+02
3.991150000000000091e+02
3.994440000000000168e+02
4.004590000000000032e+02
4.008609999999999900e+02
4.021120000000000232e+02
4.024370000000000118e+02
4.036250000000000000e+02
4.042819999999999823e+02
4.043860000000000241e+02
4.044039999999999964e+02
4.045249999999999773e+02
4.046190000000000282e+02
4.047300000000000182e+02
4.048299999999999841e+02
4.049759999999999991e+02
4.050950000000000273e+02
4.060020000000000095e+02
4.064689999999999941e+02
4.065470000000000255e+02
4.065729999999999791e+02
4.067889999999999873e+02
4.069479999999999791e+02
4.076990000000000123e+02
4.077799999999999727e+02
4.081709999999999923e+02
4.083750000000000000e+02
4.084730000000000132e+02
4.085550000000000068e+02
4.093430000000000177e+02
4.095210000000000150e+02
4.105289999999999964e+02
4.108439999999999941e+02
4.108550000000000182e+02
4.110559999999999832e+02
4.111349999999999909e+02
4.115059999999999718e+02
4.119710000000000036e+02
4.122520000000000095e+02
4.123670000000000186e+02
4.125120000000000005e+02
4.130389999999999873e+02
4.136309999999999718e+02
4.148879999999999768e+02
4.151000000000000227e+02
4.153380000000000223e+02
4.154499999999999886e+02
4.156390000000000100e+02
4.170659999999999741e+02
4.172749999999999773e+02
4.179200000000000159e+02
4.182280000000000086e+02
4.184510000000000218e+02
4.184940000000000282e+02
4.189309999999999832e+02
4.193109999999999786e+02
4.200629999999999882e+02
4.204100000000000250e+02
4.204230000000000018e+02
4.207309999999999945e+02
4.207810000000000059e+02
4.211539999999999964e+02
4.221850000000000023e+02
4.226519999999999868e+02
4.230889999999999986e+02
4.235760000000000218e+02
4.237930000000000064e+02
4.238849999999999909e+02
4.245899999999999750e+02
4.250749999999999886e+02
4.252980000000000018e+02
4.257590000000000146e+02
4.259780000000000086e+02
4.263879999999999768e+02
4.266279999999999859e+02
4.280880000000000223e+02
4.280950000000000273e+02
4.281139999999999759e+02
4.281990000000000123e+02
4.283410000000000082e+02
4.284039999999999964e+02
4.284710000000000036e+02
4.287850000000000250e+02
4.293389999999999986e+02
4.297950000000000159e+02
4.306150000000000091e+02
4.310219999999999914e+02
4.314060000000000059e+02
4.320149999999999864e+02
4.320740000000000123e+02
4.324499999999999886e+02
4.325679999999999836e+02
4.330240000000000009e+02
4.331240000000000236e+02
4.335369999999999777e+02
4.337359999999999900e+02
4.347080000000000268e+02
4.349019999999999868e+02
4.351680000000000064e+02
4.353319999999999936e+02
4.361949999999999932e+02
4.362300000000000182e+02
4.363269999999999982e+02
4.364139999999999873e+02
4.364680000000000177e+02
4.369259999999999877e+02
4.371150000000000091e+02
4.374689999999999941e+02
4.376209999999999809e+02
4.379470000000000027e+02
4.381650000000000205e+02
4.385520000000000209e+02
4.392090000000000032e+02
4.394580000000000268e+02
4.398580000000000041e+02
4.402409999999999854e+02
4.404300000000000068e+02
4.404370000000000118e+02
4.404599999999999795e+02
4.410570000000000164e+02
4.412819999999999823e+02
4.418820000000000050e+02
4.420570000000000164e+02
4.421770000000000209e+02
4.422379999999999995e+02
4.425579999999999927e+02
4.430899999999999750e+02
4.435120000000000005e+02
4.435559999999999832e+02
4.443059999999999832e+02
4.443530000000000086e+02
4.445509999999999877e+02
4.446399999999999864e+02
4.453980000000000246e+02
4.454200000000000159e+02
4.455880000000000223e+02
4.459769999999999754e+02
4.460539999999999736e+02
4.468589999999999804e+02
4.472139999999999986e+02
4.473690000000000282e+02
4.474279999999999973e+02
4.479920000000000186e+02
4.500369999999999777e+02
4.500740000000000123e+02
4.504639999999999986e+02
4.506309999999999718e+02
4.512599999999999909e+02
4.513100000000000023e+02
4.516360000000000241e+02
4.520899999999999750e+02
4.524309999999999832e+02
4.524449999999999932e+02
4.525179999999999723e+02
4.535070000000000050e+02
4.537780000000000200e+02
4.539220000000000255e+02
4.539800000000000182e+02
4.541460000000000150e+02
4.543330000000000268e+02
4.545219999999999914e+02
4.546100000000000136e+02
4.553940000000000055e+02
4.555729999999999791e+02
4.561709999999999923e+02
4.567490000000000236e+02
4.578969999999999914e+02
4.582860000000000014e+02
4.583009999999999877e+02
4.586109999999999900e+02
4.593109999999999786e+02
4.594830000000000041e+02
4.596580000000000155e+02
4.598029999999999973e+02
4.605470000000000255e+02
4.607799999999999727e+02
4.616730000000000018e+02
4.616979999999999791e+02
4.631510000000000105e+02
4.643539999999999850e+02
4.646700000000000159e+02
4.647980000000000018e+02
4.649460000000000264e+02
4.650790000000000077e+02
4.656429999999999723e+02
4.664870000000000232e+02
4.670710000000000264e+02
4.670960000000000036e+02
4.672060000000000173e+02
4.672139999999999986e+02
4.675910000000000082e+02
4.678220000000000027e+02
4.682860000000000014e+02
4.688489999999999895e+02
4.690040000000000191e+02
4.694940000000000282e+02
4.700659999999999741e+02
4.705720000000000027e+02
4.714379999999999882e+02
4.716580000000000155e+02
4.717420000000000186e+02
4.718389999999999986e+02
4.719039999999999964e+02
4.719649999999999750e+02
4.721159999999999854e+02
4.727339999999999804e+02
4.729739999999999895e+02
4.747010000000000218e+02
4.752049999999999841e+02
4.761600000000000250e+02
4.771530000000000200e+02
4.775480000000000018e+02
4.779189999999999827e+02
4.784440000000000168e+02
4.787200000000000273e+02
4.791299999999999955e+02
4.792919999999999732e+02
4.817160000000000082e+02
4.830919999999999845e+02
4.843050000000000068e+02
4.845559999999999832e+02
4.849110000000000014e+02
4.849669999999999845e+02
4.855720000000000027e+02
4.885129999999999768e+02
4.885330000000000155e+02
4.906340000000000146e+02
4.911770000000000209e+02
4.914619999999999891e+02
4.920360000000000014e+02
4.925409999999999968e+02
4.939479999999999791e+02
4.950009999999999764e+02
4.953750000000000000e+02
4.963319999999999936e+02
4.977370000000000232e+02
5.029839999999999804e+02
5.045690000000000168e+02
5.054169999999999732e+02
5.070869999999999891e+02
5.072610000000000241e+02
5.101639999999999873e+02
5.101809999999999832e+02
5.104510000000000218e+02
5.105899999999999750e+02
5.118129999999999882e+02
5.118589999999999804e+02
5.123569999999999709e+02
5.156470000000000482e+02
5.174180000000000064e+02
5.176860000000000355e+02
5.202039999999999509e+02
5.253379999999999654e+02
5.272870000000000346e+02
5.284379999999999882e+02
5.322079999999999700e+02
5.342780000000000200e+02
5.369850000000000136e+02
5.406730000000000018e+02
5.454519999999999982e+02
5.468239999999999554e+02
5.495249999999999773e+02
5.513630000000000564e+02
5.517619999999999436e+02
5.550489999999999782e+02
5.551939999999999600e+02
5.574969999999999573e+02
5.589750000000000227e+02
5.602409999999999854e+02
5.623350000000000364e+02
5.627569999999999482e+02
5.645670000000000073e+02
5.661430000000000291e+02
5.698310000000000173e+02
5.707780000000000200e+02
5.712509999999999764e+02
5.734539999999999509e+02
5.744940000000000282e+02
5.761119999999999663e+02
5.775370000000000346e+02
5.779930000000000518e+02
5.780839999999999463e+02
5.783529999999999518e+02
5.788579999999999472e+02
5.789990000000000236e+02
5.802129999999999654e+02
5.804450000000000500e+02
5.816499999999999773e+02
5.832640000000000100e+02
5.837989999999999782e+02
5.862400000000000091e+02
5.869420000000000073e+02
5.870240000000000009e+02
5.872690000000000055e+02
5.875839999999999463e+02
5.899020000000000437e+02
5.900589999999999691e+02
5.940549999999999500e+02
5.967359999999999900e+02
5.970470000000000255e+02
5.985950000000000273e+02
6.046670000000000300e+02
6.047060000000000173e+02
6.071739999999999782e+02
6.085800000000000409e+02
6.093089999999999691e+02
6.112350000000000136e+02
6.161259999999999764e+02
6.248490000000000464e+02
6.258269999999999982e+02
6.258390000000000555e+02
6.269009999999999536e+02
6.293559999999999945e+02
6.308799999999999955e+02
6.329220000000000255e+02
6.428419999999999845e+02
6.474130000000000109e+02
6.486309999999999718e+02
6.500470000000000255e+02
6.544569999999999936e+02
6.571119999999999663e+02
6.572480000000000473e+02
6.587029999999999745e+02
6.591539999999999964e+02
6.603650000000000091e+02
6.606380000000000337e+02
6.634109999999999445e+02
6.673350000000000364e+02
6.681050000000000182e+02
6.695399999999999636e+02
6.724930000000000518e+02
6.733700000000000045e+02
6.735919999999999845e+02
6.736670000000000300e+02
6.743329999999999700e+02
6.780480000000000018e+02
6.791870000000000118e+02
6.796079999999999472e+02
6.846599999999999682e+02
6.857920000000000300e+02
6.862820000000000391e+02
6.864710000000000036e+02
6.952430000000000518e+02
6.957210000000000036e+02
7.022380000000000564e+02
7.038669999999999618e+02
7.041159999999999854e+02
7.044180000000000064e+02
7.051090000000000373e+02
7.053460000000000036e+02
7.056920000000000073e+02
7.076620000000000346e+02
7.084320000000000164e+02
7.087469999999999573e+02
7.090249999999999773e+02
7.093120000000000118e+02
7.097459999999999809e+02
7.098289999999999509e+02
7.106499999999999773e+02
7.108189999999999600e+02
7.117920000000000300e+02
7.119470000000000027e+02
7.121770000000000209e+02
7.124360000000000355e+02
7.127069999999999936e+02
7.133769999999999527e+02
7.137980000000000018e+02
7.141359999999999673e+02
7.145950000000000273e+02
7.151570000000000391e+02
7.174650000000000318e+02
7.191549999999999727e+02
7.212939999999999827e+02
7.215810000000000173e+02
7.220080000000000382e+02
7.222060000000000173e+02
7.239009999999999536e+02
7.242899999999999636e+02
7.259109999999999445e+02
7.263519999999999754e+02
7.281259999999999764e+02
7.283479999999999563e+02
7.284220000000000255e+02
7.285339999999999918e+02
7.290929999999999609e+02
7.292240000000000464e+02
7.302730000000000246e+02
7.329099999999999682e+02
7.334669999999999845e+02
7.340059999999999718e+02
7.349320000000000164e+02
7.378719999999999573e+02
7.396019999999999754e+02
7.446609999999999445e+02
7.447459999999999809e+02
7.455080000000000382e+02
7.472820000000000391e+02
7.484049999999999727e+02
7.504460000000000264e+02
7.519070000000000391e+02
7.543500000000000227e+02
7.546820000000000164e+02
7.548650000000000091e+02
7.562110000000000127e+02
7.565019999999999527e+02
7.573029999999999973e+02
7.574370000000000118e+02
7.580180000000000291e+02
7.587939999999999827e+02
7.590399999999999636e+02
7.600099999999999909e+02
7.609569999999999936e+02
7.609829999999999472e+02
7.616040000000000418e+02
7.633869999999999436e+02
7.640040000000000191e+02
7.647190000000000509e+02
7.647920000000000300e+02
7.650130000000000337e+02
7.657889999999999873e+02
7.669310000000000400e+02
7.674600000000000364e+02
7.680900000000000318e+02
7.697899999999999636e+02
7.714160000000000537e+02
7.730689999999999600e+02
7.738390000000000555e+02
7.751430000000000291e+02
7.757329999999999472e+02
7.796639999999999873e+02
7.803690000000000282e+02
7.814900000000000091e+02
7.822300000000000182e+02
7.833550000000000182e+02
7.837240000000000464e+02
7.839429999999999836e+02
7.846979999999999791e+02
7.861689999999999827e+02
7.865810000000000173e+02
7.882179999999999609e+02
7.898129999999999882e+02
7.917140000000000555e+02
7.930320000000000391e+02
7.934099999999999682e+02
7.939270000000000209e+02
7.950309999999999491e+02
8.003809999999999718e+02
8.017119999999999891e+02
8.027329999999999472e+02
8.028529999999999518e+02
8.034239999999999782e+02
8.050910000000000082e+02
8.067380000000000564e+02
8.070679999999999836e+02
8.119389999999999645e+02
8.127350000000000136e+02
8.164059999999999491e+02
8.197749999999999773e+02
8.208559999999999945e+02
8.221019999999999754e+02
8.232590000000000146e+02
8.243250000000000455e+02
8.291539999999999964e+02
8.303160000000000309e+02
8.308070000000000164e+02
8.317740000000000009e+02
8.350969999999999800e+02
8.386009999999999991e+02
8.390080000000000382e+02
8.434959999999999809e+02
8.475869999999999891e+02
8.488319999999999936e+02
8.513239999999999554e+02
8.545570000000000164e+02
8.619400000000000546e+02
8.635190000000000055e+02
8.680190000000000055e+02
8.708709999999999809e+02
8.710819999999999936e+02
8.720280000000000200e+02
8.760689999999999600e+02
8.782999999999999545e+02
8.791240000000000236e+02
8.862190000000000509e+02
8.916109999999999900e+02
