3.551400000000000290e+01
3.610099999999999909e+01
3.725500000000000256e+01
6.052300000000000324e+01
6.190400000000000347e+01
6.287299999999999756e+01
7.530100000000000193e+01
7.606199999999999761e+01
7.757899999999999352e+01
7.846800000000000352e+01
8.883129999999999882e+01
8.998839999999999861e+01
9.082200000000000273e+01
9.109199999999999875e+01
9.173779999999999291e+01
9.228560000000000230e+01
9.230100000000000193e+01
9.355710000000000548e+01
9.458020000000000493e+01
9.544400000000000261e+01
9.546139999999999759e+01
9.552989999999999782e+01
9.562500000000000000e+01
9.605450000000000443e+01
9.851099999999999568e+01
9.854110000000000014e+01
9.957420000000000471e+01
9.971680000000000632e+01
1.010919999999999987e+02
1.016238000000000028e+02
1.019719999999999942e+02
1.040720000000000027e+02
1.041312999999999960e+02
1.044489999999999981e+02
1.048840000000000003e+02
1.058370000000000033e+02
1.058589999999999947e+02
1.062122999999999990e+02
1.073409999999999940e+02
1.087500000000000000e+02
1.089350000000000023e+02
1.096919999999999931e+02
1.103239999999999981e+02
1.108138000000000005e+02
1.119339999999999975e+02
1.120679999999999978e+02
1.132789999999999964e+02
1.139290000000000020e+02
1.158329999999999984e+02
1.159013999999999953e+02
1.160739999999999981e+02
1.161089999999999947e+02
1.161433999999999997e+02
1.161580000000000013e+02
1.162925999999999931e+02
1.176260000000000048e+02
1.180619999999999976e+02
1.184249999999999972e+02
1.185674999999999955e+02
1.189920000000000044e+02
1.189989999999999952e+02
1.193298999999999950e+02
1.204060000000000059e+02
1.205720000000000027e+02
1.210520000000000067e+02
1.215100000000000051e+02
1.218139999999999930e+02
1.219087999999999994e+02
1.223714999999999975e+02
1.230169999999999959e+02
1.231380000000000052e+02
1.242927999999999997e+02
1.243629999999999995e+02
1.251380000000000052e+02
1.259920000000000044e+02
1.276310000000000002e+02
1.283810000000000002e+02
1.285658999999999992e+02
1.290870999999999924e+02
1.294360000000000070e+02
1.302199999999999989e+02
1.303901999999999930e+02
1.305970000000000084e+02
1.312274999999999920e+02
1.313086999999999875e+02
1.314550000000000125e+02
1.316571999999999889e+02
1.317906999999999869e+02
1.327340000000000089e+02
1.327668999999999926e+02
1.334699999999999989e+02
1.337102999999999895e+02
1.346049999999999898e+02
1.347649999999999864e+02
1.353842999999999961e+02
1.358706999999999994e+02
1.360226000000000113e+02
1.360226000000000113e+02
1.363798999999999921e+02
1.365281999999999982e+02
1.369710000000000036e+02
1.370651000000000010e+02
1.375415999999999883e+02
1.380704000000000065e+02
1.386740000000000066e+02
1.391100000000000136e+02
1.393509999999999991e+02
1.394667000000000030e+02
1.394764000000000124e+02
1.396399000000000115e+02
1.400454000000000008e+02
1.410610000000000070e+02
1.437520000000000095e+02
1.438365000000000009e+02
1.449770000000000039e+02
1.474995000000000118e+02
1.481747000000000014e+02
1.489090999999999951e+02
1.495037000000000091e+02
1.517960999999999956e+02
1.522205999999999904e+02
1.527855999999999881e+02
1.532899999999999920e+02
1.543652999999999906e+02
1.554881000000000029e+02
1.570055999999999869e+02
1.570360000000000014e+02
1.574425999999999988e+02
1.585071000000000083e+02
1.587531999999999925e+02
1.593418000000000063e+02
1.602324999999999875e+02
1.628421999999999912e+02
1.637059000000000140e+02
1.643262000000000000e+02
1.648562000000000012e+02
1.665363999999999862e+02
1.674290000000000020e+02
1.699418000000000006e+02
1.733609999999999900e+02
1.737243599999999901e+02
1.751487999999999943e+02
1.753520000000000039e+02
1.755620999999999867e+02
1.757892999999999972e+02
1.764939099999999996e+02
1.773360299999999938e+02
1.778898000000000081e+02
1.790783500000000004e+02
1.804634299999999882e+02
1.804971700000000112e+02
1.805002000000000066e+02
1.811196999999999946e+02
1.811709999999999923e+02
1.813015699999999981e+02
1.814601999999999862e+02
1.815765900000000101e+02
1.819038999999999930e+02
1.819261099999999942e+02
1.823009500000000003e+02
1.831757000000000062e+02
1.848769200000000126e+02
1.851969499999999869e+02
1.854253099999999961e+02
1.855603999999999871e+02
1.860325300000000084e+02
1.861417500000000018e+02
1.865516399999999919e+02
1.865923300000000040e+02
1.871268000000000029e+02
1.872273199999999918e+02
1.873312400000000082e+02
1.882584699999999884e+02
1.886030000000000086e+02
1.886030000000000086e+02
1.886107000000000085e+02
1.891420699999999897e+02
1.897288000000000068e+02
1.899901000000000124e+02
1.909210199999999986e+02
1.911552499999999952e+02
1.913483699999999885e+02
1.925296600000000069e+02
1.926745899999999949e+02
1.927948299999999904e+02
1.929050000000000011e+02
1.933148600000000101e+02
1.941860000000000070e+02
1.942700399999999945e+02
1.952126399999999933e+02
1.955519999999999925e+02
1.960206599999999924e+02
1.971449900000000071e+02
1.977820000000000107e+02
1.984171100000000081e+02
1.991868000000000052e+02
1.994975100000000054e+02
2.008720999999999890e+02
2.016401400000000024e+02
2.021481100000000026e+02
2.027612000000000023e+02
2.041312100000000100e+02
2.041572999999999922e+02
2.054689999999999941e+02
2.058969999999999914e+02
2.064661999999999864e+02
2.069235999999999933e+02
2.073549999999999898e+02
2.073736000000000104e+02
2.081293400000000133e+02
2.092254900000000077e+02
2.094993100000000084e+02
2.097094299999999976e+02
2.101579000000000121e+02
2.109142999999999972e+02
2.114606300000000090e+02
2.119050000000000011e+02
2.121871600000000058e+02
2.128673400000000129e+02
2.131880999999999915e+02
2.141405799999999999e+02
2.142094199999999944e+02
2.149134300000000053e+02
2.149290000000000020e+02
2.149402900000000045e+02
2.151520899999999870e+02
2.152103600000000085e+02
2.152190400000000068e+02
2.171982399999999984e+02
2.195184800000000109e+02
2.200032199999999989e+02
2.200762000000000000e+02
2.210348600000000090e+02
2.211722499999999911e+02
2.232417900000000088e+02
2.246753899999999931e+02
2.251846299999999985e+02
2.253542999999999950e+02
2.256425000000000125e+02
2.266716499999999996e+02
2.267888599999999997e+02
2.269631100000000004e+02
2.282952400000000068e+02
2.287386600000000101e+02
2.297000999999999920e+02
2.317942199999999957e+02
2.333081400000000087e+02
2.334149999999999920e+02
2.335528400000000033e+02
2.350543999999999869e+02
2.351417999999999893e+02
2.355570400000000006e+02
2.358602400000000046e+02
2.360999999999999943e+02
2.368950000000000102e+02
2.369869999999999948e+02
2.381466299999999876e+02
2.385292000000000030e+02
2.394037999999999897e+02
2.407444000000000131e+02
2.408882999999999868e+02
2.422429899999999918e+02
2.430232499999999902e+02
2.434215199999999868e+02
2.434219999999999970e+02
2.443400000000000034e+02
2.449649699999999939e+02
2.455994900000000030e+02
2.477149400000000128e+02
2.484159400000000062e+02
2.487400000000000091e+02
2.487717199999999877e+02
2.492451000000000079e+02
2.496476700000000051e+02
2.523449999999999989e+02
2.524666100000000029e+02
2.531858400000000131e+02
2.539710000000000036e+02
2.547313200000000109e+02
2.558861599999999896e+02
2.572364400000000160e+02
2.579920000000000186e+02
2.593100000000000023e+02
2.593495199999999841e+02
2.595196700000000192e+02
2.609519999999999982e+02
2.637778200000000197e+02
2.644350000000000023e+02
2.662035300000000007e+02
2.665779999999999745e+02
2.707307500000000005e+02
2.712660000000000196e+02
2.728570000000000277e+02
2.762596300000000156e+02
2.779200000000000159e+02
2.780631599999999821e+02
2.785847299999999791e+02
2.788741999999999734e+02
2.813385799999999790e+02
2.814410799999999995e+02
2.826340000000000146e+02
2.840811600000000112e+02
2.851457199999999830e+02
2.864155499999999961e+02
2.869449999999999932e+02
2.913670000000000186e+02
2.914412500000000250e+02
2.920710000000000264e+02
2.944159999999999968e+02
2.950400000000000205e+02
2.991859999999999786e+02
2.995330000000000155e+02
2.998000000000000114e+02
3.010010199999999827e+02
3.013290000000000077e+02
3.024800000000000182e+02
3.033660600000000045e+02
3.034998100000000250e+02
3.048330000000000268e+02
3.095579999999999927e+02
3.102149999999999750e+02
3.142733400000000188e+02
3.175953900000000090e+02
3.219610099999999875e+02
3.224500499999999761e+02
3.263271599999999921e+02
3.284085799999999722e+02
3.331565200000000004e+02
3.352300000000000182e+02
3.352915699999999788e+02
3.356499999999999773e+02
3.408389999999999986e+02
3.473326999999999884e+02
3.538480000000000132e+02
3.576346199999999840e+02
3.583373599999999897e+02
3.613709999999999809e+02
3.620989999999999895e+02
3.621517799999999738e+02
3.656817899999999781e+02
3.716209299999999871e+02
3.802089899999999716e+02
3.842465199999999754e+02
3.985699999999999932e+02
3.985699999999999932e+02
3.995400000000000205e+02
4.111499999999999773e+02
4.111499999999999773e+02
4.112500000000000000e+02
4.166000000000000227e+02
4.173399999999999750e+02
4.217400000000000091e+02
4.294499999999999886e+02
4.294499999999999886e+02
4.295539999999999736e+02
4.324308199999999829e+02
4.526003200000000106e+02
4.575000000000000000e+02
4.576299999999999955e+02
4.580339999999999918e+02
4.580339999999999918e+02
4.581499999999999773e+02
4.619529499999999871e+02
4.777400000000000091e+02
4.793412799999999834e+02
4.878571000000000026e+02
4.896499999999999773e+02
4.918500000000000227e+02
4.945636200000000144e+02
4.981034999999999968e+02
5.072500000000000000e+02
5.072500000000000000e+02
5.074030000000000200e+02
5.105981899999999882e+02
5.161590999999999667e+02
5.175976000000000568e+02
5.333822400000000243e+02
5.563454600000000028e+02
5.590366900000000214e+02
5.597818099999999504e+02
5.633238999999999805e+02
5.755148900000000367e+02
5.763327500000000327e+02
5.798515200000000505e+02
5.800467999999999620e+02
5.926945699999999988e+02
5.935649899999999661e+02
5.967490000000000236e+02
5.971945299999999861e+02
6.039276200000000472e+02
6.056350300000000288e+02
6.070797000000000025e+02
6.074946999999999662e+02
6.079315699999999651e+02
6.079315699999999651e+02
6.081452799999999570e+02
6.151305399999999963e+02
6.156148699999999963e+02
6.173305800000000545e+02
6.205225000000000364e+02
6.243799999999999955e+02
6.312362000000000535e+02
6.355914500000000089e+02
6.430199999999999818e+02
6.455325699999999642e+02
6.571499999999999773e+02
6.662899999999999636e+02
6.762677999999999656e+02
6.846074499999999716e+02
6.926266000000000531e+02
7.192758000000000038e+02
7.232100000000000364e+02
7.316499999999999773e+02
7.389199999999999591e+02
7.400607999999999720e+02
7.410259999999999536e+02
7.687385600000000068e+02
7.731699999999999591e+02
7.743555000000000064e+02
7.757015000000000100e+02
7.828120000000000118e+02
7.905706000000000131e+02
7.912590000000000146e+02
8.032056999999999789e+02
8.040701699999999619e+02
8.057939999999999827e+02
8.116260999999999513e+02
8.122797000000000480e+02
8.339946999999999662e+02
8.351678600000000188e+02
8.359274599999999964e+02
8.393531000000000404e+02
8.424937999999999647e+02
8.554881000000000313e+02
8.600729000000000042e+02
8.650403999999999769e+02
8.684266999999999825e+02
8.909724999999999682e+02
9.021204500000000053e+02
9.061367000000000189e+02
9.061367000000000189e+02
9.066145999999999958e+02
9.413211999999999762e+02
9.417531999999999925e+02
9.618650999999999840e+02
9.743573999999999842e+02
9.745158000000000129e+02
9.807872999999999593e+02
9.853082000000000562e+02
1.045925099999999929e+03
1.061034000000000106e+03
1.074219900000000052e+03
1.081057299999999941e+03
1.089685199999999895e+03
1.119477499999999964e+03
1.121977399999999989e+03
1.134004899999999907e+03
1.145754300000000057e+03
1.161933199999999943e+03
1.167394099999999980e+03
1.169756100000000060e+03
1.174280400000000100e+03
1.182823100000000068e+03
1.185146199999999908e+03
1.185708300000000008e+03
1.193608699999999999e+03
1.201268399999999929e+03
1.231645299999999907e+03
1.233889899999999898e+03
1.253420599999999922e+03
1.253973999999999933e+03
1.279269999999999982e+03
1.289220000000000027e+03
1.298455999999999904e+03
1.300390000000000100e+03
1.300769999999999982e+03
1.302376999999999953e+03
1.308506000000000085e+03
1.346290999999999940e+03
1.361170000000000073e+03
1.466329999999999927e+03
1.479880000000000109e+03
1.479880000000000109e+03
1.502430000000000064e+03
1.506079999999999927e+03
1.517119999999999891e+03
1.536819999999999936e+03
1.547099999999999909e+03
1.547099999999999909e+03
1.575710000000000036e+03
1.638450000000000045e+03
1.700700000000000045e+03
1.774049999999999955e+03
1.774950000000000045e+03
1.781470000000000027e+03
1.848720000000000027e+03
1.886589999999999918e+03
1.930400000000000091e+03
2.062829999999999927e+03
2.085460000000000036e+03
2.086789999999999964e+03
2.169179999999999836e+03
2.213769999999999982e+03
