1.176580000000000013e+02
1.192009999999999934e+02
1.200580000000000069e+02
1.213940000000000055e+02
1.221219999999999999e+02
1.235040000000000049e+02
1.259399999999999977e+02
1.301479999999999961e+02
1.308300000000000125e+02
1.311699999999999875e+02
1.315120000000000005e+02
1.325560000000000116e+02
1.327669999999999959e+02
1.367560000000000002e+02
1.367709999999999866e+02
1.369639999999999986e+02
1.373859999999999957e+02
1.376459999999999866e+02
1.378230000000000075e+02
1.380999999999999943e+02
1.382829999999999870e+02
1.389919999999999902e+02
1.516169999999999902e+02
1.530099999999999909e+02
1.595389999999999873e+02
1.633189999999999884e+02
1.649379999999999882e+02
1.654749999999999943e+02
1.667580000000000098e+02
1.672549999999999955e+02
1.681980000000000075e+02
1.684459999999999980e+02
1.685370000000000061e+02
1.691949999999999932e+02
1.695229999999999961e+02
1.698360000000000127e+02
1.701599999999999966e+02
1.704790000000000134e+02
1.705049999999999955e+02
1.943940000000000055e+02
1.970900000000000034e+02
2.028439999999999941e+02
2.029869999999999948e+02
2.049540000000000077e+02
2.079490000000000123e+02
2.090639999999999930e+02
2.333259999999999934e+02
2.436750000000000114e+02
2.578500000000000227e+02
2.585380000000000109e+02
2.591080000000000041e+02
2.592200000000000273e+02
2.593419999999999845e+02
2.598489999999999895e+02
2.603709999999999809e+02
2.609350000000000023e+02
2.629470000000000027e+02
2.656750000000000114e+02
2.662189999999999941e+02
2.662429999999999950e+02
2.668430000000000177e+02
2.669649999999999750e+02
2.670079999999999814e+02
2.674920000000000186e+02
2.675480000000000018e+02
2.678949999999999818e+02
2.684769999999999754e+02
2.688620000000000232e+02
2.692699999999999818e+02
2.693849999999999909e+02
2.694209999999999923e+02
2.696259999999999764e+02
2.697629999999999768e+02
2.704870000000000232e+02
2.737049999999999841e+02
2.760289999999999964e+02
2.770350000000000250e+02
2.785310000000000059e+02
2.801340000000000146e+02
2.803580000000000041e+02
2.810129999999999768e+02
2.813469999999999800e+02
2.852980000000000018e+02
2.858519999999999754e+02
2.887139999999999986e+02
2.895299999999999727e+02
2.898290000000000077e+02
2.899710000000000036e+02
2.902389999999999759e+02
2.911150000000000091e+02
2.915600000000000023e+02
2.916150000000000091e+02
2.916449999999999818e+02
2.917090000000000032e+02
2.919739999999999895e+02
2.925020000000000095e+02
2.925389999999999873e+02
2.933750000000000000e+02
2.940910000000000082e+02
2.957069999999999936e+02
2.969739999999999895e+02
2.978650000000000091e+02
2.987900000000000205e+02
2.989440000000000168e+02
2.996870000000000118e+02
2.999900000000000091e+02
3.006399999999999864e+02
3.010179999999999723e+02
3.011469999999999914e+02
3.017060000000000173e+02
3.020049999999999955e+02
3.021170000000000186e+02
3.024309999999999832e+02
3.028210000000000264e+02
3.032479999999999905e+02
3.045849999999999795e+02
3.052019999999999982e+02
3.054130000000000109e+02
3.054440000000000168e+02
3.063670000000000186e+02
3.064979999999999905e+02
3.066580000000000155e+02
3.068090000000000259e+02
3.069920000000000186e+02
3.070939999999999941e+02
3.073489999999999895e+02
3.079750000000000227e+02
3.083260000000000218e+02
3.087679999999999723e+02
3.089329999999999927e+02
3.090480000000000018e+02
3.103439999999999941e+02
3.103860000000000241e+02
3.118790000000000191e+02
3.120520000000000209e+02
3.122850000000000250e+02
3.123960000000000150e+02
3.125450000000000159e+02
3.132259999999999991e+02
3.135169999999999959e+02
3.140550000000000068e+02
3.140969999999999800e+02
3.146129999999999995e+02
3.147579999999999814e+02
3.147950000000000159e+02
3.148059999999999832e+02
3.149619999999999891e+02
3.156530000000000200e+02
3.163340000000000032e+02
3.163849999999999909e+02
3.166659999999999968e+02
3.168439999999999941e+02
3.169239999999999782e+02
3.170760000000000218e+02
3.174680000000000177e+02
3.175579999999999927e+02
3.181460000000000150e+02
3.184800000000000182e+02
3.188179999999999836e+02
3.188949999999999818e+02
3.195609999999999786e+02
3.196519999999999868e+02
3.200480000000000018e+02
3.219859999999999900e+02
3.220910000000000082e+02
3.230960000000000036e+02
3.231990000000000123e+02
3.240529999999999973e+02
3.240930000000000177e+02
3.253260000000000218e+02
3.263910000000000196e+02
3.264809999999999945e+02
3.265840000000000032e+02
3.267339999999999804e+02
3.275079999999999814e+02
3.275269999999999868e+02
3.278260000000000218e+02
3.281259999999999764e+02
3.282350000000000136e+02
3.284049999999999727e+02
3.285989999999999895e+02
3.288500000000000227e+02
3.292509999999999764e+02
3.294019999999999868e+02
3.296279999999999859e+02
3.299610000000000127e+02
3.305899999999999750e+02
3.308389999999999986e+02
3.309460000000000264e+02
3.315330000000000155e+02
3.322110000000000127e+02
3.323240000000000123e+02
3.324340000000000259e+02
3.324850000000000136e+02
3.325360000000000014e+02
3.330040000000000191e+02
3.335439999999999827e+02
3.337660000000000196e+02
3.338990000000000009e+02
3.339959999999999809e+02
3.348229999999999791e+02
3.349030000000000200e+02
3.350380000000000109e+02
3.363220000000000027e+02
3.365899999999999750e+02
3.371580000000000155e+02
3.372470000000000141e+02
3.373330000000000268e+02
3.373690000000000282e+02
3.376000000000000227e+02
3.379700000000000273e+02
3.379830000000000041e+02
3.383770000000000095e+02
3.391569999999999823e+02
3.392250000000000227e+02
3.399329999999999927e+02
3.400079999999999814e+02
3.401510000000000105e+02
3.401840000000000259e+02
3.403310000000000173e+02
3.411379999999999768e+02
3.411659999999999968e+02
3.414739999999999895e+02
3.417219999999999800e+02
3.421320000000000050e+02
3.431589999999999918e+02
3.434239999999999782e+02
3.440710000000000264e+02
3.441360000000000241e+02
3.445570000000000164e+02
3.447389999999999759e+02
3.450450000000000159e+02
3.455049999999999955e+02
3.461370000000000005e+02
3.463960000000000150e+02
3.469019999999999868e+02
3.472719999999999914e+02
3.473360000000000127e+02
3.473779999999999859e+02
3.473990000000000009e+02
3.481170000000000186e+02
3.484039999999999964e+02
3.484689999999999941e+02
3.490509999999999877e+02
3.493000000000000114e+02
3.495210000000000150e+02
3.496360000000000241e+02
3.501840000000000259e+02
3.508450000000000273e+02
3.510169999999999959e+02
3.511100000000000136e+02
3.514100000000000250e+02
3.520769999999999982e+02
3.524669999999999845e+02
3.526150000000000091e+02
3.526619999999999777e+02
3.537330000000000041e+02
3.538949999999999818e+02
3.541250000000000000e+02
3.544900000000000091e+02
3.552970000000000255e+02
3.562760000000000105e+02
3.563919999999999959e+02
3.568369999999999891e+02
3.569540000000000077e+02
3.570000000000000000e+02
3.573090000000000259e+02
3.580219999999999914e+02
3.586050000000000182e+02
3.588460000000000036e+02
3.597409999999999854e+02
3.599089999999999918e+02
3.601469999999999914e+02
3.605930000000000177e+02
3.612359999999999900e+02
3.615659999999999741e+02
3.616689999999999827e+02
3.617610000000000241e+02
3.618890000000000100e+02
3.620760000000000218e+02
3.626569999999999823e+02
3.627529999999999859e+02
3.630470000000000255e+02
3.634329999999999927e+02
3.639499999999999886e+02
3.642699999999999818e+02
3.648100000000000023e+02
3.648790000000000191e+02
3.651440000000000055e+02
3.655919999999999845e+02
3.659920000000000186e+02
3.664159999999999968e+02
3.677400000000000091e+02
3.678940000000000055e+02
3.683310000000000173e+02
3.689200000000000159e+02
3.692200000000000273e+02
3.693999999999999773e+02
3.694630000000000223e+02
3.697900000000000205e+02
3.701170000000000186e+02
3.703910000000000196e+02
3.704169999999999732e+02
3.704970000000000141e+02
3.710360000000000014e+02
3.712819999999999823e+02
3.720509999999999877e+02
3.730969999999999800e+02
3.733450000000000273e+02
3.746100000000000136e+02
3.748240000000000123e+02
3.748410000000000082e+02
3.756309999999999718e+02
3.758509999999999991e+02
3.758969999999999914e+02
3.760419999999999732e+02
3.762210000000000036e+02
3.766206000000000245e+02
3.766209999999999809e+02
3.777559999999999718e+02
3.784599999999999795e+02
3.788299999999999841e+02
3.791000000000000227e+02
3.793279999999999745e+02
3.802880000000000109e+02
3.807930000000000064e+02
3.831349999999999909e+02
3.834510000000000218e+02
3.843589999999999804e+02
3.846700000000000159e+02
3.849820000000000277e+02
3.870849999999999795e+02
3.875269999999999868e+02
3.884440000000000168e+02
3.889320000000000164e+02
3.895740000000000123e+02
3.897090000000000032e+02
3.897679999999999723e+02
3.898990000000000009e+02
3.900299999999999727e+02
3.902440000000000282e+02
3.909169999999999732e+02
3.910249999999999773e+02
3.910659999999999741e+02
3.916539999999999964e+02
3.920629999999999882e+02
3.923210000000000264e+02
3.923849999999999909e+02
3.926560000000000059e+02
3.936349999999999909e+02
3.940640000000000214e+02
3.948009999999999877e+02
3.959479999999999791e+02
3.977959999999999923e+02
3.983000000000000114e+02
3.984979999999999905e+02
4.000529999999999973e+02
4.003319999999999936e+02
4.003720000000000141e+02
4.006600000000000250e+02
4.011170000000000186e+02
4.013879999999999768e+02
4.014390000000000214e+02
4.020280000000000200e+02
4.021610000000000014e+02
4.024019999999999868e+02
4.025910000000000082e+02
4.032799999999999727e+02
4.033419999999999845e+02
4.034169999999999732e+02
4.037359999999999900e+02
4.040000000000000000e+02
4.053000000000000114e+02
4.054010000000000105e+02
4.055269999999999868e+02
4.061519999999999868e+02
4.062019999999999982e+02
4.062730000000000246e+02
4.065040000000000191e+02
4.067370000000000232e+02
4.076370000000000005e+02
4.082389999999999759e+02
4.087749999999999773e+02
4.093349999999999795e+02
4.095529999999999973e+02
4.095649999999999977e+02
4.105059999999999718e+02
4.106530000000000200e+02
4.113659999999999854e+02
4.121080000000000041e+02
4.144680000000000177e+02
4.145579999999999927e+02
4.159700000000000273e+02
4.170269999999999868e+02
4.170500000000000114e+02
4.172230000000000132e+02
4.173779999999999859e+02
4.173999999999999773e+02
4.174649999999999750e+02
4.187389999999999759e+02
4.188340000000000032e+02
4.197919999999999732e+02
4.202180000000000177e+02
4.204920000000000186e+02
4.207679999999999723e+02
4.214689999999999941e+02
4.215609999999999786e+02
4.216279999999999859e+02
4.218750000000000000e+02
4.220350000000000250e+02
4.225470000000000255e+02
4.227640000000000100e+02
4.233079999999999927e+02
4.234010000000000105e+02
4.236539999999999964e+02
4.256440000000000055e+02
4.259429999999999836e+02
4.264859999999999900e+02
4.267540000000000191e+02
4.270889999999999986e+02
4.276410000000000196e+02
4.279719999999999800e+02
4.286340000000000146e+02
4.290910000000000082e+02
4.299569999999999936e+02
4.301109999999999900e+02
4.304159999999999968e+02
4.308389999999999986e+02
4.311630000000000109e+02
4.312769999999999868e+02
4.314460000000000264e+02
4.320040000000000191e+02
4.323450000000000273e+02
4.327049999999999841e+02
4.327649999999999864e+02
4.330120000000000005e+02
4.333340000000000032e+02
4.337649999999999864e+02
4.338860000000000241e+02
4.339630000000000223e+02
4.341840000000000259e+02
4.343750000000000000e+02
4.354420000000000073e+02
4.357309999999999945e+02
4.358029999999999973e+02
4.361390000000000100e+02
4.368530000000000086e+02
4.373249999999999886e+02
4.383679999999999950e+02
4.389460000000000264e+02
4.392139999999999986e+02
4.417509999999999764e+02
4.421429999999999723e+02
4.424340000000000259e+02
4.433960000000000150e+02
4.437370000000000232e+02
4.440629999999999882e+02
4.449289999999999736e+02
4.468940000000000055e+02
4.494329999999999927e+02
4.510299999999999727e+02
4.512789999999999964e+02
4.514230000000000018e+02
4.515579999999999927e+02
4.520989999999999895e+02
4.526279999999999859e+02
4.533100000000000023e+02
4.535400000000000205e+02
4.538410000000000082e+02
4.538500000000000227e+02
4.550350000000000250e+02
4.551000000000000227e+02
4.551730000000000018e+02
4.557740000000000009e+02
4.563519999999999754e+02
4.564970000000000141e+02
4.566129999999999995e+02
4.574470000000000027e+02
4.579970000000000141e+02
4.586120000000000232e+02
4.592850000000000250e+02
4.593670000000000186e+02
4.605389999999999873e+02
4.613249999999999886e+02
4.617210000000000036e+02
4.618779999999999859e+02
4.620649999999999977e+02
4.627620000000000005e+02
4.628240000000000123e+02
4.633369999999999891e+02
4.637889999999999873e+02
4.638290000000000077e+02
4.642300000000000182e+02
4.643279999999999745e+02
4.646610000000000014e+02
4.648530000000000086e+02
4.659680000000000177e+02
4.664100000000000250e+02
4.666759999999999877e+02
4.670710000000000264e+02
4.678210000000000264e+02
4.683179999999999836e+02
4.683829999999999814e+02
4.684100000000000250e+02
4.689940000000000282e+02
4.694420000000000073e+02
4.694700000000000273e+02
4.703729999999999905e+02
4.709259999999999877e+02
4.717389999999999759e+02
4.729479999999999791e+02
4.735520000000000209e+02
4.741259999999999764e+02
4.749130000000000109e+02
4.753860000000000241e+02
4.759769999999999754e+02
4.761519999999999868e+02
4.763700000000000045e+02
4.765799999999999841e+02
4.779700000000000273e+02
4.780140000000000100e+02
4.788120000000000118e+02
4.791250000000000000e+02
4.803210000000000264e+02
4.815120000000000005e+02
4.838940000000000055e+02
4.841739999999999782e+02
4.844039999999999964e+02
4.846240000000000236e+02
4.856170000000000186e+02
4.857900000000000205e+02
4.860230000000000246e+02
4.876929999999999836e+02
4.877479999999999905e+02
4.882509999999999764e+02
4.917269999999999754e+02
4.925459999999999923e+02
4.928210000000000264e+02
4.930310000000000059e+02
4.933170000000000073e+02
4.972379999999999995e+02
4.972810000000000059e+02
4.974429999999999836e+02
4.981549999999999727e+02
4.981949999999999932e+02
4.995210000000000150e+02
4.997230000000000132e+02
4.999340000000000259e+02
5.007500000000000000e+02
5.023559999999999945e+02
5.025640000000000214e+02
5.026050000000000182e+02
5.034519999999999982e+02
5.043469999999999800e+02
5.055710000000000264e+02
5.067200000000000273e+02
5.079669999999999845e+02
5.081469999999999914e+02
5.082529999999999859e+02
5.090539999999999736e+02
5.091080000000000041e+02
5.102509999999999764e+02
5.109979999999999905e+02
5.119820000000000277e+02
5.121609999999999445e+02
5.133120000000000118e+02
5.142509999999999764e+02
5.149009999999999536e+02
5.165710000000000264e+02
5.171570000000000391e+02
5.172050000000000409e+02
5.177949999999999591e+02
5.181409999999999627e+02
5.186029999999999518e+02
5.187569999999999482e+02
5.189919999999999618e+02
5.200309999999999491e+02
5.204220000000000255e+02
5.206000000000000227e+02
5.209420000000000073e+02
5.215729999999999791e+02
5.223440000000000509e+02
5.229579999999999700e+02
5.236570000000000391e+02
5.250170000000000528e+02
5.263569999999999709e+02
5.276499999999999773e+02
5.282519999999999527e+02
5.306200000000000045e+02
5.309669999999999845e+02
5.310940000000000509e+02
5.320710000000000264e+02
5.332519999999999527e+02
5.339379999999999882e+02
5.340069999999999482e+02
5.349320000000000164e+02
5.356369999999999436e+02
5.371209999999999809e+02
5.377469999999999573e+02
5.403559999999999945e+02
5.415149999999999864e+02
5.417709999999999582e+02
5.425610000000000355e+02
5.427939999999999827e+02
5.444890000000000327e+02
5.458519999999999754e+02
5.461330000000000382e+02
5.471860000000000355e+02
5.482970000000000255e+02
5.511140000000000327e+02
5.516069999999999709e+02
5.525650000000000546e+02
5.527150000000000318e+02
5.567480000000000473e+02
5.640370000000000346e+02
5.687319999999999709e+02
5.688060000000000400e+02
5.749170000000000300e+02
5.764260000000000446e+02
5.786779999999999973e+02
5.797250000000000227e+02
5.804740000000000464e+02
5.816970000000000027e+02
5.844589999999999463e+02
5.852690000000000055e+02
5.872250000000000227e+02
5.900470000000000255e+02
5.904039999999999964e+02
5.906349999999999909e+02
5.922419999999999618e+02
5.941029999999999518e+02
5.941820000000000164e+02
5.952820000000000391e+02
5.968990000000000009e+02
6.040639999999999645e+02
6.041050000000000182e+02
6.105979999999999563e+02
6.294170000000000300e+02
6.333429999999999609e+02
6.336660000000000537e+02
6.448650000000000091e+02
6.520480000000000018e+02
6.575860000000000127e+02
6.583640000000000327e+02
6.608990000000000009e+02
6.679779999999999518e+02
6.704460000000000264e+02
6.708640000000000327e+02
6.786989999999999554e+02
6.796459999999999582e+02
6.876079999999999472e+02
6.898269999999999982e+02
6.901849999999999454e+02
6.903880000000000337e+02
7.007920000000000300e+02
7.084800000000000182e+02
7.091169999999999618e+02
7.114650000000000318e+02
7.189460000000000264e+02
7.197870000000000346e+02
7.206269999999999527e+02
7.236970000000000027e+02
7.259729999999999563e+02
7.313579999999999472e+02
7.350900000000000318e+02
7.400309999999999491e+02
7.426280000000000427e+02
7.431670000000000300e+02
7.474210000000000491e+02
7.486599999999999682e+02
7.497509999999999764e+02
7.498179999999999836e+02
7.501760000000000446e+02
7.513469999999999800e+02
7.521839999999999691e+02
7.559669999999999845e+02
7.584120000000000346e+02
7.589579999999999700e+02
7.592329999999999472e+02
7.598529999999999518e+02
7.603269999999999982e+02
7.618110000000000355e+02
7.626150000000000091e+02
7.629909999999999854e+02
7.641150000000000091e+02
7.674829999999999472e+02
7.696860000000000355e+02
7.708279999999999745e+02
7.729099999999999682e+02
7.739759999999999991e+02
7.795339999999999918e+02
7.809479999999999791e+02
7.835069999999999482e+02
7.857949999999999591e+02
7.867150000000000318e+02
7.887870000000000346e+02
7.915289999999999964e+02
7.930080000000000382e+02
7.957500000000000000e+02
8.000230000000000246e+02
8.003239999999999554e+02
8.012359999999999900e+02
8.027630000000000337e+02
8.056009999999999991e+02
8.069569999999999936e+02
8.087279999999999518e+02
8.166409999999999627e+02
8.173949999999999818e+02
8.197069999999999936e+02
8.214829999999999472e+02
8.216589999999999918e+02
8.261349999999999909e+02
8.452380000000000564e+02
8.468129999999999882e+02
8.505040000000000191e+02
8.514139999999999873e+02
8.585810000000000173e+02
8.605760000000000218e+02
8.680629999999999882e+02
8.768150000000000546e+02
