2.106899999999999977e+02
2.117110000000000127e+02
2.120075999999999965e+02
2.156949999999999932e+02
2.186077999999999975e+02
2.189739999999999895e+02
2.194031999999999982e+02
2.266920000000000073e+02
2.282824999999999989e+02
2.283418000000000063e+02
2.286156000000000006e+02
2.298788000000000125e+02
2.416950999999999965e+02
2.423963999999999999e+02
2.425274000000000001e+02
2.436568000000000040e+02
2.437733000000000061e+02
2.464439000000000135e+02
2.465832000000000050e+02
2.467618999999999971e+02
2.475854999999999961e+02
2.481448000000000036e+02
2.483974000000000046e+02
2.487246000000000095e+02
2.493472999999999900e+02
2.493472999999999900e+02
2.494183999999999912e+02
2.497520000000000095e+02
2.510922999999999945e+02
2.530099999999999909e+02
2.543990000000000009e+02
2.545569999999999879e+02
2.548679999999999950e+02
2.559379999999999882e+02
2.567780000000000200e+02
2.575830000000000268e+02
2.577049999999999841e+02
2.578629999999999995e+02
2.579562999999999988e+02
2.590636000000000081e+02
2.590964000000000169e+02
2.593591000000000122e+02
2.597970000000000255e+02
2.609633999999999787e+02
2.610769999999999982e+02
2.615013000000000147e+02
2.616653999999999769e+02
2.619060000000000059e+02
2.635699999999999932e+02
2.637142999999999802e+02
2.642042000000000144e+02
2.643158999999999992e+02
2.645289999999999964e+02
2.647799999999999727e+02
2.649995999999999867e+02
2.653140000000000214e+02
2.654356000000000222e+02
2.655095999999999776e+02
2.661675999999999931e+02
2.663088000000000193e+02
2.681990000000000123e+02
2.683935999999999922e+02
2.684682999999999993e+02
2.693910999999999945e+02
2.697436000000000149e+02
2.703072999999999979e+02
2.703759999999999764e+02
2.708700000000000045e+02
2.709587999999999965e+02
2.716009999999999991e+02
2.724356999999999971e+02
2.727497999999999934e+02
2.729279000000000224e+02
2.731336999999999762e+02
2.733681000000000267e+02
2.737040999999999826e+02
2.737640000000000100e+02
2.738783000000000243e+02
2.739639999999999986e+02
2.756575000000000273e+02
2.762950000000000159e+02
2.763152999999999793e+02
2.766764000000000010e+02
2.766764000000000010e+02
2.767703000000000202e+02
2.778129999999999882e+02
2.779728000000000065e+02
2.782042999999999893e+02
2.782873000000000161e+02
2.786408000000000129e+02
2.789710999999999785e+02
2.790068999999999733e+02
2.795350000000000250e+02
2.796474000000000046e+02
2.796600000000000250e+02
2.803636000000000195e+02
2.803844000000000278e+02
2.809182999999999879e+02
2.810480000000000018e+02
2.812440000000000282e+02
2.815688999999999851e+02
2.820289999999999964e+02
2.822180000000000177e+02
2.828874000000000137e+02
2.832010000000000218e+02
2.841220000000000141e+02
2.845880000000000223e+02
2.847230000000000132e+02
2.850033000000000243e+02
2.851793999999999869e+02
2.857966999999999871e+02
2.859950000000000045e+02
2.865326999999999771e+02
2.868928999999999974e+02
2.888580999999999790e+02
2.889304999999999950e+02
2.890049999999999955e+02
2.894008000000000038e+02
2.894295999999999935e+02
2.895169999999999959e+02
2.897189000000000192e+02
2.897189000000000192e+02
2.904664000000000215e+02
2.913999999999999773e+02
2.922767000000000053e+02
2.924200000000000159e+02
2.929055000000000177e+02
2.934746000000000095e+02
2.956791999999999803e+02
2.974517999999999915e+02
2.980206999999999766e+02
2.986234999999999786e+02
3.011707999999999856e+02
3.018111000000000104e+02
3.022434999999999832e+02
3.023544999999999732e+02
3.024560999999999922e+02
3.026143999999999892e+02
3.027767999999999802e+02
3.034041000000000281e+02
3.035450999999999908e+02
3.037762000000000171e+02
3.038779999999999859e+02
3.039110000000000014e+02
3.043528000000000020e+02
3.052438000000000216e+02
3.053362000000000194e+02
3.063002000000000180e+02
3.063251000000000204e+02
3.065557999999999765e+02
3.067493000000000052e+02
3.069229000000000269e+02
3.077131999999999721e+02
3.090237000000000194e+02
3.099997000000000185e+02
3.100416999999999916e+02
3.109155999999999835e+02
3.110052999999999770e+02
3.110052999999999770e+02
3.116881000000000199e+02
3.120074999999999932e+02
3.120566999999999780e+02
3.123546999999999798e+02
3.132139999999999986e+02
3.151177000000000135e+02
3.162588999999999828e+02
3.174212999999999738e+02
3.181225000000000023e+02
3.183287000000000262e+02
3.184028999999999883e+02
3.196120000000000232e+02
3.198453999999999837e+02
3.203756999999999948e+02
3.212950000000000159e+02
3.221666999999999916e+02
3.230953999999999837e+02
3.237950000000000159e+02
3.242771999999999935e+02
3.245129000000000019e+02
3.245129000000000019e+02
3.252986000000000217e+02
3.257040999999999826e+02
3.262878000000000043e+02
3.288090000000000259e+02
3.299789999999999850e+02
3.301720000000000255e+02
3.306843000000000075e+02
3.311598999999999933e+02
3.314605999999999995e+02
3.326508999999999787e+02
3.326508999999999787e+02
3.328059000000000083e+02
3.331723999999999819e+02
3.333426000000000045e+02
3.351526000000000067e+02
3.351793000000000120e+02
3.367719999999999914e+02
3.387645999999999731e+02
3.393201000000000249e+02
3.395153000000000247e+02
3.397878000000000043e+02
3.398804999999999836e+02
3.399302000000000135e+02
3.399302000000000135e+02
3.403081000000000245e+02
3.404907999999999788e+02
3.406304999999999836e+02
3.408258999999999901e+02
3.409309000000000083e+02
3.412783000000000015e+02
3.419182999999999879e+02
3.420081000000000131e+02
3.420081000000000131e+02
3.428836000000000013e+02
3.432733999999999810e+02
3.435686000000000035e+02
3.436664000000000101e+02
3.438423999999999978e+02
3.439714999999999918e+02
3.444458999999999946e+02
3.444458999999999946e+02
3.452038999999999760e+02
3.457839000000000169e+02
3.458233000000000175e+02
3.458593000000000188e+02
3.467271000000000072e+02
3.471508000000000038e+02
3.476173000000000002e+02
3.476587000000000103e+02
3.485616999999999734e+02
3.487223999999999933e+02
3.491297999999999888e+02
3.494393999999999778e+02
3.495622999999999934e+02
3.500142000000000166e+02
3.501705999999999790e+02
3.502243000000000279e+02
3.503706000000000245e+02
3.508190000000000168e+02
3.509273999999999774e+02
3.511915999999999940e+02
3.526836000000000126e+02
3.527185999999999808e+02
3.530837999999999965e+02
3.535887999999999920e+02
3.536515999999999735e+02
3.539130000000000109e+02
3.539689000000000192e+02
3.542783999999999764e+02
3.550738999999999805e+02
3.551659000000000219e+02
3.560770999999999731e+02
3.561336000000000013e+02
3.566234999999999786e+02
3.569871999999999730e+02
3.571673999999999864e+02
3.571673999999999864e+02
3.576440999999999804e+02
3.581080999999999790e+02
3.582280000000000086e+02
3.583097000000000207e+02
3.583650999999999840e+02
3.583650999999999840e+02
3.588965999999999781e+02
3.594495999999999754e+02
3.595599000000000274e+02
3.596687000000000012e+02
3.608349999999999795e+02
3.608654000000000224e+02
3.609300000000000068e+02
3.619975000000000023e+02
3.628398000000000252e+02
3.631422999999999774e+02
3.636182000000000016e+02
3.637105999999999995e+02
3.637105999999999995e+02
3.639257000000000062e+02
3.639884999999999877e+02
3.640416000000000167e+02
3.641263000000000147e+02
3.649078999999999837e+02
3.652506999999999948e+02
3.659630000000000223e+02
3.662495000000000118e+02
3.665960000000000036e+02
3.680194000000000187e+02
3.681365999999999872e+02
3.685792999999999893e+02
3.693809999999999718e+02
3.704884000000000128e+02
3.705851000000000113e+02
3.707760000000000105e+02
3.708682000000000016e+02
3.709316000000000031e+02
3.713312000000000239e+02
3.713874999999999886e+02
3.717001000000000204e+02
3.719918999999999869e+02
3.724732999999999947e+02
3.724732999999999947e+02
3.725453999999999724e+02
3.727411000000000172e+02
3.728423999999999978e+02
3.730237000000000194e+02
3.732796000000000163e+02
3.738482999999999947e+02
3.746077000000000226e+02
3.747212999999999852e+02
3.747909999999999968e+02
3.753199999999999932e+02
3.753199999999999932e+02
3.755434999999999945e+02
3.759603000000000179e+02
3.762875999999999976e+02
3.769845000000000255e+02
3.772101999999999862e+02
3.778346999999999980e+02
3.780446999999999775e+02
3.781754000000000246e+02
3.785131999999999834e+02
3.787139000000000237e+02
3.792359000000000151e+02
3.792810999999999808e+02
3.798512999999999806e+02
3.798845000000000027e+02
3.815749999999999886e+02
3.817971000000000004e+02
3.825552000000000135e+02
3.829623000000000275e+02
3.831438999999999737e+02
3.833534999999999968e+02
3.833903999999999996e+02
3.838648000000000025e+02
3.842397000000000276e+02
3.847065000000000055e+02
3.848686999999999898e+02
3.852314000000000078e+02
3.857828000000000088e+02
3.864162999999999784e+02
3.865201999999999884e+02
3.869336999999999875e+02
3.876757000000000062e+02
3.880258999999999787e+02
3.881815000000000282e+02
3.893224999999999909e+02
3.894322999999999979e+02
3.900932000000000244e+02
3.920484999999999900e+02
3.924773999999999887e+02
3.928684999999999832e+02
3.934818999999999960e+02
3.947687999999999988e+02
3.947687999999999988e+02
3.948204000000000065e+02
3.956852999999999838e+02
3.980763000000000034e+02
3.981480000000000246e+02
3.986093999999999937e+02
3.988908000000000129e+02
3.995167000000000144e+02
3.995638999999999896e+02
3.998104000000000156e+02
4.005821000000000254e+02
4.008269000000000233e+02
4.013129999999999882e+02
4.017817999999999756e+02
4.018358000000000061e+02
4.021890999999999963e+02
4.032764999999999986e+02
4.040387000000000057e+02
4.042923000000000116e+02
4.050251999999999839e+02
4.053093999999999824e+02
4.054322000000000230e+02
4.057228000000000065e+02
4.084689999999999941e+02
4.089861000000000217e+02
4.094848999999999819e+02
4.096823999999999728e+02
4.111381000000000085e+02
4.116238000000000170e+02
4.120436000000000263e+02
4.120436000000000263e+02
4.125380000000000109e+02
4.129433000000000220e+02
4.135978999999999814e+02
4.140283000000000015e+02
4.140283000000000015e+02
4.141016999999999939e+02
4.142434999999999832e+02
4.146118999999999915e+02
4.146249000000000251e+02
4.148784999999999741e+02
4.166782999999999788e+02
4.168598999999999819e+02
4.170855000000000246e+02
4.171449999999999818e+02
4.173707999999999743e+02
4.177452999999999861e+02
4.187685999999999922e+02
4.219796999999999798e+02
4.219796999999999798e+02
4.239384000000000015e+02
4.263469999999999800e+02
4.263886999999999716e+02
4.276170000000000186e+02
4.280099000000000160e+02
4.298267000000000166e+02
4.338073999999999728e+02
4.359716000000000236e+02
4.360482000000000085e+02
4.430835999999999899e+02
4.482789999999999964e+02
4.488319999999999936e+02
4.496288000000000125e+02
4.517244999999999777e+02
4.524109000000000265e+02
4.540803000000000225e+02
4.543362999999999943e+02
4.553480000000000132e+02
4.554130000000000109e+02
4.558322999999999752e+02
4.565817999999999870e+02
4.579730000000000132e+02
4.594633000000000038e+02
4.610450000000000159e+02
4.618149999999999977e+02
4.623985999999999876e+02
4.626256000000000199e+02
4.631868999999999801e+02
4.634449000000000183e+02
4.638799000000000206e+02
4.644580000000000268e+02
4.649633999999999787e+02
4.661517000000000053e+02
4.661517000000000053e+02
4.670611999999999853e+02
4.673478000000000065e+02
4.680212999999999965e+02
4.690670999999999822e+02
4.690670999999999822e+02
4.695595999999999890e+02
4.708235000000000241e+02
4.715541000000000054e+02
4.719085999999999785e+02
4.720337999999999852e+02
4.720600999999999772e+02
4.737839999999999918e+02
4.741933999999999969e+02
4.750942000000000007e+02
4.754046000000000163e+02
4.763693999999999846e+02
4.772876999999999725e+02
4.775224999999999795e+02
4.785262000000000171e+02
4.786934999999999718e+02
4.791820999999999913e+02
4.792961999999999989e+02
4.801320000000000050e+02
4.807031000000000063e+02
4.810760000000000218e+02
4.818140000000000214e+02
4.822085999999999899e+02
4.832697000000000003e+02
4.835717999999999961e+02
4.836745000000000232e+02
4.842717000000000098e+02
4.854943999999999846e+02
4.858568000000000211e+02
4.863550999999999931e+02
4.868091999999999757e+02
4.872131999999999721e+02
4.890059999999999718e+02
4.892250000000000227e+02
4.893283999999999878e+02
4.893856000000000108e+02
4.909879000000000246e+02
4.910937000000000126e+02
4.914392000000000280e+02
4.916071000000000026e+02
4.922042000000000144e+02
4.924975000000000023e+02
4.949445000000000050e+02
4.977728000000000179e+02
4.996390000000000100e+02
5.004069000000000074e+02
5.007133000000000038e+02
5.015916000000000281e+02
5.027640000000000100e+02
5.028195000000000050e+02
5.028195000000000050e+02
5.029295999999999935e+02
5.033849000000000160e+02
5.056682999999999879e+02
5.059741000000000213e+02
5.062096999999999980e+02
5.092162000000000148e+02
5.097699999999999818e+02
5.104662000000000148e+02
5.105744000000000256e+02
5.111232999999999720e+02
5.122032000000000380e+02
5.140693999999999733e+02
5.152065000000000055e+02
5.163247999999999820e+02
5.163247999999999820e+02
5.176253000000000384e+02
5.208011000000000195e+02
5.227009000000000469e+02
5.261680999999999813e+02
5.262907999999999902e+02
5.276979999999999791e+02
5.286538000000000466e+02
5.306783000000000357e+02
5.316443000000000438e+02
5.321678000000000566e+02
5.336273999999999660e+02
5.354968999999999824e+02
5.358124000000000251e+02
5.360135999999999967e+02
5.360135999999999967e+02
5.361633000000000493e+02
5.376695999999999458e+02
5.424555000000000291e+02
5.448916000000000395e+02
5.453414999999999964e+02
5.453414999999999964e+02
5.457468000000000075e+02
5.473482999999999947e+02
5.473482999999999947e+02
5.484534999999999627e+02
5.486897000000000162e+02
5.508419999999999845e+02
5.525641000000000531e+02
5.529769000000000005e+02
5.543478000000000065e+02
5.545167000000000144e+02
5.552069999999999936e+02
5.590570999999999913e+02
5.603784000000000560e+02
5.622010000000000218e+02
5.631499999999999773e+02
5.643698000000000548e+02
5.646511000000000422e+02
5.657575000000000500e+02
5.673727000000000089e+02
5.688878999999999451e+02
5.690625000000000000e+02
5.726902000000000044e+02
5.773069000000000415e+02
5.796253000000000384e+02
5.801458000000000084e+02
5.815852999999999611e+02
5.833093999999999824e+02
5.837947000000000344e+02
5.924998000000000502e+02
5.926109999999999900e+02
5.927928000000000566e+02
5.933573000000000093e+02
6.034025000000000318e+02
6.049666999999999462e+02
6.066769000000000460e+02
6.086914000000000442e+02
6.101074999999999591e+02
6.104650000000000318e+02
6.122377999999999929e+02
6.132501999999999498e+02
6.133926999999999907e+02
6.186408999999999878e+02
6.194378000000000384e+02
6.245905000000000200e+02
6.313925000000000409e+02
6.356616999999999962e+02
6.358490000000000464e+02
6.391636999999999489e+02
6.410602000000000089e+02
6.457680000000000291e+02
6.463713999999999942e+02
6.472057999999999538e+02
6.493469999999999800e+02
6.528619999999999663e+02
6.581059999999999945e+02
6.627403000000000475e+02
6.675498999999999796e+02
6.688944999999999936e+02
6.787875999999999976e+02
6.800505000000000564e+02
6.858794000000000324e+02
7.004306000000000267e+02
7.018509000000000242e+02
7.088134000000000015e+02
7.095076000000000249e+02
7.143255000000000337e+02
7.159598999999999478e+02
7.258088999999999942e+02
7.324398999999999660e+02
7.331167000000000371e+02
7.398836999999999762e+02
7.404657999999999447e+02
7.407403000000000475e+02
7.429199999999999591e+02
7.436169999999999618e+02
7.454547999999999774e+02
7.463649000000000342e+02
7.537027000000000498e+02
7.542341000000000122e+02
7.545467999999999620e+02
7.576110999999999649e+02
7.581354000000000042e+02
7.626636999999999489e+02
7.686572999999999638e+02
7.686572999999999638e+02
7.699488999999999805e+02
7.700308999999999742e+02
7.795190000000000055e+02
7.800425999999999931e+02
7.818891999999999598e+02
7.819878999999999678e+02
7.819878999999999678e+02
7.858541000000000167e+02
7.863603000000000520e+02
7.873414999999999964e+02
7.876925999999999704e+02
7.967643000000000484e+02
8.001929999999999836e+02
8.128790999999999940e+02
8.172803999999999860e+02
8.207531999999999925e+02
8.208750999999999749e+02
8.213567000000000462e+02
8.239352999999999838e+02
8.310442000000000462e+02
8.311444999999999936e+02
8.317788000000000466e+02
8.317788000000000466e+02
8.533405999999999949e+02
8.545963000000000420e+02
8.709605999999999995e+02
8.740335999999999785e+02
8.832254000000000360e+02
