7.969530000000000314e+01
7.995740000000000691e+01
8.022690000000000055e+01
8.034739999999999327e+01
8.046790000000000020e+01
8.059059999999999491e+01
8.151829999999999643e+01
8.183450000000000557e+01
8.229080000000000439e+01
8.240709999999999980e+01
8.240709999999999980e+01
8.252469999999999573e+01
8.257059999999999889e+01
8.260049999999999670e+01
8.290489999999999782e+01
8.290489999999999782e+01
8.465550000000000352e+01
8.484520000000000550e+01
8.512300000000000466e+01
8.558929999999999438e+01
8.598640000000000327e+01
8.642990000000000350e+01
8.644259999999999877e+01
8.692889999999999873e+01
8.739470000000000027e+01
8.764400000000000546e+01
8.782489999999999952e+01
8.807170000000000698e+01
8.811809999999999832e+01
8.860739999999999839e+01
8.861339999999999861e+01
8.877540000000000475e+01
8.910750000000000171e+01
8.930530000000000257e+01
8.955599999999999739e+01
9.004089999999999350e+01
9.018330000000000268e+01
9.021920000000000073e+01
9.079689999999999372e+01
9.195099999999999341e+01
9.238249999999999318e+01
9.277429999999999666e+01
9.299179999999999779e+01
9.300419999999999732e+01
9.348480000000000700e+01
9.379600000000000648e+01
9.426200000000000045e+01
9.434130000000000393e+01
9.436289999999999623e+01
9.442549999999999955e+01
9.455589999999999407e+01
9.480559999999999832e+01
9.531090000000000373e+01
9.538179999999999836e+01
9.610769999999999413e+01
9.658240000000000691e+01
9.682510000000000616e+01
9.736679999999999779e+01
9.746280000000000143e+01
9.757160000000000366e+01
9.780490000000000350e+01
9.791610000000000014e+01
9.839289999999999736e+01
9.887099999999999511e+01
9.894230000000000302e+01
9.926510000000000389e+01
9.938909999999999911e+01
9.994790000000000418e+01
1.003760000000000048e+02
1.007766000000000020e+02
1.014223000000000070e+02
1.022712999999999965e+02
1.023396999999999935e+02
1.025781999999999954e+02
1.034695999999999998e+02
1.037369999999999948e+02
1.050914999999999964e+02
1.054184999999999945e+02
1.054602000000000004e+02
1.057000000000000028e+02
1.059446999999999974e+02
1.068870000000000005e+02
1.072590000000000003e+02
1.077663000000000011e+02
1.081294999999999931e+02
1.090109999999999957e+02
1.090876999999999981e+02
1.095169999999999959e+02
1.104740000000000038e+02
1.107653999999999996e+02
1.113302000000000049e+02
1.116908999999999992e+02
1.124097000000000008e+02
1.126158999999999963e+02
1.130456999999999965e+02
1.131043999999999983e+02
1.138644000000000034e+02
1.144098999999999933e+02
1.152587999999999937e+02
1.161376999999999953e+02
1.168332999999999942e+02
1.174281000000000006e+02
1.175789000000000044e+02
1.176671000000000049e+02
1.176842000000000041e+02
1.179424999999999955e+02
1.181510999999999996e+02
1.188880000000000052e+02
1.196499000000000024e+02
1.197760999999999996e+02
1.207952999999999975e+02
1.208563999999999936e+02
1.211081999999999965e+02
1.212583000000000055e+02
1.213045999999999935e+02
1.219968999999999966e+02
1.221067000000000036e+02
1.224029000000000025e+02
1.225773999999999972e+02
1.244210999999999956e+02
1.246975000000000051e+02
1.253619999999999948e+02
1.270023999999999944e+02
1.270592999999999932e+02
1.271113000000000000e+02
1.272689000000000021e+02
1.274737999999999971e+02
1.278571000000000026e+02
1.280457000000000107e+02
1.295638999999999896e+02
1.298069000000000131e+02
1.303648000000000025e+02
1.306522999999999968e+02
1.306522999999999968e+02
1.307129999999999939e+02
1.310609000000000037e+02
1.324913999999999987e+02
1.329827999999999975e+02
1.334472000000000094e+02
1.336426999999999907e+02
1.345207000000000050e+02
1.363233999999999924e+02
1.366680000000000064e+02
1.374812000000000012e+02
1.376897999999999911e+02
1.378930000000000007e+02
1.386115000000000066e+02
1.395235000000000127e+02
1.395783999999999878e+02
1.404661999999999864e+02
1.404984000000000037e+02
1.422068999999999903e+02
1.439405999999999892e+02
1.461663000000000068e+02
1.465206000000000017e+02
1.465714999999999861e+02
1.467146999999999935e+02
1.489559999999999889e+02
1.513353999999999928e+02
1.540137000000000000e+02
1.544061000000000092e+02
1.546279000000000110e+02
1.547711999999999932e+02
1.586495999999999924e+02
1.594179000000000030e+02
1.600748000000000104e+02
1.607838999999999885e+02
1.608410000000000082e+02
1.613149999999999977e+02
1.630031999999999925e+02
1.635928000000000111e+02
1.638927999999999940e+02
1.640142999999999915e+02
1.655399999999999920e+02
1.688499999999999943e+02
1.699900000000000091e+02
1.701536999999999864e+02
1.708060000000000116e+02
1.727056000000000040e+02
1.728192999999999984e+02
1.750879999999999939e+02
1.759232000000000085e+02
1.775000000000000000e+02
1.793602999999999952e+02
1.796040000000000134e+02
1.822151000000000067e+02
1.825500000000000114e+02
1.837704999999999984e+02
1.850481000000000051e+02
1.852013000000000034e+02
1.853710000000000093e+02
1.857279000000000053e+02
1.860500000000000114e+02
1.962878049999999917e+02
1.994841000000000122e+02
2.000910000000000082e+02
2.002666999999999859e+02
2.071719999999999970e+02
2.081829999999999927e+02
2.143489999999999895e+02
2.147930000000000064e+02
2.160540000000000020e+02
2.209519999999999982e+02
2.256220000000000141e+02
2.259730000000000132e+02
2.266229999999999905e+02
2.373779999999999859e+02
2.384010000000000105e+02
2.386519999999999868e+02
2.388549999999999898e+02
2.402359999999999900e+02
2.437210000000000036e+02
2.439430000000000121e+02
2.531500000000000057e+02
2.568589999999999804e+02
2.575729999999999791e+02
2.576870000000000118e+02
2.580009999999999764e+02
2.591890000000000214e+02
2.593629999999999995e+02
2.606499999999999773e+02
2.622699999999999818e+02
2.625640000000000214e+02
2.628750000000000000e+02
2.642679999999999723e+02
2.649270000000000209e+02
2.650450000000000159e+02
2.658489999999999895e+02
2.661890000000000214e+02
2.677930000000000064e+02
2.712377999999999929e+02
2.770470000000000255e+02
2.842006999999999834e+02
2.846990999999999872e+02
2.859126999999999725e+02
2.861840000000000259e+02
2.869658999999999764e+02
2.896256000000000199e+02
2.920742000000000189e+02
2.942971999999999753e+02
2.947536000000000058e+02
2.968154000000000110e+02
2.974540000000000077e+02
2.976770000000000209e+02
2.997909999999999968e+02
3.012898999999999887e+02
3.018460000000000036e+02
3.024189999999999827e+02
3.047884000000000242e+02
3.053347999999999729e+02
3.064049999999999727e+02
3.074449999999999932e+02
3.105339999999999918e+02
3.133489999999999895e+02
3.161573999999999955e+02
3.176070000000000277e+02
3.190749999999999886e+02
3.212140999999999735e+02
3.257737000000000194e+02
3.269714999999999918e+02
3.283580000000000041e+02
3.322878999999999792e+02
3.324062000000000126e+02
3.330181000000000040e+02
3.353065000000000282e+02
3.363759000000000015e+02
3.375070000000000050e+02
3.407764000000000237e+02
3.420607999999999720e+02
3.443233000000000175e+02
3.456105999999999767e+02
3.457873000000000161e+02
3.481313000000000102e+02
3.484669000000000096e+02
3.487105999999999995e+02
3.522119000000000142e+02
3.553201999999999998e+02
3.612812000000000126e+02
3.618596999999999753e+02
3.645504000000000246e+02
3.680314000000000192e+02
3.726716999999999871e+02
3.798299999999999841e+02
3.801999000000000137e+02
3.906777999999999906e+02
3.919644000000000119e+02
3.932599999999999909e+02
3.949096999999999866e+02
3.970344999999999800e+02
3.977060999999999922e+02
3.982891999999999939e+02
4.007651999999999930e+02
4.012825000000000273e+02
4.030869000000000142e+02
4.048310999999999922e+02
4.050025999999999726e+02
4.074624000000000024e+02
4.102201999999999771e+02
4.128482999999999947e+02
4.164725000000000250e+02
4.170944999999999823e+02
4.180464000000000055e+02
4.212497999999999934e+02
4.226918000000000006e+02
4.247665000000000077e+02
4.252345000000000255e+02
4.262311000000000263e+02
4.265559999999999832e+02
4.274631999999999721e+02
4.287060000000000173e+02
4.322112999999999943e+02
4.362511000000000081e+02
4.365226000000000113e+02
4.378349000000000046e+02
4.386333999999999946e+02
4.397232000000000198e+02
4.479889999999999759e+02
4.538342000000000098e+02
4.559062000000000126e+02
4.631920000000000073e+02
4.642425000000000068e+02
4.655672999999999888e+02
4.655672999999999888e+02
4.688217000000000212e+02
4.697696000000000254e+02
4.707851999999999748e+02
4.767388000000000261e+02
4.772891000000000190e+02
4.786204999999999927e+02
4.828487000000000080e+02
4.832626999999999953e+02
4.844248000000000047e+02
4.866478000000000179e+02
4.867594000000000278e+02
4.886585000000000036e+02
4.905806000000000040e+02
4.963269999999999982e+02
5.002212999999999852e+02
5.084300000000000068e+02
5.150199999999999818e+02
5.451353000000000293e+02
5.489474999999999909e+02
5.577901000000000522e+02
5.650824999999999818e+02
5.667771000000000186e+02
5.709701999999999771e+02
5.735190000000000055e+02
5.757445999999999913e+02
5.790829999999999700e+02
5.937788000000000466e+02
5.976328999999999496e+02
6.275199999999999818e+02
6.351280000000000427e+02
6.368886999999999716e+02
6.407960000000000491e+02
6.458500000000000227e+02
6.615199999999999818e+02
6.650420000000000300e+02
6.691989999999999554e+02
6.791900000000000546e+02
6.839539999999999509e+02
6.855769999999999982e+02
7.017989999999999782e+02
7.041069999999999709e+02
7.193060000000000400e+02
7.238609999999999900e+02
7.265800000000000409e+02
7.282899999999999636e+02
7.291269999999999527e+02
7.447440000000000282e+02
7.463029999999999973e+02
7.470810000000000173e+02
7.483319999999999936e+02
7.558899999999999864e+02
7.690729999999999791e+02
7.761200000000000045e+02
7.818940000000000055e+02
7.863769999999999527e+02
7.923869999999999436e+02
7.945320000000000391e+02
7.952530000000000427e+02
7.975099999999999909e+02
7.975099999999999909e+02
8.058360000000000127e+02
8.063600000000000136e+02
8.084700000000000273e+02
8.124669999999999845e+02
8.132630000000000337e+02
8.156710000000000491e+02
8.188690000000000282e+02
8.193189999999999600e+02
8.253899999999999864e+02
8.275800000000000409e+02
8.278899999999999864e+02
8.292400000000000091e+02
8.358300000000000409e+02
8.374420000000000073e+02
8.472100000000000364e+02
8.494500000000000455e+02
8.503099999999999454e+02
8.503099999999999454e+02
8.523700000000000045e+02
8.538029999999999973e+02
8.578139999999999645e+02
8.606989999999999554e+02
8.624049999999999727e+02
8.634600000000000364e+02
8.675330000000000155e+02
8.703479999999999563e+02
8.736209999999999809e+02
8.760588000000000193e+02
8.833945999999999685e+02
8.853582999999999856e+02
8.900359999999999445e+02
9.006839999999999691e+02
9.045870999999999640e+02
9.199321999999999662e+02
9.209306000000000267e+02
9.210163999999999760e+02
9.725407999999999902e+02
9.788220999999999776e+02
9.845003000000000384e+02
9.871622999999999593e+02
9.905324000000000524e+02
9.959026999999999816e+02
9.962664999999999509e+02
9.979863000000000284e+02
9.982041000000000395e+02
9.988583999999999605e+02
1.005416900000000055e+03
1.009377700000000004e+03
1.010234100000000012e+03
1.010882100000000037e+03
1.012084899999999948e+03
1.015383799999999951e+03
1.030338400000000092e+03
1.032587500000000091e+03
1.049644800000000032e+03
1.051273899999999912e+03
1.092132800000000088e+03
1.101081599999999980e+03
1.109259600000000091e+03
1.116679699999999912e+03
1.149037499999999909e+03
1.198223700000000008e+03
1.256967499999999973e+03
1.259263099999999895e+03
1.280900499999999965e+03
1.310776399999999967e+03
1.325137799999999970e+03
1.332026699999999892e+03
1.404092300000000023e+03
1.407637600000000020e+03
1.433965799999999945e+03
1.442140300000000025e+03
1.451748199999999997e+03
1.455866199999999935e+03
1.545667599999999993e+03
1.555048199999999952e+03
1.640838500000000067e+03
1.730826700000000073e+03
1.829658799999999928e+03
1.878242600000000039e+03
1.962887999999999920e+03
2.015304200000000037e+03
2.160840000000000146e+03
2.180559000000000196e+03
2.256144999999999982e+03
2.276186999999999898e+03
2.330130000000000109e+03
2.398523999999999887e+03
2.406559999999999945e+03
2.643583000000000084e+03
2.654641000000000076e+03
2.656097999999999956e+03
2.718668000000000120e+03
