5.312599999999999767e+01
5.704899999999999949e+01
5.970100000000000051e+01
6.509000000000000341e+01
6.708700000000000330e+01
6.740999999999999659e+01
6.962999999999999545e+01
7.092300000000000182e+01
8.171800000000000352e+01
8.363400000000000034e+01
8.689900000000000091e+01
9.127400000000000091e+01
9.173099999999999454e+01
1.018850000000000051e+02
1.028689999999999998e+02
1.034729999999999990e+02
1.036610000000000014e+02
1.049479999999999933e+02
1.049729999999999990e+02
1.050300000000000011e+02
1.057560000000000002e+02
1.068040000000000020e+02
1.070469999999999970e+02
1.074969999999999999e+02
1.079680000000000035e+02
1.079699999999999989e+02
1.092900000000000063e+02
1.094410000000000025e+02
1.099599999999999937e+02
1.125520000000000067e+02
1.130169999999999959e+02
1.139300000000000068e+02
1.144069999999999965e+02
1.162549999999999955e+02
1.167429999999999950e+02
1.183409999999999940e+02
1.194839999999999947e+02
1.225450000000000017e+02
1.231569999999999965e+02
1.231809999999999974e+02
1.245999999999999943e+02
1.266329999999999956e+02
1.273029999999999973e+02
1.304550000000000125e+02
1.307500000000000000e+02
1.310200000000000102e+02
1.321709999999999923e+02
1.323660000000000139e+02
1.330399999999999920e+02
1.332359999999999900e+02
1.337100000000000080e+02
1.358559999999999945e+02
1.373520000000000039e+02
1.374619999999999891e+02
1.377750000000000057e+02
1.404600000000000080e+02
1.412930000000000064e+02
1.423199999999999932e+02
1.434720000000000084e+02
1.449370000000000118e+02
1.477139999999999986e+02
1.489650000000000034e+02
1.490500000000000114e+02
1.499300000000000068e+02
1.506370000000000005e+02
1.507820000000000107e+02
1.558669999999999902e+02
1.561579999999999870e+02
1.568569999999999993e+02
1.593259999999999934e+02
1.615999999999999943e+02
1.650200000000000102e+02
1.660049999999999955e+02
1.685399999999999920e+02
1.728000000000000114e+02
1.792760000000000105e+02
1.814850000000000136e+02
1.846999999999999886e+02
1.883199999999999932e+02
1.892719999999999914e+02
1.908640000000000043e+02
1.974600000000000080e+02
2.008209999999999980e+02
2.105699999999999932e+02
2.119799999999999898e+02
2.129950000000000045e+02
2.152599999999999909e+02
2.169269999999999925e+02
2.210440000000000111e+02
2.211399999999999864e+02
2.238530000000000086e+02
2.288300000000000125e+02
2.298750000000000000e+02
2.316690000000000111e+02
2.380420000000000016e+02
2.452570000000000050e+02
2.469780000000000086e+02
2.508700000000000045e+02
2.509000000000000057e+02
2.531620000000000061e+02
2.538940000000000055e+02
2.580910000000000082e+02
2.609769999999999754e+02
2.610550000000000068e+02
2.666360000000000241e+02
2.710029999999999859e+02
2.711469999999999914e+02
2.768690000000000282e+02
2.826990000000000123e+02
2.850640000000000214e+02
2.919169999999999732e+02
2.922379999999999995e+02
3.029889999999999759e+02
3.092459999999999809e+02
3.164449999999999932e+02
3.186429999999999723e+02
3.187479999999999905e+02
3.188659999999999854e+02
3.230679999999999836e+02
3.291960000000000264e+02
3.301750000000000114e+02
3.320869999999999891e+02
3.321999999999999886e+02
3.323210000000000264e+02
3.370120000000000005e+02
3.381970000000000027e+02
3.382769999999999868e+02
3.457330000000000041e+02
3.461469999999999914e+02
3.508410000000000082e+02
3.520249999999999773e+02
3.530439999999999827e+02
3.541089999999999804e+02
3.561700000000000159e+02
3.568690000000000282e+02
3.776789999999999736e+02
3.795029999999999859e+02
3.833389999999999986e+02
3.870249999999999773e+02
3.888249999999999886e+02
3.934159999999999968e+02
3.947139999999999986e+02
4.111009999999999991e+02
4.156920000000000073e+02
4.224239999999999782e+02
4.271009999999999991e+02
4.276179999999999950e+02
4.308009999999999877e+02
4.361100000000000136e+02
4.381800000000000068e+02
4.492029999999999745e+02
4.738380000000000223e+02
4.982740000000000009e+02
5.079959999999999809e+02
5.088410000000000082e+02
5.153579999999999472e+02
5.183390000000000555e+02
5.184539999999999509e+02
5.351950000000000500e+02
5.363890000000000100e+02
5.386349999999999909e+02
5.411420000000000528e+02
5.412469999999999573e+02
5.500900000000000318e+02
5.929400000000000546e+02
5.951130000000000564e+02
6.181689999999999827e+02
6.240760000000000218e+02
6.380080000000000382e+02
6.551649999999999636e+02
6.715650000000000546e+02
6.968400000000000318e+02
7.495700000000000500e+02
7.681040000000000418e+02
7.817949999999999591e+02
8.002999999999999545e+02
8.132200000000000273e+02
8.375900000000000318e+02
8.448099999999999454e+02
8.476599999999999682e+02
8.635299999999999727e+02
8.666499999999999773e+02
8.852799999999999727e+02
8.979210000000000491e+02
9.040900000000000318e+02
9.132999999999999545e+02
9.132999999999999545e+02
9.185599999999999454e+02
9.227999999999999545e+02
9.255099999999999909e+02
9.257000000000000455e+02
9.512000000000000455e+02
9.866100000000000136e+02
9.933099999999999454e+02
9.940099999999999909e+02
1.001460000000000036e+03
1.049166999999999916e+03
1.110464999999999918e+03
1.148680000000000064e+03
1.151596999999999980e+03
1.159609999999999900e+03
1.249519999999999982e+03
1.273990000000000009e+03
1.301680000000000064e+03
