8.576000000000000290e-01
8.576000000000000290e-01
8.642999999999999572e-01
8.702999999999999625e-01
8.702999999999999625e-01
8.826000000000000512e-01
8.842999999999999750e-01
8.842999999999999750e-01
8.881999999999999895e-01
8.881999999999999895e-01
9.111000000000000210e-01
9.174999999999999822e-01
9.174999999999999822e-01
1.083800000000000097e+00
1.094100000000000072e+00
1.121499999999999941e+00
1.124300000000000077e+00
1.130800000000000027e+00
1.137799999999999923e+00
1.142700000000000049e+00
1.142700000000000049e+00
1.142700000000000049e+00
1.147799999999999931e+00
1.152300000000000102e+00
1.152300000000000102e+00
1.161499999999999977e+00
1.422900000000000054e+00
1.427899999999999947e+00
1.427899999999999947e+00
1.435999999999999943e+00
1.440099999999999936e+00
1.463600000000000012e+00
1.464900000000000091e+00
1.482900000000000107e+00
1.487000000000000099e+00
1.497600000000000042e+00
1.503900000000000015e+00
1.511400000000000077e+00
1.511400000000000077e+00
1.511400000000000077e+00
1.514100000000000001e+00
1.521600000000000064e+00
1.522899999999999920e+00
1.533300000000000107e+00
1.533600000000000074e+00
1.542699999999999960e+00
1.549500000000000099e+00
1.556000000000000050e+00
1.560899999999999954e+00
1.562999999999999945e+00
1.562999999999999945e+00
1.563900000000000068e+00
1.570200000000000040e+00
1.574799999999999978e+00
1.592400000000000038e+00
1.600700000000000012e+00
1.637799999999999923e+00
1.646700000000000053e+00
1.655799999999999939e+00
1.678700000000000081e+00
1.691400000000000015e+00
1.693899999999999961e+00
1.701799999999999979e+00
1.709400000000000031e+00
1.715799999999999992e+00
1.715799999999999992e+00
1.715999999999999970e+00
1.725899999999999990e+00
1.737300000000000066e+00
1.739999999999999991e+00
1.744199999999999973e+00
1.748199999999999976e+00
1.749000000000000110e+00
1.753600000000000048e+00
1.754499999999999948e+00
1.757500000000000062e+00
1.764399999999999968e+00
1.767800000000000038e+00
1.771700000000000053e+00
1.775400000000000089e+00
1.800799999999999956e+00
1.812000000000000055e+00
1.812000000000000055e+00
1.826000000000000068e+00
1.826500000000000012e+00
1.826500000000000012e+00
1.849199999999999955e+00
1.852500000000000036e+00
1.862999999999999989e+00
1.868900000000000006e+00
1.878200000000000092e+00
1.887000000000000011e+00
1.889000000000000012e+00
1.902800000000000047e+00
1.920299999999999896e+00
1.929799999999999960e+00
1.936600000000000099e+00
1.944299999999999917e+00
1.951799999999999979e+00
1.958900000000000086e+00
1.964499999999999913e+00
1.967100000000000071e+00
1.967100000000000071e+00
1.972499999999999920e+00
1.973000000000000087e+00
1.975700000000000012e+00
1.978199999999999958e+00
1.979999999999999982e+00
1.984399999999999942e+00
1.984399999999999942e+00
1.988799999999999901e+00
1.990299999999999958e+00
1.998799999999999910e+00
2.001700000000000035e+00
2.003800000000000026e+00
2.007800000000000029e+00
2.007899999999999796e+00
2.027800000000000047e+00
2.027800000000000047e+00
2.044399999999999995e+00
2.044399999999999995e+00
2.051299999999999901e+00
2.065900000000000070e+00
2.065900000000000070e+00
2.071600000000000108e+00
2.101799999999999891e+00
2.101900000000000102e+00
2.128499999999999837e+00
2.129399999999999959e+00
2.156800000000000050e+00
2.180000000000000160e+00
2.183199999999999807e+00
2.190900000000000070e+00
2.208299999999999930e+00
2.208299999999999930e+00
2.219199999999999839e+00
2.219199999999999839e+00
2.221400000000000041e+00
2.223199999999999843e+00
2.237499999999999822e+00
2.349000000000000199e+00
2.379399999999999959e+00
2.420199999999999907e+00
2.451700000000000212e+00
3.918099999999999916e+00
3.918099999999999916e+00
3.972100000000000186e+00
3.972100000000000186e+00
4.047699999999999854e+00
4.047699999999999854e+00
4.159600000000000186e+00
4.159600000000000186e+00
4.290899999999999714e+00
4.310299999999999798e+00
4.326800000000000423e+00
4.335799999999999876e+00
4.337100000000000399e+00
4.337100000000000399e+00
4.374100000000000321e+00
4.401299999999999990e+00
4.402999999999999581e+00
4.437599999999999767e+00
4.459399999999999586e+00
4.491900000000000226e+00
4.507100000000000328e+00
4.564499999999999780e+00
4.587299999999999933e+00
4.611799999999999677e+00
4.639499999999999957e+00
4.645999999999999908e+00
4.648200000000000109e+00
4.691300000000000026e+00
4.763700000000000045e+00
4.788400000000000212e+00
4.843499999999999694e+00
4.868199999999999861e+00
4.922600000000000087e+00
4.964199999999999946e+00
5.005600000000000271e+00
5.049400000000000333e+00
5.109099999999999753e+00
5.120800000000000018e+00
5.137599999999999945e+00
5.161999999999999922e+00
5.231499999999999595e+00
5.259000000000000341e+00
5.286999999999999922e+00
5.292799999999999727e+00
5.328100000000000058e+00
5.331800000000000317e+00
5.449300000000000033e+00
5.470200000000000173e+00
5.593200000000000394e+00
5.596700000000000230e+00
5.652999999999999581e+00
5.665499999999999758e+00
5.811600000000000321e+00
5.848200000000000287e+00
5.909200000000000230e+00
6.059599999999999653e+00
6.064000000000000057e+00
6.135200000000000209e+00
6.145500000000000185e+00
6.170499999999999652e+00
6.171700000000000408e+00
6.192099999999999937e+00
6.213199999999999612e+00
6.491999999999999993e+00
6.533000000000000362e+00
6.544500000000000206e+00
6.556400000000000006e+00
6.557100000000000151e+00
6.584800000000000431e+00
6.680600000000000094e+00
6.960899999999999643e+00
6.972599999999999909e+00
7.026200000000000223e+00
7.032300000000000217e+00
7.048700000000000188e+00
7.057299999999999685e+00
7.067700000000000315e+00
7.102199999999999847e+00
7.118699999999999584e+00
7.128999999999999559e+00
7.131700000000000372e+00
7.158900000000000041e+00
7.179899999999999949e+00
7.202499999999999680e+00
7.347400000000000375e+00
7.357599999999999696e+00
7.385600000000000165e+00
7.397800000000000153e+00
7.425699999999999967e+00
7.432000000000000384e+00
7.432100000000000151e+00
7.630700000000000038e+00
7.695999999999999730e+00
7.810100000000000264e+00
7.874600000000000044e+00
7.878300000000000303e+00
8.089600000000000790e+00
8.107699999999999463e+00
8.109799999999999898e+00
8.151300000000000878e+00
8.154999999999999361e+00
8.202400000000000801e+00
8.234799999999999898e+00
8.251400000000000290e+00
8.284399999999999764e+00
8.313399999999999679e+00
8.367699999999999250e+00
8.442000000000000171e+00
8.475699999999999790e+00
8.507099999999999440e+00
8.535999999999999588e+00
8.548199999999999577e+00
8.575799999999999201e+00
8.589900000000000091e+00
8.612500000000000711e+00
8.614800000000000679e+00
8.635600000000000165e+00
8.660899999999999821e+00
8.668400000000000105e+00
8.710599999999999454e+00
8.714100000000000179e+00
8.716599999999999682e+00
8.736299999999999955e+00
8.786799999999999500e+00
8.848000000000000753e+00
8.910299999999999443e+00
9.022700000000000387e+00
9.070000000000000284e+00
9.302500000000000213e+00
9.399399999999999977e+00
9.423000000000000043e+00
9.496000000000000441e+00
9.557999999999999829e+00
9.564000000000000057e+00
9.627000000000000668e+00
9.764200000000000657e+00
9.793200000000000571e+00
9.793799999999999173e+00
9.831899999999999196e+00
9.862999999999999545e+00
9.953099999999999170e+00
9.963400000000000034e+00
1.001299999999999990e+01
1.003700000000000081e+01
1.004400000000000048e+01
1.024099999999999966e+01
1.028539999999999921e+01
1.030429999999999957e+01
1.044500000000000028e+01
1.045800000000000018e+01
1.046599999999999930e+01
1.047400000000000020e+01
1.050300000000000011e+01
1.053400000000000070e+01
1.054899999999999949e+01
1.057399999999999984e+01
1.059999999999999964e+01
1.064199999999999946e+01
1.067810000000000059e+01
1.068200000000000038e+01
1.068849999999999945e+01
1.072499999999999964e+01
1.072899999999999920e+01
1.075699999999999967e+01
1.078299999999999947e+01
1.081600000000000072e+01
1.089300000000000068e+01
1.089520000000000088e+01
1.103800000000000026e+01
1.105499999999999972e+01
1.111100000000000065e+01
1.112989999999999924e+01
1.114400000000000013e+01
1.114419999999999966e+01
1.123399999999999999e+01
1.126299999999999990e+01
1.127599999999999980e+01
1.132699999999999996e+01
1.133900000000000041e+01
1.134060000000000024e+01
1.135999999999999943e+01
1.137800000000000011e+01
1.137850000000000072e+01
1.139199999999999946e+01
1.139300000000000068e+01
1.145899999999999963e+01
1.150900000000000034e+01
1.154199999999999982e+01
1.155799999999999983e+01
1.155799999999999983e+01
1.157799999999999940e+01
1.163649999999999984e+01
1.168500000000000050e+01
1.171630000000000038e+01
1.172000000000000064e+01
1.172760000000000069e+01
1.177619999999999933e+01
1.180799999999999983e+01
1.181799999999999962e+01
1.184999999999999964e+01
1.187669999999999959e+01
1.190150000000000041e+01
1.192800000000000082e+01
1.193599999999999994e+01
1.203040000000000020e+01
1.206070000000000064e+01
1.208730000000000082e+01
1.218900000000000006e+01
1.219500000000000028e+01
1.220049999999999990e+01
1.225999999999999979e+01
1.230300000000000082e+01
1.230700000000000038e+01
1.237800000000000011e+01
1.242399999999999949e+01
1.243999999999999950e+01
1.251730000000000054e+01
1.252779999999999916e+01
1.254199999999999982e+01
1.259999999999999964e+01
1.261519999999999975e+01
1.264109999999999978e+01
1.267319999999999958e+01
1.267650000000000077e+01
1.268099999999999916e+01
1.268319999999999936e+01
1.270679999999999943e+01
1.270790000000000042e+01
1.270800000000000018e+01
1.272700000000000031e+01
1.283789999999999942e+01
1.291949999999999932e+01
1.295800000000000018e+01
1.296599999999999930e+01
1.299269999999999925e+01
1.303200000000000003e+01
1.309409999999999918e+01
1.311299999999999955e+01
1.312199999999999989e+01
1.312630000000000052e+01
1.316869999999999941e+01
1.333380000000000010e+01
1.335249999999999915e+01
1.337780000000000058e+01
1.339899999999999913e+01
1.340559999999999974e+01
1.341000000000000014e+01
1.345400000000000063e+01
1.357510000000000083e+01
1.359999999999999964e+01
1.360779999999999923e+01
1.362500000000000000e+01
1.365109999999999957e+01
1.368670000000000009e+01
1.371940000000000026e+01
1.373160000000000025e+01
1.374910000000000032e+01
1.378299999999999947e+01
1.381680000000000064e+01
1.381680000000000064e+01
1.382349999999999923e+01
1.387800000000000011e+01
1.388400000000000034e+01
1.391879999999999917e+01
1.395180000000000042e+01
1.395899999999999963e+01
1.397300000000000075e+01
1.399799999999999933e+01
1.402500000000000036e+01
1.402769999999999939e+01
1.403100000000000058e+01
1.404509999999999970e+01
1.406649999999999956e+01
1.409340000000000082e+01
1.412379999999999924e+01
1.417300000000000004e+01
1.418640000000000079e+01
1.419239999999999924e+01
1.422470000000000034e+01
1.431300000000000061e+01
1.433769999999999989e+01
1.438199999999999967e+01
1.441109999999999935e+01
1.446529999999999916e+01
1.455070000000000086e+01
1.466130000000000067e+01
1.467190000000000083e+01
1.467890000000000050e+01
1.471260000000000012e+01
1.473000000000000043e+01
1.481129999999999924e+01
1.489029999999999987e+01
1.494200000000000017e+01
1.498600000000000065e+01
1.498600000000000065e+01
1.501030000000000086e+01
1.506250000000000000e+01
1.516559999999999953e+01
1.525660000000000061e+01
1.529330000000000034e+01
1.544200000000000017e+01
1.545500000000000007e+01
1.546799999999999997e+01
1.553800000000000026e+01
1.553800000000000026e+01
1.554499999999999993e+01
1.560599999999999987e+01
1.566080000000000005e+01
1.570700000000000074e+01
1.571700000000000053e+01
1.575300000000000011e+01
1.580400000000000027e+01
1.581429999999999936e+01
1.584670000000000023e+01
1.592399999999999949e+01
1.593469999999999942e+01
1.598550000000000004e+01
1.599910000000000032e+01
1.603999999999999915e+01
1.611220000000000141e+01
1.618359999999999843e+01
1.625300000000000011e+01
1.631350000000000122e+01
1.631820000000000093e+01
1.643019999999999925e+01
1.645230000000000103e+01
1.645899999999999963e+01
1.653219999999999956e+01
1.661899999999999977e+01
1.672790000000000177e+01
1.673400000000000176e+01
1.706779999999999831e+01
1.748519999999999897e+01
1.764399999999999835e+01
1.766799999999999926e+01
1.771999999999999886e+01
1.783200000000000074e+01
1.793299999999999983e+01
1.800700000000000145e+01
1.805799999999999983e+01
1.817800000000000082e+01
1.820499999999999829e+01
1.822700000000000031e+01
1.824299999999999855e+01
1.830000000000000071e+01
1.831200000000000117e+01
1.834600000000000009e+01
1.863200000000000145e+01
1.871699999999999875e+01
1.939300000000000068e+01
1.947400000000000020e+01
1.985099999999999909e+01
1.997990000000000066e+01
1.999549999999999983e+01
2.000499999999999901e+01
2.002019999999999911e+01
2.010200000000000031e+01
2.012349999999999994e+01
2.014930000000000021e+01
2.017460000000000164e+01
2.031940000000000168e+01
2.034280000000000044e+01
2.070309999999999917e+01
2.072909999999999897e+01
2.075100000000000122e+01
2.089580000000000126e+01
2.092299999999999827e+01
2.105679999999999907e+01
2.129009999999999891e+01
2.130440000000000111e+01
2.131779999999999831e+01
2.133129999999999882e+01
2.136039999999999850e+01
2.138710000000000022e+01
2.144950000000000045e+01
2.166900000000000048e+01
2.175969999999999871e+01
2.180910000000000082e+01
2.186360000000000170e+01
2.189939999999999998e+01
2.219500000000000028e+01
2.225329999999999941e+01
2.228180000000000049e+01
2.228419999999999845e+01
2.240520000000000067e+01
2.244999999999999929e+01
2.249129999999999896e+01
2.251460000000000150e+01
2.251599999999999824e+01
2.252250000000000085e+01
2.254650000000000176e+01
2.257900000000000063e+01
2.266560000000000130e+01
2.271719999999999828e+01
2.275609999999999999e+01
2.278800000000000026e+01
2.278849999999999909e+01
2.281500000000000128e+01
2.283010000000000161e+01
2.286700000000000088e+01
2.293799999999999883e+01
2.296059999999999945e+01
2.298560000000000159e+01
2.300000000000000000e+01
2.301200000000000045e+01
2.303979999999999961e+01
2.308200000000000074e+01
2.308409999999999940e+01
2.313299999999999912e+01
2.316460000000000008e+01
2.318929999999999936e+01
2.319900000000000162e+01
2.334700000000000131e+01
2.357199999999999918e+01
2.360099999999999909e+01
2.368799999999999883e+01
2.375000000000000000e+01
2.388919999999999888e+01
2.394069999999999965e+01
2.394849999999999923e+01
2.397650000000000148e+01
2.402199999999999847e+01
2.403000000000000114e+01
2.403330000000000055e+01
2.404200000000000159e+01
2.405720000000000169e+01
2.407189999999999941e+01
2.409329999999999927e+01
2.419099999999999895e+01
2.435800000000000054e+01
2.436899999999999977e+01
2.444600000000000151e+01
2.448900000000000077e+01
2.453500000000000014e+01
2.468599999999999994e+01
2.476999999999999957e+01
2.489099999999999824e+01
2.505300000000000082e+01
2.516550000000000153e+01
2.518199999999999861e+01
2.521699999999999875e+01
2.524399999999999977e+01
2.528379999999999939e+01
2.532100000000000151e+01
2.532100000000000151e+01
2.541700000000000159e+01
2.552400000000000091e+01
2.555000000000000071e+01
2.555399999999999849e+01
2.555399999999999849e+01
2.582799999999999940e+01
2.620400000000000063e+01
2.651960000000000051e+01
2.653239999999999910e+01
2.657000000000000028e+01
2.659880000000000067e+01
2.662020000000000053e+01
2.666560000000000130e+01
2.667620000000000147e+01
2.676579999999999870e+01
2.697180000000000177e+01
2.698280000000000101e+01
2.702509999999999835e+01
2.703800000000000026e+01
2.715719999999999956e+01
2.717729999999999890e+01
2.723320000000000007e+01
2.725679999999999836e+01
2.727400000000000091e+01
2.732150000000000034e+01
2.738879999999999981e+01
2.743509999999999849e+01
2.748829999999999885e+01
2.758689999999999998e+01
2.760800000000000054e+01
2.765409999999999968e+01
2.769630000000000081e+01
2.777779999999999916e+01
2.777779999999999916e+01
2.788240000000000052e+01
2.797779999999999845e+01
2.810900000000000176e+01
2.814849999999999852e+01
2.816199999999999903e+01
2.816679999999999851e+01
2.828800000000000026e+01
2.832999999999999829e+01
2.836400000000000077e+01
2.840749999999999886e+01
2.844940000000000069e+01
2.845810000000000173e+01
2.859790999999999883e+01
2.860500000000000043e+01
2.862869999999999848e+01
2.864900000000000091e+01
2.868394999999999939e+01
2.874399999999999977e+01
2.886499999999999844e+01
2.892200000000000060e+01
2.898499999999999943e+01
2.902100000000000080e+01
2.903099999999999881e+01
2.906299999999999883e+01
2.916000000000000014e+01
2.937399999999999878e+01
2.952509999999999835e+01
2.954050000000000153e+01
2.958409999999999940e+01
2.959339999999999904e+01
2.962800000000000011e+01
2.967239999999999966e+01
2.967279999999999873e+01
2.972200000000000131e+01
2.972759999999999891e+01
2.977299999999999969e+01
2.977299999999999969e+01
2.989600000000000080e+01
2.995479999999999876e+01
3.012829999999999941e+01
3.014499999999999957e+01
3.014600000000000080e+01
3.016039999999999921e+01
3.016799999999999926e+01
3.016799999999999926e+01
3.020799999999999841e+01
3.020799999999999841e+01
3.042109999999999914e+01
3.049739999999999895e+01
3.072409999999999997e+01
3.089029999999999987e+01
3.116760000000000019e+01
3.122609999999999886e+01
3.123939999999999984e+01
3.127819999999999823e+01
3.133050000000000068e+01
3.133759999999999835e+01
3.139900000000000091e+01
3.139930000000000021e+01
3.170060000000000144e+01
3.180900000000000105e+01
3.182649999999999935e+01
3.191489999999999938e+01
3.201339999999999719e+01
3.206260000000000332e+01
3.209150000000000347e+01
3.213000000000000256e+01
3.214249999999999829e+01
3.218099999999999739e+01
3.225130000000000052e+01
3.231889999999999930e+01
3.232090000000000174e+01
3.236330000000000240e+01
3.238110000000000355e+01
3.240140000000000242e+01
3.241049999999999898e+01
3.244959999999999667e+01
3.245750000000000313e+01
3.256969999999999743e+01
3.259449999999999648e+01
3.273219999999999885e+01
3.283420000000000272e+01
3.289540000000000219e+01
3.298100000000000165e+01
3.300269999999999726e+01
3.303139999999999787e+01
3.304860000000000042e+01
3.307800000000000296e+01
3.309129999999999683e+01
3.323579999999999757e+01
3.323729999999999762e+01
3.328779999999999717e+01
3.329840000000000089e+01
3.349699999999999989e+01
3.358310000000000173e+01
3.361769999999999925e+01
3.365800000000000125e+01
3.375300000000000011e+01
3.383919999999999817e+01
3.386809999999999832e+01
3.389710000000000178e+01
3.391870000000000118e+01
3.398519999999999897e+01
3.403920000000000101e+01
3.406219999999999715e+01
3.409530000000000172e+01
3.409539999999999793e+01
3.429820000000000135e+01
3.429820000000000135e+01
3.436460000000000292e+01
3.437149999999999750e+01
3.454050000000000153e+01
3.461229999999999762e+01
3.472650000000000148e+01
3.477870000000000061e+01
3.479110000000000014e+01
3.480239999999999867e+01
3.506589999999999918e+01
3.507809999999999917e+01
3.523340000000000316e+01
3.550699999999999790e+01
3.554939999999999856e+01
3.578840000000000288e+01
3.581439999999999912e+01
3.588459999999999894e+01
3.594539999999999935e+01
3.602499999999999858e+01
3.607410000000000139e+01
3.612489999999999668e+01
3.623559999999999803e+01
3.627170000000000272e+01
3.631530000000000058e+01
3.632849999999999824e+01
3.640729999999999933e+01
3.642960000000000065e+01
3.646390000000000242e+01
3.651339999999999719e+01
3.651539999999999964e+01
3.655180000000000007e+01
3.660280000000000200e+01
3.661970000000000169e+01
3.664030000000000342e+01
3.665789999999999793e+01
3.671260000000000190e+01
3.671730000000000160e+01
3.674040000000000106e+01
3.675160000000000338e+01
3.675430000000000064e+01
3.676830000000000354e+01
3.678130000000000166e+01
3.684570000000000078e+01
3.690639999999999787e+01
3.693840000000000146e+01
3.696119999999999806e+01
3.703139999999999787e+01
3.709360000000000213e+01
3.712709999999999866e+01
3.715229999999999677e+01
3.731700000000000017e+01
3.747050000000000125e+01
3.747469999999999857e+01
3.748510000000000275e+01
3.753909999999999769e+01
3.780810000000000315e+01
3.786780000000000257e+01
3.786869999999999692e+01
3.788340000000000174e+01
3.789289999999999736e+01
3.789929999999999666e+01
3.790930000000000177e+01
3.793529999999999802e+01
3.793719999999999715e+01
3.793950000000000244e+01
3.795120000000000005e+01
3.796130000000000138e+01
3.796820000000000306e+01
3.796940000000000026e+01
3.801010000000000133e+01
3.805369999999999919e+01
3.807800000000000296e+01
3.815259999999999962e+01
3.820490000000000208e+01
3.821849999999999881e+01
3.824620000000000175e+01
3.835300000000000153e+01
3.843820000000000192e+01
3.854699999999999704e+01
3.859349999999999881e+01
3.860669999999999646e+01
3.863700000000000045e+01
3.867219999999999658e+01
3.876570000000000249e+01
3.913620000000000232e+01
3.924280000000000257e+01
3.925300000000000011e+01
3.926019999999999754e+01
3.929899999999999949e+01
3.932169999999999987e+01
3.932999999999999829e+01
3.934689999999999799e+01
3.937899999999999778e+01
3.944409999999999883e+01
3.965299999999999869e+01
3.969910000000000139e+01
3.970969999999999800e+01
3.971220000000000283e+01
3.977199999999999847e+01
3.977199999999999847e+01
3.982039999999999935e+01
3.996999999999999886e+01
3.997189999999999799e+01
3.997189999999999799e+01
4.000560000000000116e+01
4.003900000000000148e+01
4.028849999999999909e+01
4.028999999999999915e+01
4.032390000000000185e+01
4.041060000000000230e+01
4.047899999999999920e+01
4.054610000000000269e+01
4.083039999999999736e+01
4.086299999999999955e+01
4.086500000000000199e+01
4.090970000000000084e+01
4.096399999999999864e+01
4.110499999999999687e+01
4.128589999999999804e+01
4.142730000000000246e+01
4.158610000000000184e+01
4.164180000000000348e+01
4.180409999999999826e+01
4.194579999999999842e+01
4.203699999999999903e+01
4.209400000000000119e+01
4.210199999999999676e+01
4.227839999999999776e+01
4.239200000000000301e+01
4.247820000000000107e+01
4.292320000000000135e+01
4.339300000000000068e+01
4.348870000000000147e+01
4.356989999999999696e+01
4.369780000000000086e+01
4.370049999999999812e+01
4.375160000000000338e+01
4.393439999999999657e+01
4.427790000000000248e+01
4.434270000000000067e+01
4.436010000000000275e+01
4.446340000000000003e+01
4.460150000000000148e+01
4.462650000000000006e+01
4.478810000000000002e+01
4.491290000000000049e+01
4.496289999999999765e+01
4.497950000000000159e+01
4.518650000000000233e+01
4.518900000000000006e+01
4.521320000000000050e+01
4.525220000000000198e+01
4.526599999999999824e+01
4.531620000000000203e+01
4.541949999999999932e+01
4.543249999999999744e+01
4.555539999999999878e+01
4.561339999999999861e+01
4.562839999999999918e+01
4.570100000000000051e+01
4.584870000000000090e+01
4.596470000000000056e+01
4.597990000000000066e+01
4.610589999999999833e+01
4.612449999999999761e+01
4.619550000000000267e+01
4.621119999999999806e+01
4.634179999999999922e+01
4.654930000000000234e+01
4.671430000000000149e+01
4.701830000000000354e+01
4.718840000000000146e+01
4.728280000000000172e+01
4.728390000000000271e+01
4.767799999999999727e+01
4.815563999999999822e+01
4.830098000000000269e+01
4.845107999999999748e+01
4.851100000000000279e+01
4.872169999999999845e+01
4.881199999999999761e+01
4.884620000000000317e+01
4.884700000000000131e+01
4.887349999999999994e+01
4.893599999999999994e+01
4.900800000000000267e+01
4.904959999999999809e+01
4.917459999999999809e+01
4.949090000000000344e+01
4.951380000000000337e+01
4.959400000000000119e+01
4.961800000000000210e+01
4.969850000000000279e+01
4.993800000000000239e+01
5.006439999999999912e+01
5.026019999999999754e+01
5.064289999999999736e+01
5.086249999999999716e+01
5.092600000000000193e+01
5.096970000000000312e+01
5.133149999999999835e+01
5.224000000000000199e+01
5.274389999999999645e+01
5.612969999999999970e+01
5.622500000000000142e+01
5.711899999999999977e+01
5.812140000000000128e+01
5.969469999999999743e+01
6.092000000000000171e+01
6.160900000000000176e+01
6.276270000000000238e+01
6.311639999999999873e+01
6.320839999999999748e+01
6.325090000000000146e+01
6.339399999999999835e+01
6.354099999999999682e+01
6.401349999999999341e+01
6.436029999999999518e+01
6.754689999999999372e+01
6.773449999999999704e+01
6.787399999999999523e+01
6.796469999999999345e+01
6.806319999999999482e+01
6.811450000000000671e+01
6.824550000000000693e+01
6.829229999999999734e+01
6.843680000000000518e+01
6.843680000000000518e+01
6.844499999999999318e+01
6.915300000000000580e+01
6.931279999999999575e+01
6.994970000000000709e+01
7.020350000000000534e+01
7.119110000000000582e+01
7.229120000000000346e+01
7.230450000000000443e+01
7.235370000000000346e+01
7.236520000000000152e+01
7.240680000000000405e+01
7.248090000000000543e+01
7.343439999999999657e+01
7.378539999999999566e+01
7.451649999999999352e+01
7.496410000000000196e+01
7.501099999999999568e+01
7.508089999999999975e+01
7.519079999999999586e+01
7.520380000000000109e+01
7.525679999999999836e+01
7.784329999999999927e+01
8.208589999999999520e+01
8.212019999999999698e+01
8.221760000000000446e+01
8.226680000000000348e+01
8.229269999999999641e+01
8.258910000000000196e+01
8.264579999999999416e+01
8.287909999999999400e+01
8.294830000000000325e+01
8.642700000000000671e+01
8.841459999999999297e+01
8.971240000000000236e+01
9.365569999999999595e+01
9.488400000000000034e+01
9.517529999999999291e+01
9.581560000000000343e+01
9.587160000000000082e+01
9.620310000000000628e+01
9.643410000000000082e+01
9.717000000000000171e+01
9.767669999999999675e+01
9.781659999999999400e+01
9.795470000000000255e+01
9.836320000000000618e+01
9.844190000000000396e+01
9.866809999999999548e+01
9.923300000000000409e+01
9.965210000000000434e+01
1.001714000000000055e+02
1.004360999999999962e+02
1.006460000000000008e+02
1.008709000000000060e+02
1.009758000000000067e+02
1.014565000000000055e+02
1.016204000000000036e+02
1.019248999999999938e+02
1.024663000000000039e+02
1.027219000000000051e+02
1.029043999999999954e+02
1.038953000000000060e+02
1.045711000000000013e+02
1.052591000000000037e+02
1.057437999999999931e+02
1.071054000000000030e+02
1.083917000000000002e+02
1.085742000000000047e+02
1.086381999999999977e+02
1.092000000000000028e+02
1.096375000000000028e+02
1.098221999999999952e+02
1.104300000000000068e+02
1.110720000000000027e+02
1.112198999999999955e+02
1.112436000000000007e+02
1.127836000000000070e+02
1.131255000000000024e+02
1.142737000000000052e+02
1.143395000000000010e+02
1.149939999999999998e+02
1.157180000000000035e+02
1.157574999999999932e+02
1.159515999999999991e+02
1.160769999999999982e+02
1.184129999999999967e+02
1.188158999999999992e+02
1.188161000000000058e+02
1.194462000000000046e+02
1.194950000000000045e+02
1.225177999999999940e+02
1.226522999999999968e+02
1.242248000000000019e+02
1.243717999999999932e+02
1.244287000000000063e+02
1.247069000000000045e+02
1.250918000000000063e+02
1.252109999999999985e+02
1.254009999999999962e+02
1.260277999999999992e+02
1.271153000000000048e+02
1.272972000000000037e+02
1.273529000000000053e+02
1.287870000000000061e+02
1.289420000000000073e+02
1.290769999999999982e+02
1.293482999999999947e+02
1.304173000000000116e+02
1.305420000000000016e+02
1.308060999999999865e+02
1.309501999999999953e+02
1.312717000000000098e+02
1.313269999999999982e+02
1.313350000000000080e+02
1.317565999999999917e+02
1.321718999999999937e+02
1.321916999999999973e+02
1.326665999999999883e+02
1.326807000000000016e+02
1.329287999999999954e+02
1.329968000000000075e+02
1.330355000000000132e+02
1.331665000000000134e+02
1.331990000000000123e+02
1.332459000000000060e+02
1.334038999999999930e+02
1.334492999999999938e+02
1.335120000000000005e+02
1.339335000000000093e+02
1.344492999999999938e+02
1.347030000000000030e+02
1.355131000000000085e+02
1.356528999999999883e+02
1.361922999999999888e+02
1.380105000000000075e+02
1.391105000000000018e+02
1.395001000000000033e+02
1.400415999999999883e+02
1.403617999999999881e+02
1.404376000000000033e+02
1.408380999999999972e+02
1.408639000000000010e+02
1.410018000000000029e+02
1.410054000000000087e+02
1.412685999999999922e+02
1.414408999999999992e+02
1.414841999999999871e+02
1.416416000000000111e+02
1.418532999999999902e+02
1.418920999999999992e+02
1.419579999999999984e+02
1.423100000000000023e+02
1.423420000000000130e+02
1.423719000000000108e+02
1.424197000000000060e+02
1.424916000000000054e+02
1.425525000000000091e+02
1.426334999999999980e+02
1.426654000000000053e+02
1.429113999999999862e+02
1.432592999999999961e+02
1.433189000000000135e+02
1.433275999999999897e+02
1.434091999999999985e+02
1.434841999999999871e+02
1.439833999999999889e+02
1.447119999999999891e+02
1.449680999999999926e+02
1.451041999999999916e+02
1.451495999999999924e+02
1.451517000000000053e+02
1.454000000000000057e+02
1.460990999999999929e+02
1.466459999999999866e+02
1.490107000000000141e+02
1.499595999999999947e+02
1.512655000000000030e+02
1.515020000000000095e+02
1.516103999999999985e+02
1.517931000000000097e+02
1.520141999999999882e+02
1.522493000000000052e+02
1.525756000000000085e+02
1.527222999999999900e+02
1.527720999999999947e+02
1.536373000000000104e+02
1.584942000000000064e+02
1.590506000000000029e+02
1.601914999999999907e+02
1.611879000000000133e+02
1.629786000000000001e+02
1.643029999999999973e+02
1.650140000000000100e+02
1.668029999999999973e+02
1.670660000000000025e+02
1.679190000000000111e+02
1.680203999999999951e+02
1.694780000000000086e+02
1.716725000000000136e+02
1.720712000000000046e+02
1.721980000000000075e+02
1.724629999999999939e+02
1.724994000000000085e+02
1.736182000000000016e+02
1.751680000000000064e+02
1.757729999999999961e+02
1.760070000000000050e+02
1.773429999999999893e+02
1.778019999999999925e+02
1.779720000000000084e+02
1.784439999999999884e+02
1.788259999999999934e+02
1.792992000000000132e+02
1.793820000000000050e+02
1.794600000000000080e+02
1.796769999999999925e+02
1.797646000000000015e+02
1.798149999999999977e+02
1.802549999999999955e+02
1.804130000000000109e+02
1.806184000000000083e+02
1.809853999999999985e+02
1.810566000000000031e+02
1.811425000000000125e+02
1.812189999999999941e+02
1.813050000000000068e+02
1.817675999999999874e+02
1.825835999999999899e+02
1.831150000000000091e+02
1.831639999999999873e+02
1.845070000000000050e+02
1.850689999999999884e+02
1.852009999999999934e+02
1.854420000000000073e+02
1.855060000000000002e+02
1.856639999999999873e+02
1.861557999999999993e+02
1.864509999999999934e+02
1.878679999999999950e+02
1.880409999999999968e+02
1.895010000000000048e+02
1.899809999999999945e+02
1.902230000000000132e+02
1.910062000000000069e+02
1.917685999999999922e+02
1.921914999999999907e+02
1.929138000000000090e+02
1.934000000000000057e+02
1.939064999999999941e+02
1.946771999999999991e+02
1.951432000000000073e+02
1.962153999999999883e+02
1.963103000000000122e+02
1.966244000000000085e+02
1.971470999999999947e+02
1.982421999999999969e+02
1.990712000000000046e+02
1.997721999999999980e+02
1.999319999999999879e+02
2.003128000000000100e+02
2.011829999999999927e+02
2.014850000000000136e+02
2.027796999999999912e+02
2.043110000000000070e+02
2.060772000000000048e+02
2.064223000000000070e+02
2.079962999999999909e+02
2.085097000000000094e+02
2.086736999999999966e+02
2.089401000000000010e+02
2.093110000000000070e+02
2.106376999999999953e+02
2.107228000000000065e+02
2.120723000000000127e+02
2.130606999999999971e+02
2.137004000000000019e+02
2.138414999999999964e+02
2.141873999999999967e+02
2.147504000000000133e+02
2.150528999999999940e+02
2.150908000000000015e+02
2.150908000000000015e+02
2.151764000000000010e+02
2.156014000000000124e+02
2.159732999999999947e+02
2.160901000000000067e+02
2.163177000000000021e+02
2.167880000000000109e+02
2.171065000000000111e+02
2.174574000000000069e+02
2.187077999999999918e+02
2.188246000000000038e+02
2.196074000000000126e+02
2.233600000000000136e+02
2.242230000000000132e+02
2.268999000000000024e+02
2.293569999999999993e+02
2.313947000000000003e+02
2.314890000000000043e+02
2.318770000000000095e+02
2.319660000000000082e+02
2.319710000000000036e+02
2.322675000000000125e+02
2.322972000000000037e+02
2.324530000000000030e+02
2.327005000000000052e+02
2.327462999999999909e+02
2.331140000000000043e+02
2.332470000000000141e+02
2.334919999999999902e+02
2.338748999999999967e+02
2.340264999999999986e+02
2.340857000000000028e+02
2.341420999999999992e+02
2.343820000000000050e+02
2.352653999999999996e+02
2.354359000000000037e+02
2.357090000000000032e+02
2.357344999999999970e+02
2.359449999999999932e+02
2.365235000000000127e+02
2.367030000000000030e+02
2.370983999999999980e+02
2.371779999999999973e+02
2.374182999999999879e+02
2.379016000000000020e+02
2.382437999999999931e+02
2.383189999999999884e+02
2.384730000000000132e+02
2.385010000000000048e+02
2.385456000000000074e+02
2.387690000000000055e+02
2.388391000000000020e+02
2.389650000000000034e+02
2.391599999999999966e+02
2.391990000000000123e+02
2.393629999999999995e+02
2.394310000000000116e+02
2.396179999999999950e+02
2.398509999999999991e+02
2.399000000000000057e+02
2.400689999999999884e+02
2.403585999999999956e+02
2.404910000000000139e+02
2.407479999999999905e+02
2.408629999999999995e+02
2.413990000000000009e+02
2.414258000000000095e+02
2.416059999999999945e+02
2.417286000000000001e+02
2.417479999999999905e+02
2.420860000000000127e+02
2.421800000000000068e+02
2.422051999999999907e+02
2.422719999999999914e+02
2.429019999999999868e+02
2.432623000000000104e+02
2.433256000000000085e+02
2.434267999999999859e+02
2.436260000000000048e+02
2.446758000000000095e+02
2.447543000000000006e+02
2.450146000000000015e+02
2.450465000000000089e+02
2.451071000000000026e+02
2.451611000000000047e+02
2.464541000000000111e+02
2.465465000000000089e+02
2.468033000000000072e+02
2.478867999999999938e+02
2.481487999999999943e+02
2.495103000000000009e+02
2.497802000000000078e+02
2.502359999999999900e+02
2.507659999999999911e+02
2.507724000000000046e+02
2.508540000000000134e+02
2.510362000000000080e+02
2.512133000000000038e+02
2.512410000000000139e+02
2.512709999999999866e+02
2.512998000000000047e+02
2.516899999999999977e+02
2.517899999999999920e+02
2.520380000000000109e+02
2.520560999999999865e+02
2.521920000000000073e+02
2.522309999999999945e+02
2.526980000000000075e+02
2.528660000000000139e+02
2.529230000000000018e+02
2.529600000000000080e+02
2.530939999999999941e+02
2.531280999999999892e+02
2.533743000000000052e+02
2.546991999999999905e+02
2.548969999999999914e+02
2.550049999999999955e+02
2.551736999999999966e+02
2.553420000000000130e+02
2.554989999999999952e+02
2.557682000000000073e+02
2.558663999999999987e+02
2.562900000000000205e+02
2.564089999999999918e+02
2.565590000000000259e+02
2.570581999999999994e+02
2.571494000000000142e+02
2.574789999999999850e+02
2.577898999999999887e+02
2.585409000000000219e+02
2.588032000000000039e+02
2.593521999999999821e+02
2.593829999999999814e+02
2.595880000000000223e+02
2.596634000000000242e+02
2.597536999999999807e+02
2.599064000000000192e+02
2.600760000000000218e+02
2.603990999999999758e+02
2.606301000000000272e+02
2.608412000000000148e+02
2.610876999999999839e+02
2.611102999999999952e+02
2.614934000000000083e+02
2.621102000000000203e+02
2.621299999999999955e+02
2.624266000000000076e+02
2.624995999999999867e+02
2.628874000000000137e+02
2.631449999999999818e+02
2.637187000000000126e+02
2.637721999999999980e+02
2.643000000000000114e+02
2.645733999999999924e+02
2.646050000000000182e+02
2.646329000000000065e+02
2.651401999999999930e+02
2.652690000000000055e+02
2.656197999999999979e+02
2.657010000000000218e+02
2.657658999999999878e+02
2.662210000000000036e+02
2.668629999999999995e+02
2.670276999999999816e+02
2.672789999999999964e+02
2.678600000000000136e+02
2.679370000000000118e+02
2.680120000000000005e+02
2.683670000000000186e+02
2.683890000000000100e+02
2.688759999999999764e+02
2.689519999999999982e+02
2.690679999999999836e+02
2.691039999999999850e+02
2.691589999999999918e+02
2.697789999999999964e+02
2.698539999999999850e+02
2.701739999999999782e+02
2.702989999999999782e+02
2.704735000000000014e+02
2.704735000000000014e+02
2.706970000000000027e+02
2.707500000000000000e+02
2.708659999999999854e+02
2.712540000000000191e+02
2.715000000000000000e+02
2.716490000000000009e+02
2.717398999999999774e+02
2.719528000000000247e+02
2.723369999999999891e+02
2.728587999999999738e+02
2.729449999999999932e+02
2.732160000000000082e+02
2.740520000000000209e+02
2.741356000000000108e+02
2.741480000000000246e+02
2.741777000000000157e+02
2.744334999999999809e+02
2.752341000000000122e+02
2.754209999999999923e+02
2.764676000000000045e+02
2.765036000000000058e+02
2.766490000000000009e+02
2.775815999999999804e+02
2.778550000000000182e+02
2.780958999999999719e+02
2.804300000000000068e+02
2.824961999999999875e+02
2.834923000000000002e+02
2.847409999999999854e+02
2.848410000000000082e+02
2.850998000000000161e+02
2.853709999999999809e+02
2.855179999999999723e+02
2.856059999999999945e+02
2.860810000000000173e+02
2.865199999999999818e+02
2.867429999999999950e+02
2.868940000000000055e+02
2.869970000000000141e+02
2.871390000000000100e+02
2.878530000000000086e+02
2.880000000000000000e+02
2.880869999999999891e+02
2.883349999999999795e+02
2.885629999999999882e+02
2.889100000000000250e+02
2.890470000000000255e+02
2.892490000000000236e+02
2.893290000000000077e+02
2.893509999999999991e+02
2.894169999999999732e+02
2.897060000000000173e+02
2.900425000000000182e+02
2.900450000000000159e+02
2.903929999999999723e+02
2.906979999999999791e+02
2.907309999999999945e+02
2.908319999999999936e+02
2.909669999999999845e+02
2.910869999999999891e+02
2.911240000000000236e+02
2.911909999999999741e+02
2.915779999999999745e+02
2.918220000000000027e+02
2.920840000000000032e+02
2.921229999999999905e+02
2.924479999999999791e+02
2.924879999999999995e+02
2.925500000000000114e+02
2.928100000000000023e+02
2.931669999999999732e+02
2.932099999999999795e+02
2.935260000000000105e+02
2.936730000000000018e+02
2.942230000000000132e+02
2.942350000000000136e+02
2.943190000000000168e+02
2.944060000000000059e+02
2.945430000000000064e+02
2.947389999999999759e+02
2.950489999999999782e+02
2.950996000000000095e+02
2.951209999999999809e+02
2.952939999999999827e+02
2.955190000000000055e+02
2.958380000000000223e+02
2.963639999999999759e+02
2.969250000000000114e+02
2.973120000000000118e+02
2.977069999999999936e+02
2.977389999999999759e+02
2.978410000000000082e+02
2.992900000000000205e+02
3.002069999999999936e+02
3.005099999999999909e+02
3.015699999999999932e+02
3.017660000000000196e+02
3.034329999999999927e+02
3.034700000000000273e+02
3.035149999999999864e+02
3.044010000000000105e+02
3.044449999999999932e+02
3.045830000000000268e+02
3.049110000000000014e+02
3.051779999999999973e+02
3.053233999999999924e+02
3.054279999999999973e+02
3.054540000000000077e+02
3.056752999999999929e+02
3.057219999999999800e+02
3.061035999999999717e+02
3.061349999999999909e+02
3.064139999999999873e+02
3.067269999999999754e+02
3.068009999999999877e+02
3.068740000000000236e+02
3.070529999999999973e+02
3.074710000000000036e+02
3.076159999999999854e+02
3.078369999999999891e+02
3.083009999999999877e+02
3.085260000000000105e+02
3.093539000000000101e+02
3.094010000000000105e+02
3.095099999999999909e+02
3.097124999999999773e+02
3.101840000000000259e+02
3.103199999999999932e+02
3.111317999999999984e+02
3.111610000000000014e+02
3.113924999999999841e+02
3.119279999999999973e+02
3.122040000000000077e+02
3.122208999999999719e+02
3.123809999999999718e+02
3.126190000000000282e+02
3.127130000000000223e+02
3.131179999999999950e+02
3.134239999999999782e+02
3.135840000000000032e+02
3.136100000000000136e+02
3.137420000000000186e+02
3.140649999999999977e+02
3.140849999999999795e+02
3.143389999999999986e+02
3.146250000000000000e+02
3.184329999999999927e+02
3.184900000000000091e+02
3.186320000000000050e+02
3.188629999999999995e+02
3.189429999999999836e+02
3.191600000000000250e+02
3.198929999999999723e+02
3.203310000000000173e+02
3.206510000000000105e+02
3.208340000000000032e+02
3.213360000000000127e+02
3.218039999999999736e+02
3.228439000000000192e+02
3.230849999999999795e+02
3.235185000000000173e+02
3.238799999999999955e+02
3.242395000000000209e+02
3.255710000000000264e+02
3.264180000000000064e+02
3.268639999999999759e+02
3.269019000000000119e+02
3.272060000000000173e+02
3.275874999999999773e+02
3.277060000000000173e+02
3.280790000000000077e+02
3.285505999999999744e+02
3.295208000000000084e+02
3.296449999999999818e+02
3.299089999999999918e+02
3.299320999999999913e+02
3.304669999999999845e+02
3.315129000000000019e+02
3.317423999999999751e+02
3.319743000000000279e+02
3.329483999999999924e+02
3.330819999999999936e+02
3.334945000000000164e+02
3.335749999999999886e+02
3.364483000000000175e+02
3.366519999999999868e+02
3.372056999999999789e+02
3.378589999999999804e+02
3.386308000000000220e+02
3.401379999999999768e+02
3.426050000000000182e+02
3.434499999999999886e+02
3.449397999999999911e+02
3.453729999999999905e+02
3.456315000000000168e+02
3.460389999999999873e+02
3.472982999999999834e+02
3.474452999999999747e+02
3.486920000000000073e+02
3.488629999999999995e+02
3.490509999999999877e+02
3.491911999999999807e+02
3.497418999999999869e+02
3.501569999999999823e+02
3.505099999999999909e+02
3.505439999999999827e+02
3.506700000000000159e+02
3.515260000000000105e+02
3.518310000000000173e+02
3.521030000000000086e+02
3.525729999999999791e+02
3.526899999999999977e+02
3.530749999999999886e+02
3.531779999999999973e+02
3.534689999999999941e+02
3.544510000000000218e+02
3.546209999999999809e+02
3.546990000000000123e+02
3.551732000000000085e+02
3.554289999999999736e+02
3.557819999999999823e+02
3.567200000000000273e+02
3.590779999999999745e+02
3.593050000000000068e+02
3.593559999999999945e+02
3.594359999999999786e+02
3.607719999999999914e+02
3.610298000000000229e+02
3.616070000000000277e+02
3.618998000000000275e+02
3.640059999999999718e+02
3.643924999999999841e+02
3.645749999999999886e+02
3.649764000000000124e+02
3.664630000000000223e+02
3.668779999999999859e+02
3.670459999999999923e+02
3.672250000000000227e+02
3.674449999999999932e+02
3.676750000000000114e+02
3.677730000000000246e+02
3.680910000000000082e+02
3.681159999999999854e+02
3.682090000000000032e+02
3.684180000000000064e+02
3.687309999999999945e+02
3.688519999999999754e+02
3.689119999999999777e+02
3.691329999999999814e+02
3.692287000000000035e+02
3.693269999999999982e+02
3.696390000000000100e+02
3.696909999999999741e+02
3.704630000000000223e+02
3.705749999999999886e+02
3.706089999999999804e+02
3.706399999999999864e+02
3.709780000000000086e+02
3.716530000000000200e+02
3.728399999999999750e+02
3.733820000000000050e+02
3.735489999999999782e+02
3.746859999999999786e+02
3.747420000000000186e+02
3.751940000000000168e+02
3.772040000000000077e+02
3.779750000000000227e+02
3.791399999999999864e+02
3.796039999999999850e+02
3.800989999999999895e+02
3.804549999999999841e+02
3.807880000000000109e+02
3.808580000000000041e+02
3.809599999999999795e+02
3.810679999999999836e+02
3.814569999999999936e+02
3.818919999999999959e+02
3.819320000000000164e+02
3.821039999999999850e+02
3.822570000000000050e+02
3.823090000000000259e+02
3.823969999999999914e+02
3.824289999999999736e+02
3.829649999999999750e+02
3.834830000000000041e+02
3.835310000000000059e+02
3.840090000000000146e+02
3.840470000000000255e+02
3.841530000000000200e+02
3.841840000000000259e+02
3.842980000000000018e+02
3.845529999999999973e+02
3.848419999999999845e+02
3.850409999999999968e+02
3.856460000000000150e+02
3.856929999999999836e+02
3.863319999999999936e+02
3.864970000000000141e+02
3.865960000000000036e+02
3.868700000000000045e+02
3.872180000000000177e+02
3.876179999999999950e+02
3.876999999999999886e+02
3.877189999999999941e+02
3.879809999999999945e+02
3.891279999999999859e+02
3.893960000000000150e+02
3.899119999999999777e+02
3.900230000000000246e+02
3.901279999999999859e+02
3.902259999999999991e+02
3.903360000000000127e+02
3.907860000000000014e+02
3.911000000000000227e+02
3.911899999999999977e+02
3.913319999999999936e+02
3.915439999999999827e+02
3.917520000000000095e+02
3.921600000000000250e+02
3.923009999999999877e+02
3.923539999999999850e+02
3.925769999999999982e+02
3.926349999999999909e+02
3.929039999999999964e+02
3.931129999999999995e+02
3.932450000000000045e+02
3.935120000000000005e+02
3.936250000000000000e+02
3.937389999999999759e+02
3.944780000000000086e+02
3.951349999999999909e+02
3.953090000000000259e+02
3.967719999999999914e+02
3.974759999999999991e+02
3.990599000000000274e+02
3.991700000000000159e+02
3.993929999999999723e+02
3.999859999999999900e+02
4.006840000000000259e+02
4.024529999999999745e+02
4.032970000000000255e+02
4.036770000000000209e+02
4.043779999999999859e+02
4.052099999999999795e+02
4.052490000000000236e+02
4.058220000000000027e+02
4.058969999999999914e+02
4.065079999999999814e+02
4.072690000000000055e+02
4.091730000000000018e+02
4.093570000000000277e+02
4.093849999999999909e+02
4.094660000000000082e+02
4.096650000000000205e+02
4.100960000000000036e+02
4.103319999999999936e+02
4.105559999999999832e+02
4.105939999999999941e+02
4.106329999999999814e+02
4.109379999999999882e+02
4.110950000000000273e+02
4.112939999999999827e+02
4.113489999999999895e+02
4.114680000000000177e+02
4.116340000000000146e+02
4.117629999999999768e+02
4.119340000000000259e+02
4.119800000000000182e+02
4.120620000000000118e+02
4.121700000000000159e+02
4.124350000000000023e+02
4.124730000000000132e+02
4.125230000000000246e+02
4.129230000000000018e+02
4.130020000000000095e+02
4.133190000000000168e+02
4.135659999999999741e+02
4.137889999999999873e+02
4.160860000000000127e+02
4.175190000000000055e+02
4.180600000000000023e+02
4.183770000000000095e+02
4.191019999999999754e+02
4.192740000000000009e+02
4.201505000000000223e+02
4.211050000000000182e+02
4.227810000000000059e+02
4.233650000000000091e+02
4.234139999999999873e+02
4.235190000000000055e+02
4.236949999999999932e+02
4.258570000000000277e+02
4.260509999999999877e+02
4.263360000000000127e+02
4.269839999999999804e+02
4.272749999999999773e+02
4.278159999999999741e+02
4.285269999999999868e+02
4.293029999999999973e+02
4.294943000000000097e+02
4.297320000000000277e+02
4.298890000000000100e+02
4.299239999999999782e+02
4.307420000000000186e+02
4.308389999999999986e+02
4.311009999999999991e+02
4.331240000000000236e+02
4.334039999999999964e+02
4.342230000000000132e+02
4.354089999999999918e+02
4.356200000000000045e+02
4.357160000000000082e+02
4.369270000000000209e+02
4.374460000000000264e+02
4.376299999999999955e+02
4.376299999999999955e+02
4.376530000000000200e+02
4.380470000000000255e+02
4.381779999999999973e+02
4.385950000000000273e+02
4.391200000000000045e+02
4.396460000000000150e+02
4.401820000000000164e+02
4.407880000000000109e+02
4.408879999999999768e+02
4.409440000000000168e+02
4.409750000000000227e+02
4.413380000000000223e+02
4.417710000000000150e+02
4.421179999999999950e+02
4.422810000000000059e+02
4.427239999999999895e+02
4.428550000000000182e+02
4.429759999999999991e+02
4.431039999999999850e+02
4.437389999999999759e+02
4.439089999999999918e+02
4.442930000000000064e+02
4.445459999999999923e+02
4.451999999999999886e+02
4.453260000000000218e+02
4.458729999999999905e+02
4.459010000000000105e+02
4.461009999999999991e+02
4.461539999999999964e+02
4.463609999999999900e+02
4.469259999999999877e+02
4.470960000000000036e+02
4.475299999999999727e+02
4.475969999999999800e+02
4.480452000000000226e+02
4.486100000000000136e+02
4.486100000000000136e+02
4.490149999999999864e+02
4.497320000000000277e+02
4.503210000000000264e+02
4.506429999999999723e+02
4.509929999999999950e+02
4.511700000000000159e+02
4.511700000000000159e+02
4.517200000000000273e+02
4.517200000000000273e+02
4.519850000000000136e+02
4.525489999999999782e+02
4.546659999999999968e+02
4.550930000000000177e+02
4.561990000000000123e+02
4.566909999999999741e+02
4.573059999999999832e+02
4.578450000000000273e+02
4.580009999999999764e+02
4.581680000000000064e+02
4.587649999999999864e+02
4.592509999999999764e+02
4.595400000000000205e+02
4.607440000000000282e+02
4.609440000000000168e+02
4.610939999999999941e+02
4.613029999999999973e+02
4.617860000000000014e+02
4.621059999999999945e+02
4.625710000000000264e+02
4.627780000000000200e+02
4.636480000000000246e+02
4.641370000000000005e+02
4.642040000000000077e+02
4.645285000000000082e+02
4.647699999999999818e+02
4.650190000000000055e+02
4.667450000000000045e+02
4.671800000000000068e+02
4.685760000000000218e+02
4.688229999999999791e+02
4.707479999999999905e+02
4.707889999999999873e+02
4.711879999999999882e+02
4.715439999999999827e+02
4.716209999999999809e+02
4.717210000000000036e+02
4.719010000000000105e+02
4.722830000000000155e+02
4.724180000000000064e+02
4.730849999999999795e+02
4.731700000000000159e+02
4.743960000000000150e+02
4.747959999999999923e+02
4.749850000000000136e+02
4.752309999999999945e+02
4.752889999999999873e+02
4.755260000000000105e+02
4.758809999999999718e+02
4.767959999999999923e+02
4.770396999999999821e+02
4.777699999999999818e+02
4.777860000000000014e+02
4.782124000000000024e+02
4.787850000000000250e+02
4.798260000000000218e+02
4.801109999999999900e+02
4.802880000000000109e+02
4.808870000000000005e+02
4.828799999999999955e+02
4.830339000000000169e+02
4.832989999999999782e+02
4.833779999999999859e+02
4.834370000000000118e+02
4.842610000000000241e+02
4.846560000000000059e+02
4.850160000000000196e+02
4.852839999999999918e+02
4.856410000000000196e+02
4.863969999999999914e+02
4.866100000000000136e+02
4.872620000000000005e+02
4.876840000000000259e+02
4.881920000000000073e+02
4.882919999999999732e+02
4.886662999999999784e+02
4.886662999999999784e+02
4.886662999999999784e+02
4.887719999999999914e+02
4.892889999999999873e+02
4.892970000000000255e+02
4.895579999999999927e+02
4.900930000000000177e+02
4.901990000000000123e+02
4.905659999999999741e+02
4.905710000000000264e+02
4.907649999999999864e+02
4.914454999999999814e+02
4.918310000000000173e+02
4.927029999999999745e+02
4.931908999999999992e+02
4.931908999999999992e+02
4.931908999999999992e+02
4.933410000000000082e+02
4.955790999999999826e+02
4.967509999999999764e+02
4.971734999999999900e+02
4.973328000000000202e+02
4.978199999999999932e+02
4.978199999999999932e+02
4.978199999999999932e+02
4.987044000000000210e+02
5.003729999999999905e+02
5.016019999999999754e+02
5.036863999999999919e+02
5.053039999999999736e+02
5.065529999999999973e+02
5.076309999999999718e+02
5.080828999999999951e+02
5.081399999999999864e+02
5.081399999999999864e+02
5.106560000000000059e+02
5.129959999999999809e+02
5.132210000000000036e+02
5.139850000000000136e+02
5.140960000000000036e+02
5.147935999999999694e+02
5.150149999999999864e+02
5.160789999999999509e+02
5.171380000000000337e+02
5.177391999999999825e+02
5.178210000000000264e+02
5.193460000000000036e+02
5.194439999999999600e+02
5.195069999999999482e+02
5.196280000000000427e+02
5.196810000000000400e+02
5.208060000000000400e+02
5.218039999999999736e+02
5.224379999999999882e+02
5.227219999999999800e+02
5.229349999999999454e+02
5.235209999999999582e+02
5.235529999999999973e+02
5.241660000000000537e+02
5.242329999999999472e+02
5.262440000000000282e+02
5.263628999999999678e+02
5.268510999999999740e+02
5.295588000000000193e+02
5.312250000000000227e+02
5.353808999999999969e+02
5.354578999999999951e+02
5.354900000000000091e+02
5.357559999999999718e+02
5.368242000000000189e+02
5.384930000000000518e+02
5.386639999999999873e+02
5.388708000000000311e+02
5.389800000000000182e+02
5.399370000000000118e+02
5.403429999999999609e+02
5.416770000000000209e+02
5.419600000000000364e+02
5.425589999999999691e+02
5.435689999999999600e+02
5.439170000000000300e+02
5.444216999999999871e+02
5.459640000000000555e+02
5.488740000000000236e+02
5.489439999999999600e+02
5.491470000000000482e+02
5.498200000000000500e+02
5.506399999999999864e+02
5.509279999999999973e+02
5.510720000000000027e+02
5.512709999999999582e+02
5.522160000000000082e+02
5.547469999999999573e+02
5.548609999999999900e+02
5.560289999999999964e+02
5.563200000000000500e+02
5.586050000000000182e+02
5.587549999999999955e+02
5.593970000000000482e+02
5.602939999999999827e+02
5.606499999999999773e+02
5.610270000000000437e+02
5.625760000000000218e+02
5.626159999999999854e+02
5.626449999999999818e+02
5.627569999999999482e+02
5.629199999999999591e+02
5.634020000000000437e+02
5.635460000000000491e+02
5.637069999999999936e+02
5.647680000000000291e+02
5.659009999999999536e+02
5.669930000000000518e+02
5.672419999999999618e+02
5.684800000000000182e+02
5.700099999999999909e+02
5.705140000000000100e+02
5.708559999999999945e+02
5.710529999999999973e+02
5.711680000000000064e+02
5.717799999999999727e+02
5.727229999999999563e+02
5.728619999999999663e+02
5.729249999999999545e+02
5.732839999999999918e+02
5.735599999999999454e+02
5.738650000000000091e+02
5.745040000000000191e+02
5.749289999999999736e+02
5.750460000000000491e+02
5.754339999999999691e+02
5.763010000000000446e+02
5.774020000000000437e+02
5.778239999999999554e+02
5.784210000000000491e+02
5.785099999999999909e+02
5.785979999999999563e+02
5.787759999999999536e+02
5.790170000000000528e+02
5.808750000000000000e+02
5.818669999999999618e+02
5.819139999999999873e+02
5.832340000000000373e+02
5.847920000000000300e+02
5.851939999999999600e+02
5.926209999999999809e+02
5.941770000000000209e+02
5.980570000000000164e+02
5.982440000000000282e+02
6.003970000000000482e+02
6.004289999999999736e+02
6.017789999999999964e+02
6.022408000000000357e+02
6.027079999999999700e+02
6.041399999999999864e+02
6.059819999999999709e+02
6.068300000000000409e+02
6.068940000000000055e+02
6.083120000000000118e+02
6.091910000000000309e+02
6.108669999999999618e+02
6.113360000000000127e+02
6.121209999999999809e+02
6.130040000000000191e+02
6.137079999999999700e+02
6.137604999999999791e+02
6.151849999999999454e+02
6.172069999999999936e+02
6.190619000000000369e+02
6.191059999999999945e+02
6.200910000000000082e+02
6.215589999999999691e+02
6.218089999999999691e+02
6.220030000000000427e+02
6.226219999999999573e+02
6.232459999999999809e+02
6.234919999999999618e+02
6.241860000000000355e+02
6.244539999999999509e+02
6.244829999999999472e+02
6.253550000000000182e+02
6.258630000000000564e+02
6.260299999999999727e+02
6.262949999999999591e+02
6.268049999999999500e+02
6.270549999999999500e+02
6.276390000000000100e+02
6.284070000000000391e+02
6.286900000000000546e+02
6.294569999999999936e+02
6.298229999999999791e+02
6.313250000000000455e+02
6.326409999999999627e+02
6.328590000000000373e+02
6.340839999999999463e+02
6.351240000000000236e+02
6.357340000000000373e+02
6.359059999999999491e+02
6.360579999999999927e+02
6.363029999999999973e+02
6.381119999999999663e+02
6.395049999999999955e+02
6.432250000000000227e+02
6.433410000000000082e+02
6.434959999999999809e+02
6.436939999999999600e+02
6.454120000000000346e+02
6.464519999999999982e+02
6.480090000000000146e+02
6.489840000000000373e+02
6.505969999999999800e+02
6.533229999999999791e+02
6.543236000000000558e+02
6.545320000000000391e+02
6.559829999999999472e+02
6.567690000000000055e+02
6.599020000000000437e+02
6.607789999999999964e+02
6.609650000000000318e+02
6.625370000000000346e+02
6.626680000000000064e+02
6.630626999999999498e+02
6.635090000000000146e+02
6.636996000000000322e+02
6.645620000000000118e+02
6.695510000000000446e+02
6.709919999999999618e+02
6.754859999999999900e+02
6.761989999999999554e+02
6.768360000000000127e+02
6.786849999999999454e+02
6.788189999999999600e+02
6.814279999999999973e+02
6.831820000000000164e+02
6.834329999999999927e+02
6.841470000000000482e+02
6.843790000000000191e+02
6.872780000000000200e+02
6.873460000000000036e+02
6.895900000000000318e+02
6.976420000000000528e+02
7.028010000000000446e+02
7.065639999999999645e+02
7.094039999999999964e+02
7.104539999999999509e+02
7.150119999999999436e+02
7.153329999999999700e+02
7.184059999999999491e+02
7.266290000000000191e+02
7.323460000000000036e+02
7.340940000000000509e+02
7.358569999999999709e+02
7.360689999999999600e+02
7.363419999999999845e+02
7.364519999999999982e+02
7.365190000000000055e+02
7.387980000000000018e+02
7.487960000000000491e+02
7.490140000000000100e+02
7.580839999999999463e+02
7.593329999999999700e+02
7.597602000000000544e+02
7.597602000000000544e+02
7.597602000000000544e+02
7.599009999999999536e+02
7.600370000000000346e+02
7.626910000000000309e+02
7.703490000000000464e+02
7.706929999999999836e+02
7.940099999999999909e+02
8.029600000000000364e+02
8.030339999999999918e+02
8.095710000000000264e+02
8.104669999999999845e+02
8.110819999999999936e+02
8.111299999999999955e+02
8.119030000000000200e+02
8.139030000000000200e+02
8.146829999999999927e+02
8.156789999999999736e+02
8.163310000000000173e+02
8.173600000000000136e+02
8.182459999999999809e+02
8.188959999999999582e+02
8.189579999999999700e+02
8.201119999999999663e+02
8.205330000000000155e+02
8.243880000000000337e+02
8.255779999999999745e+02
8.258150000000000546e+02
8.282670000000000528e+02
8.284650000000000318e+02
8.326710000000000491e+02
8.333519999999999754e+02
8.344320000000000164e+02
8.405119999999999436e+02
8.459878999999999678e+02
8.501860000000000355e+02
8.536829999999999927e+02
8.922300000000000182e+02
8.935380000000000109e+02
8.974080000000000155e+02
