2.117999999999999972e+01
2.145100000000000051e+01
2.159700000000000131e+01
2.173900000000000077e+01
2.217099999999999937e+01
2.221799999999999997e+01
2.229799999999999827e+01
2.288400000000000034e+01
2.289399999999999835e+01
2.297800000000000153e+01
2.351699999999999946e+01
2.357700000000000173e+01
2.421199999999999974e+01
2.423000000000000043e+01
2.441400000000000148e+01
2.637199999999999989e+01
2.646399999999999864e+01
2.723999999999999844e+01
2.730300000000000082e+01
2.785999999999999943e+01
2.891799999999999926e+01
2.999899999999999878e+01
3.128900000000000148e+01
3.133500000000000085e+01
3.204699999999999704e+01
3.216899999999999693e+01
3.255799999999999983e+01
3.265699999999999648e+01
3.283400000000000318e+01
3.303999999999999915e+01
3.330899999999999750e+01
3.338000000000000256e+01
3.351200000000000045e+01
3.351400000000000290e+01
3.366199999999999903e+01
3.390200000000000102e+01
3.400200000000000244e+01
3.404200000000000159e+01
3.445900000000000318e+01
3.496500000000000341e+01
3.497500000000000142e+01
3.513600000000000279e+01
3.539800000000000324e+01
3.555599999999999739e+01
3.558599999999999852e+01
3.704200000000000159e+01
3.720499999999999829e+01
3.799600000000000222e+01
3.868200000000000216e+01
3.977700000000000102e+01
4.034499999999999886e+01
4.088100000000000023e+01
4.093099999999999739e+01
4.150300000000000011e+01
4.181799999999999784e+01
4.185900000000000176e+01
4.197899999999999920e+01
4.207399999999999807e+01
4.250300000000000011e+01
4.278699999999999903e+01
4.307500000000000284e+01
4.376599999999999824e+01
4.416199999999999903e+01
4.429599999999999937e+01
4.519700000000000273e+01
4.558400000000000318e+01
4.578399999999999892e+01
4.731000000000000227e+01
5.849799999999999756e+01
6.309700000000000131e+01
6.436799999999999500e+01
6.466899999999999693e+01
6.538700000000000045e+01
6.569799999999999329e+01
6.687399999999999523e+01
6.719799999999999329e+01
6.917199999999999704e+01
6.938500000000000512e+01
6.951999999999999602e+01
7.279099999999999682e+01
7.284699999999999420e+01
7.288299999999999557e+01
7.297299999999999898e+01
7.304900000000000659e+01
7.326999999999999602e+01
7.343600000000000705e+01
7.707800000000000296e+01
7.717900000000000205e+01
8.042600000000000193e+01
8.051999999999999602e+01
8.061799999999999500e+01
8.089700000000000557e+01
8.099200000000000443e+01
8.556399999999999295e+01
8.578199999999999648e+01
9.842300000000000182e+01
9.879600000000000648e+01
9.892100000000000648e+01
9.963700000000000045e+01
9.991899999999999693e+01
1.000559999999999974e+02
1.003349999999999937e+02
1.006580000000000013e+02
1.007860000000000014e+02
1.077519999999999953e+02
1.081350000000000051e+02
1.084629999999999939e+02
1.088389999999999986e+02
1.095250000000000057e+02
1.095870000000000033e+02
1.103209999999999980e+02
1.289739999999999895e+02
1.306959999999999980e+02
1.314509999999999934e+02
1.316100000000000136e+02
1.334039999999999964e+02
1.549079999999999870e+02
1.553810000000000002e+02
1.635140000000000100e+02
1.640430000000000064e+02
1.779799999999999898e+02
1.786049999999999898e+02
2.042589999999999861e+02
2.042729999999999961e+02
2.061239999999999952e+02
2.069639999999999986e+02
2.128650000000000091e+02
2.191850000000000023e+02
2.201450000000000102e+02
2.206719999999999970e+02
2.243740999999999985e+02
2.262110000000000127e+02
2.262270000000000039e+02
2.285039999999999907e+02
2.320629999999999882e+02
2.328019999999999925e+02
2.354891299999999887e+02
2.367949999999999875e+02
2.414646999999999935e+02
2.415370000000000061e+02
2.422922000000000082e+02
2.461298999999999921e+02
2.491153999999999940e+02
2.682461000000000126e+02
2.695000000000000000e+02
2.696181000000000267e+02
2.711100000000000136e+02
2.711340000000000146e+02
2.723799000000000206e+02
2.730895600000000059e+02
2.735636000000000081e+02
2.743313099999999736e+02
2.760889000000000237e+02
2.780930000000000177e+02
2.785980000000000132e+02
2.786383999999999901e+02
2.792017000000000166e+02
2.792259999999999991e+02
2.800923999999999978e+02
2.804100000000000250e+02
2.807830000000000155e+02
2.814485999999999990e+02
2.817869999999999777e+02
2.819680000000000177e+02
2.823396290000000022e+02
2.826193000000000097e+02
2.827148000000000252e+02
2.855255000000000223e+02
2.857128000000000156e+02
2.858706999999999994e+02
2.868509999999999991e+02
2.887301199999999994e+02
2.898512999999999806e+02
2.899642999999999802e+02
2.914259999999999877e+02
2.918589999999999804e+02
2.919409999999999741e+02
2.919904000000000224e+02
2.930837999999999965e+02
2.941390000000000100e+02
2.946870000000000118e+02
2.949268000000000143e+02
2.949340000000000259e+02
2.965830000000000268e+02
2.971290000000000191e+02
2.974762999999999806e+02
2.975455999999999790e+02
2.981422999999999774e+02
2.985124999999999886e+02
2.996130800000000249e+02
2.997812999999999874e+02
3.006137699999999882e+02
3.014809999999999945e+02
3.019730000000000132e+02
3.019830999999999790e+02
3.022604999999999791e+02
3.023161600000000249e+02
3.027336000000000240e+02
3.037459999999999809e+02
3.039350999999999772e+02
3.045720000000000027e+02
3.046248800000000188e+02
3.048000000000000114e+02
3.056116999999999848e+02
3.087749000000000024e+02
3.092618699999999876e+02
3.094649999999999750e+02
3.096770999999999958e+02
3.112699999999999818e+02
3.112932000000000130e+02
3.112932000000000130e+02
3.115185999999999922e+02
3.129637999999999920e+02
3.130837000000000216e+02
3.136075999999999908e+02
3.156560799999999745e+02
3.173753199999999879e+02
3.173962999999999965e+02
3.180335000000000036e+02
3.186865000000000236e+02
3.192222600000000057e+02
3.196537000000000148e+02
3.201193999999999846e+02
3.204245999999999981e+02
3.210303999999999860e+02
3.217608999999999924e+02
3.217660000000000196e+02
3.228009999999999877e+02
3.243208000000000197e+02
3.268039999999999736e+02
3.277740000000000009e+02
3.281854000000000156e+02
3.309327000000000112e+02
3.328833000000000197e+02
3.341338000000000079e+02
3.362952000000000226e+02
3.389555100000000039e+02
3.398007000000000062e+02
3.413442499999999882e+02
3.449791999999999916e+02
3.451929200000000151e+02
3.468863999999999805e+02
3.485044700000000262e+02
3.486720000000000255e+02
3.497078999999999951e+02
3.511520899999999870e+02
3.522539899999999875e+02
3.546951999999999998e+02
3.550015999999999963e+02
3.550672700000000077e+02
3.552803299999999922e+02
3.553705400000000054e+02
3.559757900000000177e+02
3.572450299999999856e+02
3.577073500000000195e+02
3.585536999999999921e+02
3.588767000000000280e+02
3.590707400000000007e+02
3.593940000000000055e+02
3.601757999999999811e+02
3.602943000000000211e+02
3.612072999999999752e+02
3.621972000000000094e+02
3.629734000000000265e+02
3.634157000000000153e+02
3.665654000000000110e+02
3.669526000000000181e+02
3.693574399999999969e+02
3.711342999999999961e+02
3.719149100000000203e+02
3.739673599999999851e+02
3.748616000000000099e+02
3.750957000000000221e+02
3.775402000000000271e+02
3.777629000000000019e+02
3.783335999999999899e+02
3.789769000000000005e+02
3.819424999999999955e+02
3.833976000000000113e+02
3.849141000000000190e+02
3.868059999999999832e+02
3.877881300000000238e+02
3.879384000000000015e+02
3.888866499999999746e+02
3.901850000000000023e+02
3.905702200000000062e+02
3.915690000000000168e+02
3.919357999999999720e+02
3.931211000000000126e+02
3.931770999999999958e+02
3.951467000000000098e+02
3.952708000000000084e+02
3.956204200000000242e+02
3.983718000000000075e+02
3.988608100000000150e+02
4.040740000000000123e+02
4.040966999999999985e+02
4.041250000000000000e+02
4.048771800000000098e+02
4.078509999999999991e+02
4.082337400000000116e+02
4.084857999999999834e+02
4.103521999999999821e+02
4.107543000000000006e+02
4.111965000000000146e+02
4.122769999999999868e+02
4.126068000000000211e+02
4.129469000000000278e+02
4.144008999999999787e+02
4.158795999999999822e+02
4.168687899999999900e+02
4.175309799999999996e+02
4.178704999999999927e+02
4.200455999999999790e+02
4.205876999999999839e+02
4.214204799999999977e+02
4.214710999999999785e+02
4.218987000000000194e+02
4.221817800000000034e+02
4.225442600000000084e+02
4.232493299999999863e+02
4.233733100000000036e+02
4.236920000000000073e+02
4.237121999999999957e+02
4.252398000000000025e+02
4.303500099999999975e+02
4.310831999999999766e+02
4.317517100000000028e+02
4.319077399999999898e+02
4.331988000000000056e+02
4.338494000000000028e+02
4.345856899999999996e+02
4.350004999999999882e+02
4.353544999999999732e+02
4.353627000000000180e+02
4.353926000000000158e+02
4.358951000000000136e+02
4.359947999999999979e+02
4.367250500000000102e+02
4.376161999999999921e+02
4.376843999999999824e+02
4.380557000000000016e+02
4.386705999999999790e+02
4.388971000000000231e+02
4.395240999999999758e+02
4.395903999999999883e+02
4.399243000000000166e+02
4.410937999999999874e+02
4.418671199999999999e+02
4.423824999999999932e+02
4.438586000000000240e+02
4.444898999999999774e+02
4.447870800000000031e+02
4.460260999999999854e+02
4.466519999999999868e+02
4.475131000000000085e+02
4.476976999999999975e+02
4.478206999999999880e+02
4.478698800000000233e+02
4.485697099999999864e+02
4.488537999999999784e+02
4.488718999999999824e+02
4.492999699999999734e+02
4.493678400000000011e+02
4.507212000000000103e+02
4.513826999999999998e+02
4.514840399999999931e+02
4.515273000000000252e+02
4.523297000000000025e+02
4.528509000000000242e+02
4.529053000000000111e+02
4.535358200000000011e+02
4.545579999999999927e+02
4.560640000000000214e+02
4.565670600000000263e+02
4.566212899999999877e+02
4.574818999999999960e+02
4.582608999999999924e+02
4.583054999999999950e+02
4.583444000000000074e+02
4.597816000000000258e+02
4.606082999999999856e+02
4.614282999999999788e+02
4.644997999999999934e+02
4.655087300000000141e+02
4.659622800000000211e+02
4.660185999999999922e+02
4.668779599999999732e+02
4.672158999999999764e+02
4.676157000000000039e+02
4.679666100000000029e+02
4.683632000000000062e+02
4.691078999999999724e+02
4.698113000000000170e+02
4.710168800000000147e+02
4.727163699999999835e+02
4.729836700000000178e+02
4.733603299999999763e+02
4.733722700000000145e+02
4.734078099999999836e+02
4.738949999999999818e+02
4.742726999999999862e+02
4.754119200000000092e+02
4.762309000000000196e+02
4.764286999999999921e+02
4.767410499999999729e+02
4.781499000000000024e+02
4.782369699999999852e+02
4.787914000000000101e+02
4.788213499999999954e+02
4.800642300000000091e+02
4.805656000000000176e+02
4.806145999999999958e+02
4.820985499999999888e+02
4.822975299999999947e+02
4.823469000000000051e+02
4.824651999999999816e+02
4.840499100000000112e+02
4.841218000000000075e+02
4.847022000000000048e+02
4.854037999999999897e+02
4.855599000000000274e+02
4.856216999999999757e+02
4.858070999999999913e+02
4.861198899999999981e+02
4.881014999999999873e+02
4.882796000000000163e+02
4.885045999999999822e+02
4.887656000000000063e+02
4.888004999999999995e+02
4.894802000000000248e+02
4.901485999999999876e+02
4.907477999999999838e+02
4.910360299999999825e+02
4.923251000000000204e+02
4.927703200000000265e+02
4.932311000000000263e+02
4.949936400000000276e+02
4.951385999999999967e+02
4.952042500000000018e+02
4.964873999999999796e+02
4.975691499999999792e+02
4.983354600000000119e+02
4.983518000000000256e+02
5.005831000000000017e+02
5.008358900000000062e+02
5.071600000000000250e+02
5.073608300000000213e+02
5.088836000000000013e+02
5.089619299999999953e+02
5.104300000000000068e+02
5.120535999999999603e+02
5.121829999999999927e+02
5.124637000000000171e+02
5.136630000000000109e+02
5.197867999999999711e+02
5.201856999999999971e+02
5.206459800000000087e+02
5.207172000000000480e+02
5.229984699999999975e+02
5.233566799999999830e+02
5.239560000000000173e+02
5.242258900000000494e+02
5.259937999999999647e+02
5.265040000000000191e+02
5.291286999999999807e+02
5.322261999999999489e+02
5.382125499999999647e+02
5.382740000000000009e+02
5.385140000000000100e+02
5.389886000000000195e+02
5.392311799999999948e+02
5.403378800000000410e+02
5.404275000000000091e+02
5.418538899999999785e+02
5.425869699999999511e+02
5.439737199999999575e+02
5.467760700000000043e+02
5.467985999999999649e+02
5.469990000000000236e+02
5.470624000000000251e+02
5.474904999999999973e+02
5.482252999999999474e+02
5.494673999999999978e+02
5.497106999999999744e+02
5.498931999999999789e+02
5.504992799999999988e+02
5.511425000000000409e+02
5.515179200000000037e+02
5.521413599999999633e+02
5.523096000000000458e+02
5.523228400000000420e+02
5.528337999999999965e+02
5.529095999999999549e+02
5.543168100000000322e+02
5.546044000000000551e+02
5.546150000000000091e+02
5.547548000000000457e+02
5.552539299999999685e+02
5.557960000000000491e+02
5.564349999999999454e+02
5.568819999999999482e+02
5.569304399999999760e+02
5.573790000000000191e+02
5.574580099999999447e+02
5.578964300000000094e+02
5.582626400000000331e+02
5.583423999999999978e+02
5.592504199999999628e+02
5.595677200000000084e+02
5.597029999999999745e+02
5.603640000000000327e+02
5.607890999999999622e+02
5.621521999999999935e+02
5.625450700000000097e+02
5.631701000000000477e+02
5.633814300000000230e+02
5.634470199999999522e+02
5.635761899999999969e+02
5.643339399999999841e+02
5.646253799999999501e+02
5.650022300000000541e+02
5.664493999999999687e+02
5.676842100000000073e+02
5.677215700000000425e+02
5.695213099999999713e+02
5.708296000000000276e+02
5.716529000000000451e+02
5.722201700000000528e+02
5.730475000000000136e+02
5.730842499999999973e+02
5.733679700000000139e+02
5.741809700000000021e+02
5.745453999999999724e+02
5.759185599999999567e+02
5.767254599999999982e+02
5.775543599999999742e+02
5.783289999999999509e+02
5.789306900000000269e+02
5.789965999999999440e+02
5.823452300000000150e+02
5.833866600000000062e+02
5.845750600000000077e+02
5.873447800000000143e+02
5.881558999999999742e+02
5.904547499999999900e+02
5.947333499999999731e+02
5.951635800000000245e+02
5.983537999999999784e+02
6.010847700000000486e+02
6.025076000000000249e+02
6.089619800000000396e+02
6.136698000000000093e+02
6.140134100000000217e+02
6.193432999999999993e+02
6.224298999999999751e+02
6.252780000000000200e+02
6.403777000000000044e+02
6.436801000000000386e+02
6.438948799999999437e+02
6.540374000000000478e+02
6.559180000000000064e+02
6.578678999999999633e+02
6.586674400000000560e+02
6.615557999999999765e+02
6.624309899999999516e+02
6.638332000000000335e+02
6.652436999999999898e+02
6.666259999999999764e+02
6.689415999999999940e+02
6.693678099999999631e+02
6.696678699999999935e+02
6.701137099999999691e+02
6.702551999999999452e+02
6.714998500000000377e+02
6.737826300000000401e+02
6.795579000000000178e+02
6.797290000000000418e+02
6.805027599999999666e+02
6.817026399999999740e+02
6.834365000000000236e+02
6.847083800000000338e+02
6.860113000000000056e+02
6.889076300000000401e+02
6.897879000000000360e+02
6.910181999999999789e+02
6.935466099999999869e+02
6.952181000000000495e+02
6.953570999999999458e+02
6.959950000000000045e+02
6.981784099999999853e+02
7.010861599999999498e+02
7.011816000000000031e+02
7.037089999999999463e+02
7.054880000000000564e+02
7.056133999999999560e+02
7.077083000000000084e+02
7.129935000000000400e+02
7.193622500000000173e+02
7.197857000000000198e+02
7.256580000000000155e+02
7.266160999999999603e+02
7.295081999999999880e+02
7.332518999999999778e+02
7.334968999999999824e+02
7.348481000000000449e+02
7.400750000000000455e+02
7.452327000000000226e+02
7.496911999999999807e+02
7.538713999999999942e+02
7.560789999999999509e+02
7.565197200000000066e+02
7.619705000000000155e+02
7.625058999999999969e+02
7.654960999999999558e+02
7.691588000000000420e+02
7.700036999999999807e+02
7.722012999999999465e+02
7.726182999999999765e+02
7.790544999999999618e+02
7.798436000000000377e+02
7.804633999999999787e+02
7.814281999999999471e+02
7.857628999999999451e+02
7.866689999999999827e+02
7.884045999999999594e+02
7.918890000000000100e+02
7.991609999999999445e+02
7.993630000000000564e+02
8.001557999999999993e+02
8.173659999999999854e+02
8.331860000000000355e+02
8.346697000000000344e+02
8.367849999999999682e+02
8.452657000000000380e+02
8.531131000000000313e+02
8.647459999999999809e+02
8.798630000000000564e+02
8.803007000000000062e+02
8.838301000000000158e+02
9.119089999999999918e+02
