4.126700000000000301e+01
4.234199999999999875e+01
4.235399999999999920e+01
4.259000000000000341e+01
4.285399999999999920e+01
4.287899999999999778e+01
4.292999999999999972e+01
4.305899999999999750e+01
4.315400000000000347e+01
4.316199999999999903e+01
4.344100000000000250e+01
4.350200000000000244e+01
4.357600000000000051e+01
4.362500000000000000e+01
4.363799999999999812e+01
4.368200000000000216e+01
4.411500000000000199e+01
4.415200000000000102e+01
4.415599999999999881e+01
4.417000000000000171e+01
4.423899999999999721e+01
4.443900000000000006e+01
4.444599999999999795e+01
4.465800000000000125e+01
4.478499999999999659e+01
4.491299999999999670e+01
4.499799999999999756e+01
4.509899999999999665e+01
4.516199999999999903e+01
4.528000000000000114e+01
4.566700000000000159e+01
4.573199999999999932e+01
4.669299999999999784e+01
4.684300000000000352e+01
4.720900000000000318e+01
4.726599999999999824e+01
4.730199999999999960e+01
4.735099999999999909e+01
4.745600000000000307e+01
4.757800000000000296e+01
4.764200000000000301e+01
4.786500000000000199e+01
4.789000000000000057e+01
4.821000000000000085e+01
4.826800000000000068e+01
4.854800000000000182e+01
4.891899999999999693e+01
4.909599999999999653e+01
4.933700000000000330e+01
4.967199999999999704e+01
4.977000000000000313e+01
6.776300000000000523e+01
6.779600000000000648e+01
7.139000000000000057e+01
7.482899999999999352e+01
7.656000000000000227e+01
7.920499999999999829e+01
7.938500000000000512e+01
8.099200000000000443e+01
1.109099999999999966e+02
1.193229999999999933e+02
1.193289999999999935e+02
1.203439999999999941e+02
1.212710000000000008e+02
1.214140000000000015e+02
1.224350000000000023e+02
1.227620000000000005e+02
1.228649999999999949e+02
1.231460000000000008e+02
1.237259999999999991e+02
1.239120000000000061e+02
1.246260000000000048e+02
1.247009999999999934e+02
1.249689999999999941e+02
1.253670000000000044e+02
1.257309999999999945e+02
1.259680000000000035e+02
1.265739999999999981e+02
1.269150000000000063e+02
1.272210000000000036e+02
1.272980000000000018e+02
1.275780000000000030e+02
1.277309999999999945e+02
1.278509999999999991e+02
1.280469999999999970e+02
1.291829999999999927e+02
1.292489999999999952e+02
1.294319999999999879e+02
1.296620000000000061e+02
1.296730000000000018e+02
1.301879999999999882e+02
1.306659999999999968e+02
1.318000000000000114e+02
1.320740000000000123e+02
1.321220000000000141e+02
1.322330000000000041e+02
1.322429999999999950e+02
1.326740000000000066e+02
1.329110000000000014e+02
1.333319999999999936e+02
1.344079999999999870e+02
1.347980000000000018e+02
1.349900000000000091e+02
1.352270000000000039e+02
1.356200000000000045e+02
1.357820000000000107e+02
1.363429999999999893e+02
1.363950000000000102e+02
1.366680000000000064e+02
1.368170000000000073e+02
1.369530000000000030e+02
1.370420000000000016e+02
1.375329999999999870e+02
1.375980000000000132e+02
1.377649999999999864e+02
1.391239999999999952e+02
1.393069999999999879e+02
1.394540000000000077e+02
1.400140000000000100e+02
1.403979999999999961e+02
1.404120000000000061e+02
1.409399999999999977e+02
1.410329999999999870e+02
1.410440000000000111e+02
1.419600000000000080e+02
1.427789999999999964e+02
1.432150000000000034e+02
1.438580000000000041e+02
1.439089999999999918e+02
1.445039999999999907e+02
1.455649999999999977e+02
1.456719999999999970e+02
1.456910000000000025e+02
1.457570000000000050e+02
1.459979999999999905e+02
1.464199999999999875e+02
1.465749999999999886e+02
1.473410000000000082e+02
1.476430000000000007e+02
1.477019999999999982e+02
1.481250000000000000e+02
1.489259999999999877e+02
1.490960000000000036e+02
1.498789999999999907e+02
1.499420000000000073e+02
1.500420000000000016e+02
1.505920000000000130e+02
1.514759999999999991e+02
1.515850000000000080e+02
1.529840000000000089e+02
1.533089999999999975e+02
1.533679999999999950e+02
1.552299999999999898e+02
1.552940000000000111e+02
1.553110000000000070e+02
1.560790000000000077e+02
1.562549999999999955e+02
1.572990000000000066e+02
1.581529999999999916e+02
1.582059999999999889e+02
1.589569999999999936e+02
1.598520000000000039e+02
1.600869999999999891e+02
1.617680000000000007e+02
1.619610000000000127e+02
1.622510000000000048e+02
1.629190000000000111e+02
1.639329999999999927e+02
1.644819999999999993e+02
1.651740000000000066e+02
1.658249999999999886e+02
1.673050000000000068e+02
1.688590000000000089e+02
1.695399999999999920e+02
1.706649999999999920e+02
1.713249999999999886e+02
1.715759999999999934e+02
1.735610000000000070e+02
1.736889999999999930e+02
1.737899999999999920e+02
1.747119999999999891e+02
1.749629999999999939e+02
1.753839999999999861e+02
1.762189999999999941e+02
1.767690000000000055e+02
1.774039999999999964e+02
1.790759999999999934e+02
1.797640000000000100e+02
1.811049999999999898e+02
1.816479999999999961e+02
1.831380000000000052e+02
1.833569999999999993e+02
1.836009999999999991e+02
1.836649999999999920e+02
1.839319999999999879e+02
1.847560000000000002e+02
1.864120000000000061e+02
1.866080000000000041e+02
1.872129999999999939e+02
1.894259999999999877e+02
1.901519999999999868e+02
1.914809999999999945e+02
1.918959999999999866e+02
1.920269999999999868e+02
1.929670000000000130e+02
1.945579999999999927e+02
1.951910000000000025e+02
1.953000000000000114e+02
1.954869999999999948e+02
1.964540000000000077e+02
1.969399999999999977e+02
1.982110000000000127e+02
1.985610000000000070e+02
1.986990000000000123e+02
1.993369999999999891e+02
1.996920000000000073e+02
2.012589999999999861e+02
2.026129999999999995e+02
2.039970000000000141e+02
2.062659999999999911e+02
2.064890000000000043e+02
2.079739999999999895e+02
2.080589999999999975e+02
2.087990000000000066e+02
2.097599999999999909e+02
2.100610000000000070e+02
2.102849999999999966e+02
2.105089999999999861e+02
2.123410000000000082e+02
2.139230000000000018e+02
2.148100000000000023e+02
2.210869999999999891e+02
2.273849999999999909e+02
2.502740000000000009e+02
2.516570000000000107e+02
2.528720000000000141e+02
2.558720000000000141e+02
2.568570000000000277e+02
2.568750000000000000e+02
2.570640000000000214e+02
2.583210000000000264e+02
2.583260000000000218e+02
2.609340000000000259e+02
2.609420000000000073e+02
2.671320000000000050e+02
2.684959999999999809e+02
2.713290000000000077e+02
2.757259999999999991e+02
2.771680000000000064e+02
2.771800000000000068e+02
2.801700000000000159e+02
2.801890000000000214e+02
2.801999999999999886e+02
2.802789999999999964e+02
2.903149999999999977e+02
3.019239999999999782e+02
3.036659999999999968e+02
3.072950000000000159e+02
3.076789999999999736e+02
3.172370000000000232e+02
3.173149999999999977e+02
3.197230000000000132e+02
3.198020000000000209e+02
3.283279999999999745e+02
3.300369999999999777e+02
3.303530000000000086e+02
3.303890000000000100e+02
3.306960000000000264e+02
3.345980000000000132e+02
3.346530000000000200e+02
3.346899999999999977e+02
3.800079999999999814e+02
3.807420000000000186e+02
3.841379999999999768e+02
3.884440000000000168e+02
3.966549999999999727e+02
4.114370000000000118e+02
4.294089999999999918e+02
4.299540000000000077e+02
4.631109999999999900e+02
4.681449999999999818e+02
4.723469999999999800e+02
4.811870000000000118e+02
4.912989999999999782e+02
4.925400000000000205e+02
5.070070000000000050e+02
5.070989999999999895e+02
5.183419999999999845e+02
5.310130000000000337e+02
5.311720000000000255e+02
5.312500000000000000e+02
5.773700000000000045e+02
5.777100000000000364e+02
5.778709999999999809e+02
5.895960000000000036e+02
6.022849999999999682e+02
6.104180000000000064e+02
6.113220000000000027e+02
6.216330000000000382e+02
6.239629999999999654e+02
6.240900000000000318e+02
6.364099999999999682e+02
6.480969999999999800e+02
6.930230000000000246e+02
6.940380000000000109e+02
6.945119999999999436e+02
7.480900000000000318e+02
7.590599999999999454e+02
7.615000000000000000e+02
7.734600000000000364e+02
7.760000000000000000e+02
7.801509999999999536e+02
1.105728000000000065e+03
1.305720000000000027e+03
1.315419000000000096e+03
1.320021999999999935e+03
1.404253999999999905e+03
1.568457000000000107e+03
1.648795000000000073e+03
1.649648999999999887e+03
1.650973999999999933e+03
2.405072000000000116e+03
2.438166999999999916e+03
