1.659299999999999997e+01
1.703419999999999845e+01
1.740660000000000096e+01
1.744889999999999830e+01
1.782359999999999900e+01
1.787760000000000105e+01
1.787940000000000040e+01
1.791440000000000055e+01
1.793080000000000140e+01
1.822129999999999939e+01
1.825499999999999901e+01
1.826569999999999894e+01
1.827439999999999998e+01
1.832620000000000005e+01
1.833360000000000056e+01
1.833360000000000056e+01
1.836799999999999855e+01
1.839079999999999870e+01
1.840630000000000166e+01
1.870749999999999957e+01
1.873610000000000042e+01
1.875489999999999924e+01
1.878300000000000125e+01
1.879050000000000153e+01
1.884900000000000020e+01
1.889120000000000132e+01
1.890459999999999852e+01
1.891009999999999991e+01
1.892670000000000030e+01
1.895060000000000144e+01
1.915569999999999951e+01
1.916659999999999897e+01
1.921819999999999951e+01
1.926960000000000051e+01
1.941079999999999828e+01
1.941969999999999885e+01
1.950240000000000151e+01
1.975750000000000028e+01
2.362809999999999988e+01
2.453269999999999840e+01
2.536779999999999902e+01
2.540919999999999845e+01
2.598880000000000123e+01
2.633099999999999952e+01
2.641420000000000101e+01
2.649399999999999977e+01
2.704799999999999827e+01
2.708719999999999928e+01
2.741049999999999898e+01
2.745980000000000132e+01
2.763639999999999830e+01
2.791979999999999862e+01
2.823999999999999844e+01
2.887300000000000111e+01
2.909489999999999910e+01
2.919200000000000017e+01
2.921900000000000119e+01
2.943949999999999889e+01
2.987790000000000035e+01
3.023509999999999920e+01
3.040099999999999980e+01
3.052400000000000091e+01
3.071480000000000032e+01
3.085689999999999955e+01
3.131500000000000128e+01
3.133889999999999887e+01
3.292419999999999902e+01
3.337680000000000291e+01
3.409150000000000347e+01
3.434929999999999950e+01
3.482620000000000005e+01
3.532209999999999894e+01
3.578370000000000317e+01
3.587550000000000239e+01
3.640800000000000125e+01
3.660949999999999704e+01
3.665220000000000056e+01
3.675229999999999819e+01
3.681799999999999784e+01
3.684940000000000282e+01
3.685999999999999943e+01
3.755460000000000065e+01
3.783420000000000272e+01
3.789920000000000044e+01
3.860070000000000334e+01
3.887539999999999907e+01
3.898810000000000286e+01
3.910940000000000083e+01
3.971119999999999806e+01
3.985880000000000223e+01
3.989189999999999969e+01
3.999669999999999703e+01
4.017009999999999792e+01
4.111359999999999815e+01
4.233440000000000225e+01
4.455989999999999895e+01
4.479599999999999937e+01
4.789659999999999940e+01
4.806600000000000250e+01
4.972290000000000276e+01
5.002190000000000225e+01
5.003390000000000271e+01
5.146110000000000184e+01
5.167629999999999768e+01
5.169700000000000273e+01
5.192499999999999716e+01
5.220000000000000284e+01
5.229290000000000305e+01
5.248349999999999937e+01
5.304039999999999822e+01
5.325280000000000058e+01
5.334499999999999886e+01
5.352159999999999940e+01
5.364999999999999858e+01
5.386180000000000234e+01
5.393500000000000227e+01
5.397650000000000148e+01
5.407909999999999684e+01
5.417560000000000286e+01
5.422639999999999816e+01
5.441170000000000329e+01
5.461820000000000164e+01
5.465079999999999671e+01
5.567289999999999850e+01
5.595689999999999742e+01
5.604279999999999973e+01
5.607690000000000197e+01
5.616009999999999991e+01
5.624439999999999884e+01
5.645369999999999777e+01
5.653000000000000114e+01
5.665460000000000207e+01
5.666700000000000159e+01
5.668189999999999884e+01
5.676200000000000045e+01
5.682840000000000202e+01
5.692810000000000059e+01
5.733599999999999852e+01
5.751789999999999736e+01
5.760900000000000176e+01
5.772330000000000183e+01
5.778629999999999711e+01
5.787369999999999948e+01
5.788110000000000355e+01
5.791420000000000101e+01
5.799130000000000251e+01
5.803209999999999980e+01
5.812360000000000326e+01
5.814800000000000324e+01
5.816100000000000136e+01
5.830630000000000024e+01
5.839699999999999847e+01
5.841109999999999758e+01
5.842510000000000048e+01
5.845170000000000243e+01
5.846549999999999869e+01
5.854260000000000019e+01
5.862290000000000134e+01
5.864209999999999923e+01
5.886249999999999716e+01
5.888920000000000243e+01
5.893670000000000186e+01
5.897460000000000235e+01
5.910790000000000077e+01
5.934049999999999869e+01
5.959870000000000090e+01
5.962360000000000326e+01
5.986860000000000070e+01
6.002819999999999823e+01
6.017589999999999861e+01
6.019140000000000157e+01
6.020400000000000063e+01
6.023870000000000147e+01
6.029319999999999879e+01
6.040019999999999811e+01
6.045150000000000290e+01
6.064929999999999666e+01
6.073780000000000001e+01
6.095250000000000057e+01
6.095519999999999783e+01
6.106389999999999674e+01
6.108339999999999748e+01
6.116140000000000043e+01
6.121450000000000102e+01
6.122339999999999804e+01
6.142069999999999652e+01
6.150469999999999970e+01
6.165469999999999828e+01
6.174219999999999686e+01
6.179990000000000094e+01
6.181719999999999970e+01
6.191810000000000258e+01
6.207410000000000139e+01
6.212230000000000274e+01
6.220369999999999777e+01
6.270810000000000173e+01
6.273579999999999757e+01
6.275829999999999842e+01
6.276670000000000016e+01
6.286659999999999826e+01
6.299819999999999709e+01
6.315709999999999980e+01
6.328349999999999653e+01
6.335669999999999646e+01
6.336410000000000053e+01
6.339679999999999893e+01
6.342130000000000223e+01
6.351509999999999678e+01
6.353179999999999694e+01
6.382220000000000226e+01
6.399199999999999733e+01
6.407640000000000668e+01
6.411469999999999914e+01
6.416610000000000014e+01
6.420799999999999841e+01
6.437460000000000093e+01
6.438689999999999714e+01
6.452490000000000236e+01
6.468810000000000571e+01
6.477450000000000330e+01
6.478159999999999741e+01
6.510999999999999943e+01
6.542640000000000100e+01
6.559399999999999409e+01
6.565330000000000155e+01
6.615600000000000591e+01
6.621959999999999980e+01
6.635930000000000462e+01
6.638920000000000243e+01
6.639350000000000307e+01
6.651850000000000307e+01
6.661239999999999384e+01
6.668349999999999511e+01
6.671850000000000591e+01
6.689700000000000557e+01
6.703919999999999391e+01
6.714870000000000516e+01
6.737539999999999907e+01
6.739610000000000412e+01
6.741299999999999670e+01
6.743779999999999575e+01
6.755299999999999727e+01
6.793899999999999295e+01
6.830459999999999354e+01
6.839260000000000161e+01
6.862439999999999429e+01
6.864029999999999632e+01
6.875740000000000407e+01
6.878119999999999834e+01
6.879219999999999402e+01
6.882699999999999818e+01
6.883669999999999334e+01
6.890680000000000405e+01
6.896290000000000475e+01
6.900520000000000209e+01
6.903640000000000043e+01
6.911660000000000537e+01
6.911660000000000537e+01
6.913870000000000005e+01
6.913870000000000005e+01
6.920000000000000284e+01
6.944110000000000582e+01
6.946450000000000102e+01
6.950339999999999918e+01
6.952419999999999334e+01
6.968510000000000559e+01
6.976739999999999498e+01
6.980819999999999936e+01
7.000549999999999784e+01
7.015869999999999607e+01
7.016740000000000066e+01
7.030299999999999727e+01
7.052139999999999986e+01
7.082750000000000057e+01
7.083589999999999520e+01
7.084560000000000457e+01
7.094880000000000564e+01
7.109380000000000166e+01
7.124890000000000612e+01
7.154770000000000607e+01
7.156040000000000134e+01
7.162160000000000082e+01
7.172400000000000375e+01
7.200520000000000209e+01
7.200820000000000221e+01
7.204330000000000211e+01
7.231040000000000134e+01
7.235460000000000491e+01
7.238729999999999620e+01
7.242489999999999384e+01
7.242889999999999873e+01
7.243640000000000612e+01
7.269379999999999598e+01
7.289579999999999416e+01
7.297239999999999327e+01
7.310739999999999839e+01
7.315219999999999345e+01
7.323720000000000141e+01
7.329869999999999663e+01
7.332340000000000657e+01
7.362760000000000105e+01
7.363779999999999859e+01
7.366190000000000282e+01
7.369320000000000448e+01
7.403300000000000125e+01
7.406100000000000705e+01
7.427400000000000091e+01
7.445279999999999632e+01
7.462460000000000093e+01
7.475570000000000448e+01
7.511289999999999623e+01
7.524800000000000466e+01
7.543899999999999295e+01
7.601569999999999538e+01
7.628619999999999379e+01
7.645799999999999841e+01
7.662000000000000455e+01
7.737999999999999545e+01
7.755800000000000693e+01
7.792100000000000648e+01
7.842589999999999861e+01
7.845000000000000284e+01
7.890900000000000603e+01
7.923050000000000637e+01
7.965409999999999968e+01
7.972299999999999898e+01
8.000000000000000000e+01
8.028319999999999368e+01
8.030100000000000193e+01
8.038060000000000116e+01
8.039740000000000464e+01
8.054449999999999932e+01
8.059860000000000468e+01
8.068899999999999295e+01
8.085680000000000689e+01
8.090560000000000684e+01
8.092549999999999955e+01
8.097499999999999432e+01
8.102259999999999707e+01
8.105620000000000402e+01
8.107569999999999766e+01
8.109659999999999513e+01
8.120499999999999829e+01
8.122259999999999991e+01
8.148399999999999466e+01
8.154739999999999611e+01
8.164610000000000412e+01
8.190779999999999461e+01
8.195340000000000202e+01
8.201550000000000296e+01
8.204819999999999425e+01
8.208610000000000184e+01
8.210599999999999454e+01
8.220600000000000307e+01
8.234600000000000364e+01
8.236530000000000484e+01
8.237800000000000011e+01
8.240689999999999316e+01
8.241400000000000148e+01
8.251300000000000523e+01
8.251949999999999363e+01
8.256050000000000466e+01
8.257769999999999300e+01
8.278549999999999898e+01
8.282789999999999964e+01
8.291939999999999600e+01
8.294480000000000075e+01
8.305899999999999750e+01
8.308859999999999957e+01
8.325549999999999784e+01
8.326179999999999382e+01
8.334520000000000550e+01
8.340439999999999543e+01
8.341589999999999350e+01
8.347679999999999723e+01
8.358110000000000639e+01
8.365699999999999648e+01
8.365699999999999648e+01
8.375610000000000355e+01
8.381699999999999307e+01
8.382590000000000430e+01
8.390779999999999461e+01
8.395250000000000057e+01
8.407349999999999568e+01
8.414000000000000057e+01
8.417379999999999995e+01
8.419110000000000582e+01
8.431940000000000168e+01
8.439520000000000266e+01
8.440720000000000312e+01
8.447539999999999338e+01
8.452389999999999759e+01
8.458639999999999759e+01
8.464010000000000389e+01
8.465049999999999386e+01
8.473359999999999559e+01
8.474490000000000123e+01
8.488890000000000668e+01
8.491570000000000107e+01
8.491570000000000107e+01
8.498950000000000671e+01
8.500010000000000332e+01
8.505830000000000268e+01
8.507840000000000202e+01
8.516230000000000189e+01
8.520600000000000307e+01
8.528700000000000614e+01
8.530719999999999459e+01
8.536799999999999500e+01
8.552079999999999416e+01
8.568229999999999791e+01
8.574609999999999843e+01
8.583100000000000307e+01
8.594039999999999679e+01
8.595159999999999911e+01
8.600149999999999295e+01
8.606180000000000518e+01
8.607999999999999829e+01
8.630289999999999395e+01
8.632059999999999889e+01
8.636419999999999675e+01
8.638930000000000575e+01
8.645860000000000412e+01
8.648369999999999891e+01
8.667860000000000298e+01
8.674699999999999989e+01
8.686119999999999663e+01
8.689759999999999707e+01
8.691840000000000543e+01
8.694580000000000553e+01
8.709390000000000498e+01
8.727360000000000184e+01
8.731100000000000705e+01
8.735410000000000252e+01
8.735930000000000462e+01
8.742149999999999466e+01
8.754800000000000182e+01
8.770109999999999673e+01
8.790340000000000487e+01
8.793510000000000559e+01
8.808969999999999345e+01
8.812980000000000302e+01
8.825839999999999463e+01
8.827559999999999718e+01
8.835450000000000159e+01
8.841230000000000189e+01
8.856210000000000093e+01
8.856799999999999784e+01
8.870569999999999311e+01
8.907959999999999923e+01
8.909879999999999711e+01
8.915160000000000196e+01
8.925060000000000571e+01
8.925069999999999482e+01
8.932259999999999422e+01
8.969740000000000180e+01
9.004800000000000182e+01
9.011490000000000578e+01
9.050889999999999702e+01
9.066599999999999682e+01
9.071980000000000643e+01
9.075650000000000261e+01
9.090829999999999700e+01
9.093290000000000362e+01
9.112139999999999418e+01
9.112699999999999534e+01
9.122880000000000678e+01
9.134610000000000696e+01
9.149949999999999761e+01
9.151239999999999952e+01
9.153000000000000114e+01
9.180559999999999832e+01
9.195740000000000691e+01
9.209999999999999432e+01
9.231000000000000227e+01
9.251220000000000709e+01
9.276569999999999538e+01
9.279999999999999716e+01
9.384780000000000655e+01
9.404099999999999682e+01
9.432129999999999370e+01
9.450159999999999627e+01
9.496999999999999886e+01
9.721739999999999782e+01
9.729240000000000066e+01
9.739019999999999300e+01
9.780599999999999739e+01
9.806999999999999318e+01
9.825790000000000646e+01
9.828499999999999659e+01
9.832559999999999434e+01
9.841800000000000637e+01
9.884310000000000684e+01
9.909839999999999804e+01
9.913559999999999661e+01
9.922719999999999629e+01
9.955899999999999750e+01
9.958889999999999532e+01
9.978119999999999834e+01
9.995499999999999829e+01
9.999169999999999447e+01
1.000717999999999961e+02
1.002480000000000047e+02
1.004592999999999989e+02
1.005138000000000034e+02
1.006038999999999959e+02
1.007276999999999987e+02
1.007956999999999965e+02
1.009338999999999942e+02
1.011150999999999982e+02
1.012078999999999951e+02
1.012720000000000056e+02
1.017202000000000055e+02
1.017904999999999944e+02
1.020467000000000013e+02
1.021265999999999963e+02
1.022553999999999945e+02
1.023435999999999950e+02
1.025820999999999970e+02
1.029063000000000017e+02
1.030122000000000071e+02
1.030639000000000038e+02
1.030718999999999994e+02
1.032575999999999965e+02
1.033768000000000029e+02
1.033970000000000056e+02
1.038689999999999998e+02
1.038851999999999975e+02
1.040905999999999949e+02
1.041006000000000000e+02
1.044410000000000025e+02
1.044492000000000047e+02
1.047770000000000010e+02
1.049789999999999992e+02
1.050576999999999970e+02
1.051358000000000033e+02
1.052486999999999995e+02
1.053457999999999970e+02
1.053555999999999955e+02
1.055366999999999962e+02
1.055965999999999951e+02
1.059472999999999985e+02
1.061816000000000031e+02
1.061816000000000031e+02
1.064693999999999932e+02
1.064821000000000026e+02
1.066323000000000008e+02
1.068550000000000040e+02
1.068842000000000070e+02
1.068963999999999999e+02
1.072249999999999943e+02
1.072874000000000052e+02
1.073191999999999950e+02
1.074556000000000040e+02
1.075040999999999940e+02
1.080571999999999946e+02
1.081129999999999995e+02
1.081129999999999995e+02
1.081394999999999982e+02
1.083449999999999989e+02
1.084706999999999937e+02
1.085588999999999942e+02
1.085784000000000020e+02
1.087049999999999983e+02
1.088439999999999941e+02
1.088757999999999981e+02
1.090297000000000054e+02
1.092917000000000058e+02
1.093539999999999992e+02
1.094783999999999935e+02
1.095490999999999957e+02
1.097313999999999936e+02
1.099588999999999999e+02
1.099761000000000024e+02
1.100005000000000024e+02
1.100350999999999999e+02
1.101744999999999948e+02
1.104806999999999988e+02
1.108790000000000049e+02
1.111222000000000065e+02
1.111744999999999948e+02
1.112052999999999940e+02
1.114479999999999933e+02
1.114688000000000017e+02
1.115160999999999945e+02
1.115532000000000039e+02
1.116101000000000028e+02
1.117412999999999954e+02
1.118688999999999965e+02
1.118987000000000052e+02
1.125394000000000005e+02
1.126166000000000054e+02
1.134603000000000037e+02
1.135257000000000005e+02
1.141120999999999981e+02
1.142544000000000040e+02
1.143696000000000055e+02
1.143930000000000007e+02
1.144578999999999951e+02
1.150769999999999982e+02
1.151570999999999998e+02
1.151851000000000056e+02
1.154620000000000033e+02
1.154902000000000015e+02
1.155224999999999937e+02
1.158573999999999984e+02
1.162848000000000042e+02
1.164082999999999970e+02
1.167411000000000030e+02
1.183974000000000046e+02
1.187403999999999940e+02
1.187997000000000014e+02
1.194240000000000066e+02
1.200759999999999934e+02
1.201770999999999958e+02
1.204077999999999946e+02
1.212716000000000065e+02
1.213011000000000053e+02
1.219861999999999966e+02
1.233910000000000053e+02
1.238930000000000007e+02
1.246043999999999983e+02
1.253610000000000042e+02
1.259699999999999989e+02
1.260909999999999940e+02
1.265379999999999967e+02
1.276587999999999994e+02
1.285591000000000008e+02
1.285887999999999920e+02
1.290566000000000031e+02
1.291704000000000008e+02
1.295809999999999889e+02
1.302800000000000011e+02
1.303930000000000007e+02
1.306759999999999877e+02
1.314038999999999930e+02
1.315140000000000100e+02
1.320740000000000123e+02
1.323810000000000002e+02
1.330353000000000065e+02
1.332059999999999889e+02
1.334204000000000008e+02
1.337177000000000078e+02
1.337340000000000089e+02
1.355209999999999866e+02
1.355980000000000132e+02
1.356949999999999932e+02
1.361390000000000100e+02
1.369062999999999874e+02
1.371517000000000053e+02
1.376539999999999964e+02
1.378874000000000137e+02
1.385762000000000000e+02
1.396790000000000020e+02
1.403482999999999947e+02
1.403745000000000118e+02
1.406536000000000115e+02
1.408386000000000138e+02
1.410029999999999859e+02
1.411561000000000092e+02
1.413400000000000034e+02
1.416417999999999893e+02
1.417702999999999918e+02
1.417865999999999929e+02
1.418770000000000095e+02
1.420130000000000052e+02
1.420865000000000009e+02
1.426065999999999860e+02
1.440653000000000077e+02
1.441067999999999927e+02
1.444833999999999889e+02
1.451363000000000056e+02
1.460049999999999955e+02
1.465374999999999943e+02
1.469473999999999876e+02
1.483077999999999861e+02
1.486899999999999977e+02
1.489105999999999881e+02
1.489262999999999977e+02
1.491330000000000098e+02
1.494632000000000005e+02
1.495035000000000025e+02
1.495632999999999981e+02
1.503859999999999957e+02
1.508385000000000105e+02
1.510516000000000076e+02
1.514568999999999903e+02
1.514927999999999884e+02
1.520469999999999970e+02
1.521701999999999941e+02
1.526201000000000079e+02
1.529396999999999878e+02
1.536037000000000035e+02
1.538422999999999945e+02
1.541254999999999882e+02
1.546171999999999969e+02
1.548858999999999924e+02
1.550120000000000005e+02
1.563225999999999942e+02
1.565478999999999985e+02
1.583362999999999943e+02
1.591796999999999969e+02
1.593557000000000130e+02
1.595481000000000051e+02
1.596290999999999940e+02
1.598951000000000136e+02
1.604549000000000092e+02
1.605260000000000105e+02
1.605357999999999947e+02
1.607949999999999875e+02
1.609504000000000019e+02
1.609852999999999952e+02
1.612329000000000008e+02
1.615269000000000119e+02
1.620586000000000126e+02
1.621197999999999979e+02
1.621441000000000088e+02
1.631277000000000044e+02
1.633029999999999973e+02
1.636548999999999978e+02
1.638300999999999874e+02
1.645330999999999904e+02
1.653901999999999930e+02
1.654459999999999980e+02
1.656774000000000058e+02
1.663952999999999918e+02
1.665978000000000065e+02
1.670928999999999860e+02
1.672351999999999919e+02
1.675057999999999936e+02
1.675695000000000050e+02
1.679024000000000001e+02
1.681348999999999876e+02
1.682238000000000113e+02
1.683307000000000073e+02
1.703137999999999863e+02
1.703265000000000100e+02
1.712437999999999931e+02
1.722703999999999951e+02
1.724855000000000018e+02
1.725020000000000095e+02
1.733089999999999975e+02
1.733927999999999940e+02
1.741944000000000017e+02
1.749353000000000122e+02
1.751844000000000108e+02
1.754310000000000116e+02
1.759096000000000117e+02
1.764687000000000126e+02
1.766871999999999900e+02
1.770223000000000013e+02
1.770223000000000013e+02
1.771862000000000137e+02
1.772077999999999918e+02
1.773863000000000056e+02
1.779430999999999869e+02
1.780139000000000067e+02
1.783251999999999953e+02
1.786200000000000045e+02
1.786787999999999954e+02
1.790110999999999990e+02
1.790809999999999889e+02
1.793521000000000072e+02
1.797798999999999978e+02
1.798046999999999969e+02
1.799934000000000083e+02
1.800658999999999992e+02
1.805192999999999870e+02
1.806090000000000089e+02
1.817489999999999952e+02
1.818059000000000083e+02
1.822295000000000016e+02
1.831813999999999965e+02
1.832130999999999972e+02
1.833053999999999917e+02
1.836153999999999940e+02
1.846372000000000071e+02
1.848026000000000124e+02
1.851906999999999925e+02
1.852306000000000097e+02
1.853357000000000028e+02
1.856966999999999928e+02
1.859071000000000140e+02
1.860480000000000018e+02
1.860860000000000127e+02
1.861671000000000049e+02
1.863971999999999980e+02
1.865379000000000076e+02
1.865812999999999988e+02
1.876963000000000079e+02
1.878329999999999984e+02
1.879856000000000051e+02
1.880935000000000059e+02
1.891937000000000069e+02
1.894288999999999987e+02
1.913273000000000081e+02
1.914166999999999916e+02
1.921920000000000073e+02
1.925895999999999901e+02
1.926239999999999952e+02
1.926565999999999974e+02
1.927429999999999950e+02
1.932492000000000019e+02
1.934250999999999863e+02
1.934879999999999995e+02
1.935097000000000094e+02
1.936433000000000106e+02
1.936638000000000090e+02
1.937214999999999918e+02
1.937784000000000049e+02
1.940003000000000100e+02
1.940234000000000094e+02
1.941055000000000064e+02
1.944266000000000076e+02
1.946048000000000116e+02
1.946572999999999922e+02
1.946907999999999959e+02
1.951824000000000012e+02
1.953892999999999915e+02
1.961238999999999919e+02
1.961922999999999888e+02
1.962829000000000121e+02
1.965076999999999998e+02
1.966197999999999979e+02
1.967750000000000057e+02
1.972604000000000042e+02
1.974491999999999905e+02
1.974912999999999954e+02
1.981174000000000035e+02
1.981684999999999945e+02
1.982573999999999899e+02
1.983057000000000016e+02
1.986731000000000051e+02
1.989786000000000001e+02
1.990878999999999905e+02
1.994420000000000073e+02
1.996942999999999984e+02
2.000120000000000005e+02
2.002558999999999969e+02
2.003881000000000085e+02
2.005117999999999938e+02
2.005269000000000119e+02
2.007461000000000126e+02
2.008820000000000050e+02
2.009939999999999998e+02
2.013900999999999897e+02
2.017220000000000084e+02
2.019705999999999904e+02
2.022053999999999974e+02
2.024437000000000069e+02
2.027358999999999867e+02
2.029190000000000111e+02
2.030521999999999991e+02
2.030696000000000083e+02
2.034361000000000104e+02
2.036005000000000109e+02
2.037516999999999996e+02
2.042588000000000079e+02
2.044394000000000062e+02
2.045777999999999963e+02
2.047804999999999893e+02
2.056673000000000116e+02
2.058689999999999998e+02
2.059321999999999946e+02
2.059594999999999914e+02
2.061479999999999961e+02
2.062072000000000003e+02
2.062119999999999891e+02
2.071020000000000039e+02
2.074722999999999900e+02
2.078559999999999945e+02
2.078559999999999945e+02
2.081579000000000121e+02
2.082142000000000053e+02
2.082401000000000124e+02
2.084331999999999994e+02
2.087443000000000097e+02
2.090115000000000123e+02
2.092152000000000100e+02
2.093024000000000058e+02
2.097616999999999905e+02
2.100937999999999874e+02
2.102950999999999908e+02
2.103126000000000033e+02
2.103759000000000015e+02
2.103962999999999965e+02
2.104865000000000066e+02
2.105918000000000063e+02
2.109081999999999937e+02
2.114709000000000003e+02
2.114709000000000003e+02
2.114709000000000003e+02
2.114709000000000003e+02
2.116966999999999928e+02
2.117276999999999987e+02
2.120653000000000077e+02
2.121014999999999873e+02
2.123401000000000067e+02
2.125738000000000056e+02
2.125910000000000082e+02
2.133089999999999975e+02
2.136527000000000100e+02
2.138487000000000080e+02
2.139173999999999864e+02
2.140520999999999958e+02
2.142152000000000100e+02
2.144379999999999882e+02
2.144639999999999986e+02
2.150860000000000127e+02
2.152669999999999959e+02
2.159909000000000106e+02
2.162817000000000007e+02
2.164363999999999919e+02
2.167053999999999974e+02
2.176377999999999986e+02
2.179192999999999927e+02
2.180780000000000030e+02
2.191716000000000122e+02
2.192646000000000015e+02
2.206877000000000066e+02
2.207698000000000036e+02
2.212572999999999865e+02
2.215341999999999985e+02
2.219030999999999949e+02
2.220900000000000034e+02
2.222075000000000102e+02
2.223832999999999913e+02
2.228716000000000008e+02
2.231702999999999975e+02
2.238816999999999950e+02
2.245953000000000088e+02
2.251673999999999864e+02
2.252912000000000035e+02
2.258429999999999893e+02
2.271384999999999934e+02
2.277189999999999941e+02
2.283867999999999938e+02
2.284257000000000062e+02
2.287378999999999962e+02
2.302168000000000063e+02
2.308819000000000017e+02
2.313385000000000105e+02
2.314362000000000137e+02
2.331277000000000044e+02
2.337659999999999911e+02
2.339996999999999900e+02
2.347286000000000001e+02
2.364500999999999920e+02
2.375140000000000100e+02
2.378329999999999984e+02
2.381321000000000083e+02
2.383382000000000005e+02
2.384900000000000091e+02
2.388739999999999952e+02
2.389939999999999998e+02
2.406250000000000000e+02
2.406578000000000088e+02
2.406948999999999899e+02
2.420149999999999864e+02
2.421409999999999911e+02
2.439362999999999886e+02
2.445343000000000018e+02
2.449627999999999872e+02
2.450589999999999975e+02
2.458180000000000121e+02
2.474499000000000137e+02
2.477462999999999909e+02
2.488040000000000020e+02
2.497230000000000132e+02
2.533220000000000027e+02
2.540409999999999968e+02
2.542860000000000014e+02
2.551279999999999859e+02
2.551510000000000105e+02
2.557199999999999989e+02
2.568220000000000027e+02
2.568410000000000082e+02
2.569639999999999986e+02
2.572160000000000082e+02
2.573095000000000141e+02
2.574431000000000154e+02
2.584089999999999918e+02
2.584169999999999732e+02
2.589839999999999804e+02
2.590419999999999732e+02
2.594467000000000212e+02
2.610210000000000150e+02
2.621352999999999724e+02
2.622020999999999731e+02
2.629044000000000096e+02
2.631689999999999827e+02
2.636209999999999809e+02
2.639879999999999995e+02
2.644189999999999827e+02
2.644594999999999914e+02
2.648570000000000277e+02
2.651170000000000186e+02
2.657278999999999769e+02
2.659479999999999791e+02
2.665077999999999747e+02
2.668589999999999804e+02
2.670280000000000200e+02
2.671750000000000114e+02
2.679429999999999836e+02
2.682559999999999718e+02
2.682979000000000269e+02
2.687110000000000127e+02
2.688550000000000182e+02
2.691324999999999932e+02
2.693399999999999750e+02
2.693720000000000141e+02
2.694329999999999927e+02
2.694859999999999900e+02
2.696229999999999905e+02
2.699128000000000043e+02
2.700400000000000205e+02
2.700930000000000177e+02
2.709886000000000195e+02
2.712309999999999945e+02
2.713220000000000027e+02
2.715059999999999718e+02
2.716612000000000080e+02
2.720919000000000096e+02
2.723419999999999845e+02
2.726279999999999859e+02
2.727300000000000182e+02
2.733530000000000086e+02
2.735670000000000073e+02
2.736616000000000213e+02
2.741320000000000050e+02
2.742359999999999900e+02
2.743369999999999891e+02
2.746669999999999732e+02
2.753020000000000209e+02
2.759630000000000223e+02
2.769549999999999841e+02
2.769669999999999845e+02
2.774859999999999900e+02
2.774979999999999905e+02
2.776102999999999952e+02
2.790960000000000036e+02
2.792860000000000014e+02
2.797719999999999914e+02
2.799504999999999768e+02
2.799979999999999905e+02
2.811739999999999782e+02
2.815729999999999791e+02
2.819569999999999936e+02
2.826390000000000100e+02
2.833661999999999921e+02
2.834739999999999895e+02
2.837062000000000239e+02
2.838059999999999832e+02
2.840169999999999959e+02
2.844359999999999786e+02
2.845419999999999732e+02
2.849030000000000200e+02
2.849359999999999786e+02
2.852810000000000059e+02
2.869966000000000008e+02
2.870649999999999977e+02
2.876820000000000164e+02
2.887577999999999747e+02
2.893109999999999786e+02
2.906080000000000041e+02
2.916840000000000259e+02
2.917490000000000236e+02
2.919089999999999918e+02
2.927850000000000250e+02
2.935470000000000255e+02
2.937169999999999845e+02
2.949800000000000182e+02
2.952339999999999804e+02
2.956639999999999873e+02
2.961730000000000018e+02
2.963550000000000182e+02
2.969830000000000041e+02
2.970059999999999718e+02
2.970500000000000114e+02
2.977479999999999905e+02
2.978919999999999959e+02
2.980049999999999955e+02
2.981890000000000214e+02
2.986259999999999764e+02
3.004619999999999891e+02
3.006250000000000000e+02
3.006379999999999768e+02
3.012629999999999768e+02
3.014200000000000159e+02
3.020720000000000027e+02
3.021349999999999909e+02
3.028919999999999959e+02
3.030400000000000205e+02
3.031800000000000068e+02
3.037269999999999754e+02
3.046720000000000255e+02
3.055729999999999791e+02
3.061000000000000227e+02
3.065520000000000209e+02
3.086240000000000236e+02
3.095699999999999932e+02
3.095969999999999800e+02
3.096720000000000255e+02
3.100129999999999768e+02
3.107479999999999905e+02
3.109270000000000209e+02
3.111779999999999973e+02
3.121639999999999873e+02
3.126829999999999927e+02
3.130090000000000146e+02
3.130670000000000073e+02
3.132019999999999982e+02
3.132980000000000018e+02
3.134139999999999873e+02
3.134390000000000214e+02
3.137869999999999777e+02
3.139590000000000032e+02
3.140710000000000264e+02
3.149730000000000132e+02
3.156580000000000155e+02
3.157909999999999968e+02
3.158729999999999905e+02
3.160853000000000179e+02
3.164524000000000115e+02
3.165230000000000246e+02
3.166370000000000005e+02
3.166890000000000214e+02
3.167180000000000177e+02
3.179010000000000105e+02
3.182500000000000000e+02
3.182839999999999918e+02
3.183779999999999859e+02
3.187817999999999756e+02
3.192130000000000223e+02
3.192819999999999823e+02
3.212939999999999827e+02
3.215120000000000005e+02
3.223399999999999750e+02
3.224870000000000232e+02
3.229739999999999895e+02
3.232620000000000005e+02
3.235049999999999955e+02
3.237509999999999764e+02
3.241990000000000123e+02
3.251329999999999814e+02
3.255219999999999914e+02
3.261050000000000182e+02
3.270600000000000023e+02
3.272069999999999936e+02
3.273159999999999741e+02
3.273586000000000240e+02
3.273990000000000009e+02
3.279841999999999871e+02
3.280199999999999818e+02
3.283679999999999950e+02
3.285659999999999741e+02
3.286829999999999927e+02
3.289750000000000227e+02
3.298815000000000168e+02
3.306100000000000136e+02
3.307230000000000132e+02
3.314649999999999750e+02
3.315450000000000159e+02
3.319979999999999905e+02
3.323949999999999818e+02
3.327760000000000105e+02
3.335210000000000150e+02
3.335579999999999927e+02
3.339370000000000118e+02
3.341519999999999868e+02
3.345749999999999886e+02
3.351512000000000171e+02
3.354619999999999891e+02
3.355350000000000250e+02
3.357049999999999841e+02
3.358220000000000027e+02
3.360930000000000177e+02
3.361429999999999723e+02
3.364789999999999850e+02
3.368790000000000191e+02
3.371560000000000059e+02
3.374390000000000214e+02
3.375699999999999932e+02
3.377239999999999895e+02
3.378430000000000177e+02
3.388840000000000146e+02
3.389270000000000209e+02
3.390319999999999823e+02
3.392950000000000159e+02
3.394089999999999918e+02
3.397300000000000182e+02
3.400330000000000155e+02
3.405810000000000173e+02
3.411229999999999905e+02
3.411963999999999828e+02
3.415640000000000214e+02
3.431510000000000105e+02
3.438129999999999882e+02
3.439220000000000255e+02
3.448349999999999795e+02
3.456899999999999977e+02
3.458550000000000182e+02
3.459920000000000186e+02
3.464010000000000105e+02
3.472180000000000177e+02
3.479789999999999850e+02
3.480389999999999873e+02
3.482149999999999750e+02
3.484540000000000077e+02
3.497210000000000036e+02
3.498883000000000152e+02
3.506480000000000246e+02
3.506669999999999732e+02
3.510319999999999823e+02
3.511460000000000150e+02
3.520609999999999786e+02
3.526820000000000164e+02
3.532058000000000106e+02
3.534230000000000018e+02
3.536170000000000186e+02
3.543629999999999995e+02
3.548690000000000282e+02
3.550749999999999886e+02
3.551469999999999914e+02
3.552959999999999923e+02
3.554673999999999978e+02
3.557620000000000005e+02
3.559855000000000018e+02
3.564440999999999917e+02
3.565727999999999724e+02
3.567119999999999891e+02
3.569900000000000091e+02
3.573489999999999895e+02
3.574100000000000250e+02
3.576809999999999832e+02
3.577128999999999905e+02
3.577869999999999777e+02
3.585889999999999986e+02
3.587309999999999945e+02
3.588394000000000119e+02
3.588999999999999773e+02
3.597422000000000253e+02
3.602219999999999800e+02
3.603525000000000205e+02
3.612919999999999732e+02
3.614130000000000109e+02
3.615799999999999841e+02
3.619565000000000055e+02
3.624889999999999759e+02
3.635190000000000055e+02
3.643792000000000257e+02
3.644648000000000252e+02
3.648269999999999982e+02
3.649735999999999763e+02
3.650221000000000231e+02
3.654207000000000107e+02
3.660667000000000257e+02
3.661066999999999894e+02
3.662239999999999895e+02
3.664689999999999941e+02
3.665579000000000178e+02
3.672320000000000277e+02
3.675769999999999982e+02
3.685355999999999881e+02
3.687955000000000041e+02
3.690088000000000079e+02
3.691870000000000118e+02
3.698509999999999991e+02
3.699220000000000255e+02
3.702724999999999795e+02
3.710319999999999823e+02
3.710573999999999728e+02
3.715711999999999762e+02
3.720310999999999808e+02
3.721152000000000157e+02
3.726399000000000115e+02
3.727536000000000058e+02
3.727536000000000058e+02
3.730507000000000062e+02
3.732320000000000277e+02
3.733176000000000272e+02
3.743036000000000172e+02
3.747040000000000077e+02
3.751666999999999916e+02
3.752669999999999959e+02
3.761347000000000094e+02
3.765389000000000124e+02
3.765459999999999923e+02
3.767789999999999964e+02
3.767889999999999873e+02
3.775086999999999762e+02
3.780645999999999844e+02
3.781245999999999867e+02
3.781610000000000014e+02
3.787264999999999873e+02
3.790520999999999958e+02
3.792479999999999905e+02
3.795677999999999770e+02
3.796798999999999751e+02
3.818659999999999854e+02
3.821283000000000243e+02
3.823489999999999895e+02
3.825690000000000168e+02
3.828802999999999770e+02
3.830317000000000007e+02
3.831175000000000068e+02
3.837049999999999841e+02
3.837850000000000250e+02
3.838113999999999919e+02
3.843491999999999962e+02
3.844110000000000014e+02
3.848100000000000023e+02
3.850339999999999918e+02
3.864970000000000141e+02
3.865439999999999827e+02
3.878700000000000045e+02
3.880149999999999864e+02
3.886519999999999868e+02
3.891419999999999959e+02
3.892479999999999905e+02
3.901630000000000109e+02
3.908725999999999772e+02
3.911890999999999963e+02
3.917049999999999841e+02
3.918034000000000106e+02
3.921734000000000151e+02
3.922900000000000205e+02
3.926911000000000058e+02
3.928052999999999884e+02
3.930640000000000214e+02
3.932588999999999828e+02
3.935230000000000246e+02
3.935899999999999750e+02
3.959340000000000259e+02
3.964291999999999803e+02
3.966354000000000042e+02
3.967780000000000200e+02
3.969379999999999882e+02
3.972814000000000192e+02
3.974619999999999891e+02
3.975101999999999975e+02
3.976410000000000196e+02
3.982730000000000246e+02
3.989666000000000281e+02
3.992259999999999991e+02
4.000099999999999909e+02
4.008729999999999905e+02
4.013380000000000223e+02
4.017459999999999809e+02
4.018084999999999809e+02
4.018707999999999743e+02
4.019268999999999892e+02
4.025120000000000005e+02
4.026059999999999945e+02
4.028340000000000032e+02
4.030090000000000146e+02
4.030819999999999936e+02
4.031179999999999950e+02
4.033614999999999782e+02
4.034734000000000265e+02
4.037029999999999745e+02
4.037923000000000116e+02
4.043360000000000127e+02
4.044719999999999800e+02
4.045699999999999932e+02
4.046750000000000114e+02
4.049809999999999945e+02
4.051469999999999914e+02
4.051619999999999777e+02
4.056179999999999950e+02
4.056859999999999786e+02
4.062679999999999723e+02
4.065310000000000059e+02
4.073849999999999909e+02
4.076080000000000041e+02
4.077679999999999723e+02
4.079460000000000264e+02
4.081419000000000210e+02
4.082370000000000232e+02
4.088265000000000100e+02
4.109560000000000173e+02
4.122620000000000005e+02
4.126598000000000184e+02
4.127545000000000073e+02
4.133256999999999834e+02
4.138602000000000203e+02
4.147814000000000192e+02
4.150369999999999777e+02
4.153809999999999718e+02
4.154537000000000262e+02
4.157409999999999854e+02
4.161999000000000137e+02
4.162379999999999995e+02
4.166469000000000165e+02
4.167529999999999859e+02
4.172529000000000110e+02
4.174046000000000163e+02
4.184499999999999886e+02
4.188740000000000236e+02
4.194683999999999742e+02
4.195939999999999941e+02
4.198491999999999962e+02
4.199447999999999865e+02
4.200269999999999868e+02
4.202640000000000100e+02
4.204730999999999881e+02
4.210169999999999959e+02
4.213070000000000164e+02
4.215049999999999955e+02
4.228949999999999818e+02
4.236890000000000214e+02
4.237250000000000227e+02
4.240500000000000114e+02
4.241530000000000200e+02
4.242389999999999759e+02
4.242880000000000109e+02
4.269220000000000255e+02
4.283399999999999750e+02
4.296000000000000227e+02
4.304100000000000250e+02
4.318294999999999959e+02
4.342350000000000136e+02
4.343901000000000181e+02
4.349110000000000014e+02
4.360969999999999800e+02
4.362040000000000077e+02
4.367679999999999723e+02
4.381009999999999991e+02
4.408625000000000114e+02
4.414279999999999973e+02
4.421700000000000159e+02
4.428480000000000132e+02
4.432730000000000246e+02
4.444250000000000114e+02
4.458679999999999950e+02
4.468159999999999741e+02
4.471560000000000059e+02
4.471809999999999832e+02
4.498229999999999791e+02
4.508380000000000223e+02
4.537019999999999982e+02
4.543489999999999895e+02
4.554289999999999736e+02
4.556410000000000196e+02
4.556800000000000068e+02
4.562916000000000167e+02
4.570527999999999906e+02
4.570527999999999906e+02
4.576800000000000068e+02
4.583570000000000277e+02
4.591840000000000259e+02
4.603860000000000241e+02
4.605710000000000264e+02
4.610260999999999854e+02
4.627710000000000150e+02
4.635280000000000200e+02
4.646129999999999995e+02
4.684730000000000132e+02
4.689110000000000014e+02
4.689759999999999991e+02
4.709110000000000014e+02
4.711399999999999864e+02
4.713240000000000123e+02
4.718940000000000055e+02
4.720439999999999827e+02
4.733650000000000091e+02
4.740810000000000173e+02
4.764110000000000014e+02
4.773639999999999759e+02
4.786259999999999764e+02
4.790009999999999764e+02
4.807210000000000036e+02
4.810810000000000173e+02
4.816390000000000100e+02
4.816979999999999791e+02
4.825640000000000214e+02
4.829390000000000214e+02
4.840129999999999768e+02
4.852719999999999914e+02
4.867420000000000186e+02
4.882599999999999909e+02
4.884959999999999809e+02
4.996150000000000091e+02
5.012860000000000014e+02
5.047989999999999782e+02
5.061800000000000068e+02
5.066320000000000050e+02
5.066630000000000109e+02
5.071669999999999732e+02
5.075389999999999873e+02
5.079669999999999845e+02
5.086680000000000064e+02
5.113690000000000282e+02
5.116669999999999732e+02
5.121849999999999454e+02
5.134829999999999472e+02
5.156889999999999645e+02
5.159439999999999600e+02
5.160109999999999673e+02
5.162430000000000518e+02
5.167400000000000091e+02
5.180430000000000064e+02
5.185140000000000100e+02
5.188469999999999800e+02
5.193049999999999500e+02
5.202599999999999909e+02
5.210750000000000455e+02
5.226380000000000337e+02
5.244930000000000518e+02
5.278880000000000337e+02
5.281520000000000437e+02
5.296290000000000191e+02
5.298260000000000218e+02
5.303450000000000273e+02
5.312880000000000109e+02
5.322740000000000009e+02
5.332319999999999709e+02
5.339909999999999854e+02
5.351580000000000155e+02
5.351839999999999691e+02
5.352390000000000327e+02
5.353410000000000082e+02
5.364049999999999727e+02
5.364840000000000373e+02
5.370879999999999654e+02
5.383869999999999436e+02
5.386639999999999873e+02
5.388150000000000546e+02
5.392680000000000291e+02
5.397380000000000564e+02
5.406630000000000109e+02
5.409120000000000346e+02
5.415439999999999827e+02
5.423369999999999891e+02
5.427870000000000346e+02
5.429930000000000518e+02
5.439270000000000209e+02
5.441920000000000073e+02
5.450080000000000382e+02
5.476440000000000055e+02
5.478920000000000528e+02
5.479850000000000136e+02
5.482350000000000136e+02
5.482680000000000291e+02
5.487609999999999673e+02
5.503650000000000091e+02
5.509400000000000546e+02
5.518640000000000327e+02
5.519579999999999700e+02
5.529950000000000045e+02
5.533840000000000146e+02
5.538999999999999773e+02
5.546860000000000355e+02
5.613669999999999618e+02
5.621699999999999591e+02
5.625090000000000146e+02
5.666079999999999472e+02
5.667849999999999682e+02
5.682480000000000473e+02
5.687000000000000455e+02
5.710470000000000255e+02
5.737290000000000418e+02
5.799349999999999454e+02
5.848940000000000055e+02
5.869900000000000091e+02
5.871130000000000564e+02
5.881430000000000291e+02
5.887250000000000227e+02
5.902730000000000246e+02
5.926770000000000209e+02
5.936839999999999691e+02
5.957000000000000455e+02
5.985890000000000555e+02
5.997029999999999745e+02
6.002709999999999582e+02
6.027029999999999745e+02
6.034279999999999973e+02
6.047519999999999527e+02
6.050910000000000082e+02
6.064519999999999982e+02
6.122519999999999527e+02
6.123600000000000136e+02
6.126539999999999964e+02
6.129139999999999873e+02
6.136250000000000000e+02
6.142160000000000082e+02
6.144900000000000091e+02
6.157309999999999945e+02
6.159410000000000309e+02
6.161900000000000546e+02
6.191109999999999900e+02
6.194669999999999845e+02
6.214769999999999754e+02
6.216409999999999627e+02
6.258990000000000009e+02
6.268790000000000191e+02
6.301399999999999864e+02
6.306079999999999472e+02
6.314769999999999754e+02
6.316459999999999582e+02
6.323099999999999454e+02
6.342110000000000127e+02
6.346970000000000027e+02
6.408769999999999527e+02
6.427949999999999591e+02
6.436109999999999900e+02
6.447519999999999527e+02
6.453400000000000318e+02
6.459410000000000309e+02
6.472000000000000455e+02
6.486140000000000327e+02
6.491430000000000291e+02
6.494890000000000327e+02
6.505059999999999718e+02
6.508160000000000309e+02
6.552350000000000136e+02
6.571240000000000236e+02
6.578379999999999654e+02
6.593809999999999718e+02
6.598529999999999518e+02
6.600660000000000309e+02
6.605090000000000146e+02
6.622390000000000327e+02
6.679850000000000136e+02
6.690030000000000427e+02
6.703970000000000482e+02
6.711459999999999582e+02
6.719729999999999563e+02
6.754589999999999463e+02
6.764249999999999545e+02
6.771029999999999518e+02
6.774759999999999991e+02
6.789020000000000437e+02
6.792720000000000482e+02
6.830660000000000309e+02
6.834779999999999518e+02
6.847219999999999800e+02
6.848229999999999791e+02
6.848859999999999673e+02
6.851150000000000091e+02
6.854450000000000500e+02
6.890190000000000055e+02
6.902490000000000236e+02
6.906259999999999764e+02
6.909279999999999973e+02
6.918780000000000427e+02
6.934289999999999736e+02
6.950380000000000109e+02
6.955760000000000218e+02
6.968360000000000127e+02
6.977830000000000155e+02
6.992770000000000437e+02
6.996250000000000000e+02
7.007390000000000327e+02
7.029339999999999691e+02
7.059310000000000400e+02
7.059909999999999854e+02
7.089249999999999545e+02
7.091380000000000337e+02
7.096420000000000528e+02
7.097549999999999955e+02
7.099660000000000082e+02
7.104869999999999663e+02
7.105679999999999836e+02
7.113640000000000327e+02
7.114779999999999518e+02
7.115480000000000018e+02
7.134919999999999618e+02
7.142709999999999582e+02
7.146440000000000055e+02
7.171069999999999709e+02
7.203600000000000136e+02
7.260170000000000528e+02
7.266760000000000446e+02
7.308220000000000027e+02
7.313630000000000564e+02
7.315739999999999554e+02
7.320099999999999909e+02
7.329840000000000373e+02
7.337989999999999782e+02
7.345979999999999563e+02
7.375529999999999973e+02
7.385660000000000309e+02
7.402939999999999827e+02
7.413429999999999609e+02
7.424790000000000418e+02
7.435149999999999864e+02
7.441910000000000309e+02
7.469629999999999654e+02
7.481639999999999873e+02
7.517770000000000437e+02
7.520019999999999527e+02
7.542699999999999818e+02
7.546670000000000300e+02
7.553540000000000418e+02
7.556779999999999973e+02
7.560529999999999973e+02
7.562169999999999845e+02
7.564199999999999591e+02
7.609239999999999782e+02
7.614180000000000064e+02
7.623269999999999982e+02
7.660710000000000264e+02
7.692949999999999591e+02
7.706390000000000100e+02
7.710539999999999736e+02
7.768690000000000282e+02
7.818469999999999800e+02
7.821499999999999773e+02
7.825090000000000146e+02
7.828869999999999436e+02
7.851509999999999536e+02
7.872160000000000082e+02
7.878419999999999845e+02
7.884349999999999454e+02
7.900149999999999864e+02
7.910639999999999645e+02
7.942649999999999864e+02
7.946799999999999500e+02
7.958849999999999909e+02
7.962169999999999845e+02
7.965819999999999936e+02
8.007469999999999573e+02
8.048260000000000218e+02
8.055270000000000437e+02
8.057509999999999764e+02
8.057980000000000018e+02
8.060299999999999727e+02
8.065309999999999491e+02
8.072300000000000182e+02
8.116509999999999536e+02
8.122400000000000091e+02
8.135230000000000246e+02
8.154819999999999709e+02
8.191019999999999754e+02
8.196979999999999791e+02
8.203980000000000246e+02
8.214790000000000418e+02
8.242640000000000100e+02
8.286090000000000373e+02
8.308179999999999836e+02
8.334729999999999563e+02
8.372530000000000427e+02
8.391720000000000255e+02
8.416309999999999718e+02
8.455489999999999782e+02
8.466979999999999791e+02
8.500769999999999982e+02
8.586570000000000391e+02
8.737259999999999991e+02
8.751879999999999882e+02
8.788640000000000327e+02
8.807400000000000091e+02
8.838519999999999754e+02
8.901960000000000264e+02
